Australia, Exposure to risk (period 1x10), 	Last modified: 26 Sep 2017;  Methods Protocol: v6 (2017)

  Year          Age             Female            Male           Total
1921-1929        0            570597.82       594760.88      1165358.70
1921-1929        1            559186.49       580183.13      1139369.63
1921-1929        2            553329.77       573211.71      1126541.48
1921-1929        3            549287.36       568762.26      1118049.62
1921-1929        4            545983.14       565060.76      1111043.90
1921-1929        5            542789.17       562237.36      1105026.52
1921-1929        6            540999.87       560478.85      1101478.72
1921-1929        7            538867.41       557358.73      1096226.14
1921-1929        8            534668.88       551960.73      1086629.61
1921-1929        9            530537.22       545900.47      1076437.69
1921-1929       10            527447.15       541645.43      1069092.58
1921-1929       11            525000.01       538247.95      1063247.96
1921-1929       12            520787.81       533426.26      1054214.07
1921-1929       13            513847.45       525685.92      1039533.38
1921-1929       14            504837.51       516317.27      1021154.77
1921-1929       15            493000.95       506649.11       999650.06
1921-1929       16            480305.69       496965.57       977271.26
1921-1929       17            467958.71       486795.80       954754.51
1921-1929       18            456803.30       477265.31       934068.61
1921-1929       19            448076.09       469361.78       917437.87
1921-1929       20            441323.27       462125.85       903449.11
1921-1929       21            435592.13       454935.44       890527.57
1921-1929       22            430524.55       447786.61       878311.16
1921-1929       23            426696.87       440789.29       867486.16
1921-1929       24            424992.38       434510.50       859502.89
1921-1929       25            424615.75       429603.23       854218.97
1921-1929       26            425463.78       426270.01       851733.80
1921-1929       27            427096.31       423795.04       850891.35
1921-1929       28            428223.64       422049.52       850273.15
1921-1929       29            428353.29       420748.39       849101.67
1921-1929       30            427344.41       419669.13       847013.55
1921-1929       31            425845.13       419440.29       845285.42
1921-1929       32            423942.06       420789.94       844732.00
1921-1929       33            420300.27       421568.85       841869.12
1921-1929       34            415048.22       420359.23       835407.45
1921-1929       35            408475.23       417788.11       826263.34
1921-1929       36            400491.55       413088.95       813580.49
1921-1929       37            390509.88       406153.82       796663.70
1921-1929       38            379281.67       396470.46       775752.13
1921-1929       39            368093.31       386357.03       754450.34
1921-1929       40            357633.97       375866.72       733500.69
1921-1929       41            346211.56       364590.11       710801.67
1921-1929       42            334217.69       352881.93       687099.61
1921-1929       43            321712.84       341174.95       662887.80
1921-1929       44            309516.25       329087.55       638603.79
1921-1929       45            298009.64       317260.20       615269.84
1921-1929       46            287726.49       306149.95       593876.44
1921-1929       47            278178.95       296061.40       574240.36
1921-1929       48            269106.21       286426.87       555533.08
1921-1929       49            260015.09       277838.57       537853.67
1921-1929       50            251307.27       269414.96       520722.23
1921-1929       51            243827.52       262298.54       506126.06
1921-1929       52            237058.03       255962.95       493020.98
1921-1929       53            230339.58       249671.05       480010.63
1921-1929       54            223071.61       243695.34       466766.95
1921-1929       55            216125.69       237594.39       453720.08
1921-1929       56            209252.00       232080.32       441332.32
1921-1929       57            202848.65       226507.63       429356.28
1921-1929       58            196377.40       220128.42       416505.82
1921-1929       59            189035.44       213063.84       402099.28
1921-1929       60            181856.45       205010.19       386866.64
1921-1929       61            174009.93       196854.98       370864.92
1921-1929       62            165728.38       188673.32       354401.70
1921-1929       63            157428.82       179267.34       336696.17
1921-1929       64            148964.01       168892.65       317856.65
1921-1929       65            139828.27       157836.20       297664.47
1921-1929       66            129985.60       146494.83       276480.44
1921-1929       67            119843.93       134863.18       254707.11
1921-1929       68            109738.65       122427.60       232166.25
1921-1929       69             99517.75       110433.02       209950.77
1921-1929       70             90033.73        98759.07       188792.80
1921-1929       71             81053.79        88178.25       169232.04
1921-1929       72             72992.69        78666.39       151659.08
1921-1929       73             64767.77        68883.85       133651.61
1921-1929       74             57488.53        60207.14       117695.66
1921-1929       75             51341.13        52475.63       103816.75
1921-1929       76             46033.95        45988.93        92022.88
1921-1929       77             41585.18        40536.93        82122.11
1921-1929       78             37226.55        35425.08        72651.63
1921-1929       79             32848.29        30624.79        63473.07
1921-1929       80             30667.91        27580.13        58248.04
1921-1929       81             26930.28        23771.49        50701.77
1921-1929       82             23480.38        20400.73        43881.11
1921-1929       83             19968.84        17186.60        37155.44
1921-1929       84             16704.78        14294.51        30999.29
1921-1929       85             13754.81        11569.87        25324.68
1921-1929       86             11187.46         9190.81        20378.27
1921-1929       87              8939.82         7246.87        16186.69
1921-1929       88              7024.10         5729.53        12753.63
1921-1929       89              5485.95         4467.72         9953.67
1921-1929       90              4246.46         3363.35         7609.81
1921-1929       91              3276.77         2534.30         5811.07
1921-1929       92              2552.06         1926.30         4478.36
1921-1929       93              1924.29         1412.47         3336.76
1921-1929       94              1407.94         1015.89         2423.83
1921-1929       95               998.97          716.43         1715.40
1921-1929       96               668.84          493.84         1162.68
1921-1929       97               420.09          328.13          748.22
1921-1929       98               246.84          221.46          468.29
1921-1929       99               143.05          152.70          295.74
1921-1929      100                98.63          100.91          199.55
1921-1929      101                72.31           72.82          145.13
1921-1929      102                45.31           56.72          102.03
1921-1929      103                27.61           40.93           68.54
1921-1929      104                16.81           28.67           45.47
1921-1929      105                 9.16           18.54           27.70
1921-1929      106                 5.70           13.68           19.38
1921-1929      107                 2.70           12.50           15.20
1921-1929      108                 1.00           10.12           11.12
1921-1929      109                 0.74            6.42            7.16
1921-1929      110+                0.24            5.88            6.12
1930-1939        0            554375.44       579056.08      1133431.52
1930-1939        1            550397.50       574204.87      1124602.37
1930-1939        2            552264.55       576015.55      1128280.10
1930-1939        3            556928.02       580053.94      1136981.96
1930-1939        4            564687.15       587737.85      1152425.00
1930-1939        5            575178.64       597457.12      1172635.76
1930-1939        6            586278.39       607756.43      1194034.83
1930-1939        7            597952.10       618229.51      1216181.61
1930-1939        8            608413.73       627964.29      1236378.02
1930-1939        9            615285.12       634435.81      1249720.93
1930-1939       10            617101.28       635778.53      1252879.81
1930-1939       11            615759.85       633836.81      1249596.66
1930-1939       12            614030.08       631255.26      1245285.35
1930-1939       13            612529.14       630103.14      1242632.28
1930-1939       14            611380.00       629128.57      1240508.57
1930-1939       15            610873.72       628870.87      1239744.59
1930-1939       16            610430.13       628203.57      1238633.69
1930-1939       17            607717.31       625290.85      1233008.16
1930-1939       18            602750.02       619999.67      1222749.69
1930-1939       19            596672.02       613768.88      1210440.89
1930-1939       20            592139.97       609889.69      1202029.66
1930-1939       21            588540.89       606863.79      1195404.68
1930-1939       22            583475.86       603021.25      1186497.10
1930-1939       23            576162.56       598225.36      1174387.92
1930-1939       24            565797.85       591634.26      1157432.11
1930-1939       25            552884.91       583050.32      1135935.23
1930-1939       26            538583.13       572702.65      1111285.78
1930-1939       27            525847.78       562570.62      1088418.40
1930-1939       28            515513.68       553392.18      1068905.86
1930-1939       29            506954.39       544590.07      1051544.46
1930-1939       30            499552.09       535566.67      1035118.75
1930-1939       31            492453.33       525494.80      1017948.14
1930-1939       32            485548.50       515270.90      1000819.40
1930-1939       33            480338.13       504993.53       985331.66
1930-1939       34            477082.61       495264.78       972347.38
1930-1939       35            474774.96       486776.03       961550.99
1930-1939       36            473569.15       480339.98       953909.13
1930-1939       37            473145.33       475661.38       948806.71
1930-1939       38            471524.99       471236.92       942761.91
1930-1939       39            468183.20       466488.81       934672.01
1930-1939       40            464507.40       462052.72       926560.12
1930-1939       41            461055.10       459297.60       920352.70
1930-1939       42            457162.55       456750.74       913913.28
1930-1939       43            450820.50       453254.08       904074.58
1930-1939       44            443800.80       448934.97       892735.76
1930-1939       45            434832.78       442887.80       877720.58
1930-1939       46            423718.02       435099.58       858817.60
1930-1939       47            411199.51       424758.84       835958.35
1930-1939       48            397924.99       413336.55       811261.53
1930-1939       49            384623.54       401063.00       785686.54
1930-1939       50            371124.30       387569.45       758693.75
1930-1939       51            356828.24       373073.18       729901.42
1930-1939       52            342329.22       358049.20       700378.43
1930-1939       53            327851.30       342647.32       670498.62
1930-1939       54            314174.38       327870.28       642044.67
1930-1939       55            301517.94       313192.17       614710.11
1930-1939       56            289786.78       299236.67       589023.46
1930-1939       57            279059.19       286431.20       565490.39
1930-1939       58            268708.50       274228.00       542936.49
1930-1939       59            258132.08       262474.50       520606.58
1930-1939       60            247899.27       251417.61       499316.88
1930-1939       61            238892.84       241312.53       480205.37
1930-1939       62            230365.06       232258.27       462623.33
1930-1939       63            221716.62       223031.56       444748.18
1930-1939       64            212864.06       214377.10       427241.16
1930-1939       65            204231.81       205471.34       409703.15
1930-1939       66            195084.32       196624.63       391708.94
1930-1939       67            186033.45       188222.21       374255.66
1930-1939       68            176409.62       178377.58       354787.20
1930-1939       69            166234.79       168429.19       334663.98
1930-1939       70            155804.43       157747.66       313552.09
1930-1939       71            145333.44       146776.97       292110.41
1930-1939       72            134452.81       135598.60       270051.41
1930-1939       73            123699.20       123621.89       247321.09
1930-1939       74            112801.80       111849.55       224651.35
1930-1939       75            101168.97        99393.14       200562.10
1930-1939       76             89417.74        87065.15       176482.89
1930-1939       77             78718.05        75118.75       153836.80
1930-1939       78             68389.07        64214.26       132603.33
1930-1939       79             58612.86        54064.55       112677.41
1930-1939       80             52753.71        48162.09       100915.80
1930-1939       81             44861.81        40192.89        85054.70
1930-1939       82             37857.65        33129.04        70986.69
1930-1939       83             31353.47        26531.71        57885.18
1930-1939       84             25626.47        20841.25        46467.71
1930-1939       85             20758.85        16261.50        37020.35
1930-1939       86             16702.29        12733.74        29436.03
1930-1939       87             13316.35         9861.88        23178.23
1930-1939       88             10555.26         7542.81        18098.07
1930-1939       89              8217.14         5685.70        13902.84
1930-1939       90              6233.56         4219.95        10453.51
1930-1939       91              4686.14         3127.62         7813.76
1930-1939       92              3489.23         2326.61         5815.85
1930-1939       93              2528.29         1704.12         4232.42
1930-1939       94              1813.11         1222.63         3035.74
1930-1939       95              1273.61          851.52         2125.13
1930-1939       96               864.76          576.18         1440.95
1930-1939       97               560.15          384.66          944.81
1930-1939       98               342.46          249.01          591.46
1930-1939       99               201.35          156.99          358.34
1930-1939      100               114.56          103.37          217.93
1930-1939      101                70.12           73.97          144.09
1930-1939      102                48.90           56.53          105.43
1930-1939      103                30.30           39.89           70.19
1930-1939      104                15.58           26.43           42.02
1930-1939      105                 7.67           14.96           22.63
1930-1939      106                 3.18            7.36           10.53
1930-1939      107                 1.77            4.74            6.51
1930-1939      108                 1.48            3.72            5.20
1930-1939      109                 0.75            2.47            3.22
1930-1939      110+                1.25            0.95            2.19
1940-1949        0            737567.34       771603.52      1509170.86
1940-1949        1            703945.10       734887.47      1438832.57
1940-1949        2            673301.73       701863.93      1375165.67
1940-1949        3            643133.38       669244.96      1312378.34
1940-1949        4            617755.24       641313.95      1259069.19
1940-1949        5            594728.78       616935.07      1211663.85
1940-1949        6            574379.08       595732.76      1170111.83
1940-1949        7            559434.02       580062.49      1139496.51
1940-1949        8            549062.99       569366.12      1118429.11
1940-1949        9            544709.58       564985.31      1109694.90
1940-1949       10            545024.23       565421.78      1110446.02
1940-1949       11            547464.53       568314.73      1115779.25
1940-1949       12            551733.18       571787.52      1123520.70
1940-1949       13            557974.51       576429.22      1134403.73
1940-1949       14            566734.05       583789.55      1150523.60
1940-1949       15            578255.12       593108.26      1171363.38
1940-1949       16            589904.68       603081.76      1192986.44
1940-1949       17            602028.24       613430.06      1215458.30
1940-1949       18            612239.76       622914.45      1235154.21
1940-1949       19            618237.66       628059.83      1246297.49
1940-1949       20            619608.87       629387.16      1248996.03
1940-1949       21            617017.41       627549.83      1244567.24
1940-1949       22            614413.84       623999.73      1238413.58
1940-1949       23            612663.17       620227.43      1232890.60
1940-1949       24            611364.49       616252.90      1227617.39
1940-1949       25            611183.41       613271.53      1224454.93
1940-1949       26            610741.45       611351.08      1222092.53
1940-1949       27            607953.51       607586.37      1215539.88
1940-1949       28            602362.46       602043.56      1204406.02
1940-1949       29            595886.53       596087.25      1191973.78
1940-1949       30            590351.44       592444.20      1182795.64
1940-1949       31            585525.17       590639.50      1176164.66
1940-1949       32            580034.40       588847.01      1168881.42
1940-1949       33            571446.40       585504.95      1156951.35
1940-1949       34            560282.45       580566.14      1140848.59
1940-1949       35            546518.61       572451.94      1118970.55
1940-1949       36            531241.45       561931.46      1093172.91
1940-1949       37            517430.65       551527.59      1068958.24
1940-1949       38            505921.04       541422.93      1047343.97
1940-1949       39            496484.66       532069.41      1028554.06
1940-1949       40            488508.27       522369.72      1010877.98
1940-1949       41            480184.95       511871.87       992056.83
1940-1949       42            472129.30       500596.88       972726.18
1940-1949       43            465793.79       489371.27       955165.05
1940-1949       44            461488.22       478466.11       939954.33
1940-1949       45            457982.09       468729.72       926711.82
1940-1949       46            456101.32       460417.75       916519.07
1940-1949       47            454227.04       453737.63       907964.67
1940-1949       48            451480.84       447611.22       899092.06
1940-1949       49            447213.57       440662.68       887876.25
1940-1949       50            441936.64       434105.55       876042.19
1940-1949       51            437134.31       429051.14       866185.45
1940-1949       52            431291.93       423703.07       854994.99
1940-1949       53            423623.90       417256.27       840880.17
1940-1949       54            414553.93       409761.73       824315.67
1940-1949       55            404534.07       401166.79       805700.85
1940-1949       56            392994.96       391103.54       784098.50
1940-1949       57            379301.79       378638.60       757940.39
1940-1949       58            365228.69       364667.49       729896.18
1940-1949       59            350801.30       349770.08       700571.38
1940-1949       60            336670.92       333621.80       670292.71
1940-1949       61            321950.55       316223.79       638174.34
1940-1949       62            306726.28       298748.70       605474.99
1940-1949       63            291122.69       281071.31       572193.99
1940-1949       64            275971.43       263569.48       539540.91
1940-1949       65            261233.39       246733.30       507966.69
1940-1949       66            247525.82       230625.35       478151.17
1940-1949       67            234472.13       216170.62       450642.75
1940-1949       68            221496.21       201767.56       423263.77
1940-1949       69            207944.96       188013.09       395958.05
1940-1949       70            194834.66       175078.49       369913.15
1940-1949       71            183027.72       163749.05       346776.77
1940-1949       72            171997.55       152619.49       324617.04
1940-1949       73            160498.22       141094.63       301592.85
1940-1949       74            149094.13       130165.13       279259.26
1940-1949       75            137336.53       119358.00       256694.52
1940-1949       76            125987.95       108660.85       234648.80
1940-1949       77            114638.31        98459.32       213097.62
1940-1949       78            104038.32        87789.41       191827.73
1940-1949       79             92539.94        77291.68       169831.62
1940-1949       80             85469.16        70244.77       155713.93
1940-1949       81             74680.90        60743.88       135424.78
1940-1949       82             64476.98        51871.02       116348.00
1940-1949       83             54682.41        43221.27        97903.68
1940-1949       84             45526.59        35181.38        80707.96
1940-1949       85             36980.30        27827.08        64807.38
1940-1949       86             29311.71        21441.20        50752.91
1940-1949       87             22711.24        16118.74        38829.98
1940-1949       88             17345.60        11920.19        29265.79
1940-1949       89             12978.09         8689.51        21667.60
1940-1949       90              9519.55         6206.83        15726.38
1940-1949       91              6969.58         4408.50        11378.08
1940-1949       92              5049.03         3108.22         8157.25
1940-1949       93              3524.19         2115.01         5639.20
1940-1949       94              2391.09         1405.02         3796.11
1940-1949       95              1592.90          922.56         2515.46
1940-1949       96              1058.29          601.29         1659.58
1940-1949       97               687.05          386.79         1073.84
1940-1949       98               419.82          239.09          658.91
1940-1949       99               240.14          145.11          385.25
1940-1949      100               124.94           84.70          209.64
1940-1949      101                65.47           45.46          110.93
1940-1949      102                33.41           24.26           57.67
1940-1949      103                15.53           11.33           26.85
1940-1949      104                 4.56            3.31            7.87
1940-1949      105                 0.93            1.12            2.05
1940-1949      106                 0.49            0.76            1.25
1940-1949      107                 0.00            0.24            0.24
1940-1949      108                 0.00            0.27            0.27
1940-1949      109                 0.00            0.77            0.77
1940-1949      110+                0.00            0.47            0.47
1950-1959        0            990015.04      1037771.51      2027786.55
1950-1959        1            969305.45      1014565.65      1983871.10
1950-1959        2            958452.49      1003259.19      1961711.67
1950-1959        3            950661.13       994468.48      1945129.61
1950-1959        4            938488.76       981047.53      1919536.29
1950-1959        5            921833.87       963642.59      1885476.46
1950-1959        6            901884.47       942818.51      1844702.98
1950-1959        7            876849.18       916657.15      1793506.33
1950-1959        8            849348.48       888133.57      1737482.05
1950-1959        9            820136.11       857297.42      1677433.53
1950-1959       10            789456.46       824918.63      1614375.09
1950-1959       11            757955.31       791692.75      1549648.06
1950-1959       12            723752.65       755466.82      1479219.47
1950-1959       13            688608.45       717923.21      1406531.66
1950-1959       14            659526.07       686687.54      1346213.61
1950-1959       15            634224.83       659882.03      1294106.86
1950-1959       16            612048.12       637728.01      1249776.13
1950-1959       17            595675.78       623406.11      1219081.88
1950-1959       18            585881.12       615635.72      1201516.84
1950-1959       19            582679.52       614808.23      1197487.75
1950-1959       20            584323.93       620359.31      1204683.23
1950-1959       21            588591.26       630302.37      1218893.63
1950-1959       22            595235.11       641195.84      1236430.94
1950-1959       23            604252.11       653661.03      1257913.14
1950-1959       24            616688.05       670249.27      1286937.33
1950-1959       25            631309.37       688825.83      1320135.20
1950-1959       26            646683.96       707054.41      1353738.37
1950-1959       27            662033.11       723330.60      1385363.71
1950-1959       28            675271.01       735495.43      1410766.45
1950-1959       29            683569.23       741570.55      1425139.78
1950-1959       30            685914.50       740519.53      1426434.03
1950-1959       31            684274.91       733285.26      1417560.16
1950-1959       32            681174.03       723709.35      1404883.38
1950-1959       33            677349.24       713257.12      1390606.36
1950-1959       34            672750.48       703129.57      1375880.06
1950-1959       35            668517.68       694462.38      1362980.06
1950-1959       36            663549.39       687762.77      1351312.16
1950-1959       37            656085.63       679445.14      1335530.77
1950-1959       38            645719.62       669026.37      1314745.99
1950-1959       39            633942.74       658419.40      1292362.14
1950-1959       40            623926.15       650919.04      1274845.19
1950-1959       41            616219.35       646533.46      1262752.82
1950-1959       42            608003.92       642416.63      1250420.55
1950-1959       43            596842.47       635551.75      1232394.21
1950-1959       44            582129.40       625189.99      1207319.38
1950-1959       45            564167.67       611051.93      1175219.60
1950-1959       46            544613.99       593981.05      1138595.04
1950-1959       47            527026.70       576477.41      1103504.11
1950-1959       48            510015.31       558344.75      1068360.05
1950-1959       49            498304.04       541612.95      1039916.99
1950-1959       50            485924.42       524714.13      1010638.55
1950-1959       51            474348.98       507513.55       981862.53
1950-1959       52            463767.56       489837.54       953605.10
1950-1959       53            454707.75       472333.39       927041.14
1950-1959       54            447302.20       455350.79       902652.99
1950-1959       55            441094.43       439642.89       880737.32
1950-1959       56            436013.06       425903.88       861916.95
1950-1959       57            431313.81       413398.92       844712.74
1950-1959       58            425692.73       401645.22       827337.95
1950-1959       59            418449.85       389818.77       808268.62
1950-1959       60            410392.45       378981.88       789374.33
1950-1959       61            402565.79       368980.64       771546.42
1950-1959       62            393648.09       358236.19       751884.28
1950-1959       63            382829.02       346188.34       729017.36
1950-1959       64            370634.51       333094.32       703728.82
1950-1959       65            356930.47       318814.27       675744.74
1950-1959       66            342066.39       303727.08       645793.47
1950-1959       67            325423.82       287413.16       612836.98
1950-1959       68            307723.43       269040.47       576763.90
1950-1959       69            290320.38       250617.01       540937.39
1950-1959       70            273161.48       231737.72       504899.20
1950-1959       71            255067.39       213188.76       468256.15
1950-1959       72            236992.07       194837.97       431830.04
1950-1959       73            218537.38       176234.47       394771.86
1950-1959       74            200286.44       158231.66       358518.10
1950-1959       75            182944.69       141740.35       324685.04
1950-1959       76            166210.23       126107.68       292317.91
1950-1959       77            150832.41       112379.78       263212.19
1950-1959       78            135830.54        99226.73       235057.28
1950-1959       79            121028.34        86672.92       207701.26
1950-1959       80            113161.32        78823.13       191984.45
1950-1959       81             99933.11        68517.12       168450.23
1950-1959       82             87712.18        59136.20       146848.38
1950-1959       83             75484.75        50174.80       125659.55
1950-1959       84             63739.73        41811.84       105551.58
1950-1959       85             53033.91        34304.08        87337.99
1950-1959       86             43444.71        27665.82        71110.53
1950-1959       87             35031.80        21838.98        56870.77
1950-1959       88             27969.63        16983.08        44952.71
1950-1959       89             21864.58        12891.96        34756.54
1950-1959       90             16597.60         9573.47        26171.06
1950-1959       91             12428.08         7068.88        19496.96
1950-1959       92              9162.55         5098.73        14261.29
1950-1959       93              6521.66         3508.60        10030.26
1950-1959       94              4496.07         2359.80         6855.87
1950-1959       95              2984.14         1551.52         4535.66
1950-1959       96              1912.36          973.43         2885.79
1950-1959       97              1174.81          593.13         1767.94
1950-1959       98               677.39          351.18         1028.57
1950-1959       99               371.25          203.07          574.32
1950-1959      100               200.62          116.88          317.51
1950-1959      101               107.74           61.02          168.76
1950-1959      102                54.88           28.83           83.71
1950-1959      103                25.33           11.01           36.34
1950-1959      104                 8.93            3.17           12.10
1950-1959      105                 1.21            0.40            1.61
1950-1959      106                 0.00            0.00            0.00
1950-1959      107                 0.00            0.00            0.00
1950-1959      108                 0.00            0.00            0.00
1950-1959      109                 0.00            0.00            0.00
1950-1959      110+                0.00            0.00            0.00
1960-1969        0           1120349.69      1178778.02      2299127.72
1960-1969        1           1113236.98      1170233.14      2283470.12
1960-1969        2           1115170.46      1172289.35      2287459.81
1960-1969        3           1117482.80      1174217.88      2291700.67
1960-1969        4           1119156.21      1176050.20      2295206.41
1960-1969        5           1117588.27      1173787.55      2291375.83
1960-1969        6           1111602.66      1166759.06      2278361.73
1960-1969        7           1101997.84      1155851.68      2257849.52
1960-1969        8           1089016.20      1142135.85      2231152.04
1960-1969        9           1075802.02      1127501.70      2203303.72
1960-1969       10           1062815.23      1113360.11      2176175.33
1960-1969       11           1049055.16      1099265.43      2148320.59
1960-1969       12           1038968.99      1088613.84      2127582.84
1960-1969       13           1030015.84      1078621.47      2108637.31
1960-1969       14           1013983.88      1061498.49      2075482.36
1960-1969       15            993234.70      1039054.15      2032288.84
1960-1969       16            968665.59      1014304.18      1982969.77
1960-1969       17            939651.58       985615.71      1925267.29
1960-1969       18            912699.16       959306.70      1872005.86
1960-1969       19            887765.87       933546.26      1821312.13
1960-1969       20            860545.05       905265.88      1765810.93
1960-1969       21            831925.92       874610.22      1706536.15
1960-1969       22            799677.85       843394.47      1643072.32
1960-1969       23            767637.69       813822.36      1581460.05
1960-1969       24            743334.83       789791.24      1533126.08
1960-1969       25            723737.43       771165.90      1494903.33
1960-1969       26            707094.54       756287.17      1463381.71
1960-1969       27            695165.36       745343.16      1440508.51
1960-1969       28            686866.50       737368.71      1424235.21
1960-1969       29            683662.03       734139.48      1417801.51
1960-1969       30            683934.02       734797.53      1418731.55
1960-1969       31            685253.71       738239.73      1423493.44
1960-1969       32            688547.72       743689.80      1432237.52
1960-1969       33            693886.37       750741.45      1444627.81
1960-1969       34            702270.71       759722.85      1461993.56
1960-1969       35            713295.34       769665.89      1482961.23
1960-1969       36            724338.75       779386.88      1503725.63
1960-1969       37            734508.47       787458.77      1521967.23
1960-1969       38            742532.87       793434.91      1535967.78
1960-1969       39            745392.00       794300.73      1539692.73
1960-1969       40            742966.03       788033.61      1530999.64
1960-1969       41            735106.42       774274.24      1509380.66
1960-1969       42            724487.42       757848.17      1482335.60
1960-1969       43            714002.91       741557.91      1455560.82
1960-1969       44            704001.76       727300.21      1431301.96
1960-1969       45            694402.78       715223.51      1409626.29
1960-1969       46            684655.34       703536.24      1388191.58
1960-1969       47            672349.36       690221.70      1362571.07
1960-1969       48            656854.99       674252.02      1331107.01
1960-1969       49            640540.87       657860.46      1298401.33
1960-1969       50            625912.90       644565.40      1270478.30
1960-1969       51            614362.56       634262.89      1248625.45
1960-1969       52            602143.31       623666.99      1225810.29
1960-1969       53            587013.83       609664.45      1196678.28
1960-1969       54            568968.15       593244.24      1162212.39
1960-1969       55            548778.72       573613.45      1122392.17
1960-1969       56            527587.20       551119.66      1078706.86
1960-1969       57            508486.51       527899.99      1036386.50
1960-1969       58            491989.72       504805.21       996794.93
1960-1969       59            477053.56       482607.20       959660.76
1960-1969       60            462597.72       460226.58       922824.30
1960-1969       61            448964.38       438118.66       887083.03
1960-1969       62            435561.47       416570.26       852131.72
1960-1969       63            423913.91       394397.88       818311.80
1960-1969       64            412712.48       372535.11       785247.59
1960-1969       65            401958.10       351752.74       753710.84
1960-1969       66            392738.55       333260.52       725999.07
1960-1969       67            383748.77       316146.81       699895.58
1960-1969       68            372813.82       298870.20       671684.03
1960-1969       69            358743.43       281540.51       640283.94
1960-1969       70            343619.18       264452.87       608072.05
1960-1969       71            329507.40       248784.90       578292.30
1960-1969       72            315076.01       233640.65       548716.66
1960-1969       73            298026.10       217451.94       515478.04
1960-1969       74            279465.30       200905.94       480371.23
1960-1969       75            260013.62       184194.96       444208.58
1960-1969       76            239797.48       167112.70       406910.18
1960-1969       77            219026.22       150035.33       369061.55
1960-1969       78            198022.98       132793.64       330816.62
1960-1969       79            177803.20       116039.60       293842.80
1960-1969       80            166213.88       104534.48       270748.36
1960-1969       81            146607.58        89643.27       236250.84
1960-1969       82            127894.97        75969.51       203864.48
1960-1969       83            110081.30        63452.87       173534.16
1960-1969       84             93258.97        52172.52       145431.49
1960-1969       85             77781.65        42120.48       119902.12
1960-1969       86             64085.87        33591.57        97677.44
1960-1969       87             52104.03        26348.19        78452.23
1960-1969       88             41826.39        20324.88        62151.26
1960-1969       89             32960.88        15483.59        48444.47
1960-1969       90             25382.48        11613.87        36996.34
1960-1969       91             19307.67         8560.84        27868.51
1960-1969       92             14450.32         6231.82        20682.14
1960-1969       93             10457.18         4423.51        14880.69
1960-1969       94              7342.28         3019.96        10362.24
1960-1969       95              5010.07         2002.76         7012.82
1960-1969       96              3371.91         1287.03         4658.93
1960-1969       97              2228.03          806.63         3034.67
1960-1969       98              1413.97          488.20         1902.17
1960-1969       99               862.58          278.32         1140.90
1960-1969      100               508.84          165.32          674.16
1960-1969      101               289.66          100.48          390.14
1960-1969      102               158.40           57.05          215.45
1960-1969      103                83.56           30.01          113.57
1960-1969      104                38.08           13.86           51.94
1960-1969      105                17.62            6.01           23.62
1960-1969      106                10.35            2.89           13.24
1960-1969      107                 5.93            0.70            6.64
1960-1969      108                 4.10            0.00            4.10
1960-1969      109                 2.56            0.00            2.56
1960-1969      110+                0.72            0.00            0.72
1970-1979        0           1176729.18      1233559.82      2410289.00
1970-1979        1           1191058.50      1245703.46      2436761.96
1970-1979        2           1207923.35      1262420.20      2470343.55
1970-1979        3           1221600.40      1276920.85      2498521.25
1970-1979        4           1230485.05      1286984.62      2517469.67
1970-1979        5           1236269.59      1293460.51      2529730.09
1970-1979        6           1239612.01      1298411.76      2538023.77
1970-1979        7           1239419.39      1300247.59      2539666.97
1970-1979        8           1236294.74      1299059.82      2535354.56
1970-1979        9           1229701.33      1294114.22      2523815.55
1970-1979       10           1228314.57      1293820.44      2522135.01
1970-1979       11           1227446.34      1293043.68      2520490.03
1970-1979       12           1229796.72      1295627.76      2525424.48
1970-1979       13           1229483.18      1295748.17      2525231.36
1970-1979       14           1227461.05      1292872.31      2520333.36
1970-1979       15           1222006.43      1282742.66      2504749.09
1970-1979       16           1211308.70      1265445.32      2476754.02
1970-1979       17           1196462.78      1244148.99      2440611.77
1970-1979       18           1181622.74      1222858.95      2404481.69
1970-1979       19           1168812.53      1205233.02      2374045.55
1970-1979       20           1157170.93      1192998.36      2350169.29
1970-1979       21           1146372.42      1181302.57      2327674.98
1970-1979       22           1141511.18      1176102.43      2317613.61
1970-1979       23           1140138.65      1177019.89      2317158.54
1970-1979       24           1132711.21      1170023.44      2302734.65
1970-1979       25           1120002.27      1157859.20      2277861.46
1970-1979       26           1103090.97      1143282.75      2246373.71
1970-1979       27           1079246.15      1124430.77      2203676.92
1970-1979       28           1052874.20      1103078.16      2155952.35
1970-1979       29           1020895.20      1075619.30      2096514.49
1970-1979       30            988989.02      1046538.37      2035527.40
1970-1979       31            954468.56      1012947.50      1967416.07
1970-1979       32            918920.70       974893.35      1893814.04
1970-1979       33            881176.02       933566.72      1814742.75
1970-1979       34            851155.70       899927.52      1751083.21
1970-1979       35            828295.14       875648.29      1703943.43
1970-1979       36            808038.81       853534.34      1661573.15
1970-1979       37            789073.43       833996.99      1623070.42
1970-1979       38            776944.36       820993.12      1597937.48
1970-1979       39            767058.20       811434.99      1578493.18
1970-1979       40            761814.88       807135.03      1568949.91
1970-1979       41            752793.15       800799.24      1553592.39
1970-1979       42            750061.69       800010.09      1550071.78
1970-1979       43            748261.18       799697.26      1547958.44
1970-1979       44            748413.62       799025.31      1547438.93
1970-1979       45            754819.73       805917.13      1560736.86
1970-1979       46            761695.41       808828.86      1570524.26
1970-1979       47            766129.13       810927.88      1577057.01
1970-1979       48            769594.43       810541.54      1580135.97
1970-1979       49            767302.40       804801.09      1572103.49
1970-1979       50            762343.82       793313.88      1555657.69
1970-1979       51            744618.33       769578.31      1514196.64
1970-1979       52            729535.50       745910.04      1475445.54
1970-1979       53            713254.28       722112.92      1435367.20
1970-1979       54            697636.06       699804.69      1397440.74
1970-1979       55            682741.79       679578.78      1362320.57
1970-1979       56            670159.74       661103.40      1331263.14
1970-1979       57            653525.32       640413.72      1293939.05
1970-1979       58            636564.62       618224.48      1254789.10
1970-1979       59            617679.73       594548.89      1212228.62
1970-1979       60            607820.62       575274.70      1183095.32
1970-1979       61            592005.14       556684.55      1148689.69
1970-1979       62            579699.20       539699.51      1119398.71
1970-1979       63            562652.33       519344.02      1081996.35
1970-1979       64            542873.07       496453.36      1039326.43
1970-1979       65            521977.48       472219.59       994197.07
1970-1979       66            497039.18       445371.02       942410.20
1970-1979       67            473742.14       418887.86       892630.00
1970-1979       68            452672.66       392462.27       845134.93
1970-1979       69            428885.93       365076.05       793961.98
1970-1979       70            411774.43       339505.65       751280.08
1970-1979       71            390985.96       313383.71       704369.67
1970-1979       72            370087.49       286581.59       656669.08
1970-1979       73            349090.39       259914.54       609004.93
1970-1979       74            329140.56       234579.88       563720.45
1970-1979       75            309435.92       210919.58       520355.50
1970-1979       76            290226.22       188968.57       479194.79
1970-1979       77            271159.14       168517.85       439676.99
1970-1979       78            251654.96       149700.47       401355.43
1970-1979       79            228798.77       131079.43       359878.21
1970-1979       80            213605.58       116002.13       329607.71
1970-1979       81            194941.18       102363.29       297304.46
1970-1979       82            176318.58        89645.96       265964.53
1970-1979       83            156491.73        77085.68       233577.41
1970-1979       84            136328.40        65152.62       201481.02
1970-1979       85            116816.18        54312.66       171128.85
1970-1979       86             98423.31        44398.94       142822.25
1970-1979       87             81374.85        35418.37       116793.22
1970-1979       88             66298.02        27801.71        94099.73
1970-1979       89             52925.80        21307.06        74232.86
1970-1979       90             41390.73        15887.99        57278.72
1970-1979       91             31888.47        11688.75        43577.23
1970-1979       92             24019.04         8439.92        32458.96
1970-1979       93             17697.07         5903.92        23600.99
1970-1979       94             12734.38         4029.24        16763.62
1970-1979       95              8867.70         2698.87        11566.56
1970-1979       96              5998.02         1742.61         7740.63
1970-1979       97              3922.11         1093.63         5015.74
1970-1979       98              2478.21          687.12         3165.34
1970-1979       99              1514.55          412.66         1927.20
1970-1979      100               894.72          235.17         1129.89
1970-1979      101               519.32          137.04          656.36
1970-1979      102               293.29           82.65          375.93
1970-1979      103               152.76           49.53          202.28
1970-1979      104                70.58           25.40           95.98
1970-1979      105                31.88            9.32           41.21
1970-1979      106                14.31            3.70           18.00
1970-1979      107                 7.76            2.20            9.96
1970-1979      108                 5.21            1.50            6.71
1970-1979      109                 2.50            0.69            3.19
1970-1979      110+                0.34            0.00            0.34
1980-1989        0           1164228.87      1223966.46      2388195.33
1980-1989        1           1158005.54      1215909.12      2373914.66
1980-1989        2           1157464.36      1214862.35      2372326.71
1980-1989        3           1157477.13      1215131.25      2372608.37
1980-1989        4           1159923.02      1218054.86      2377977.87
1980-1989        5           1163943.11      1223139.60      2387082.70
1980-1989        6           1172541.72      1233557.42      2406099.13
1980-1989        7           1186358.53      1247296.30      2433654.83
1980-1989        8           1207090.23      1267738.15      2474828.38
1980-1989        9           1231706.31      1292460.31      2524166.62
1980-1989       10           1252152.92      1313289.06      2565441.98
1980-1989       11           1270310.99      1332192.49      2602503.48
1980-1989       12           1283660.05      1345656.29      2629316.35
1980-1989       13           1294080.82      1355914.09      2649994.91
1980-1989       14           1299869.47      1361729.77      2661599.25
1980-1989       15           1302732.90      1364505.41      2667238.32
1980-1989       16           1305211.24      1365701.79      2670913.03
1980-1989       17           1305646.47      1363659.78      2669306.26
1980-1989       18           1304449.14      1358254.68      2662703.82
1980-1989       19           1302490.67      1351668.47      2654159.14
1980-1989       20           1304617.22      1349428.60      2654045.83
1980-1989       21           1305578.80      1346900.27      2652479.07
1980-1989       22           1307217.70      1347635.85      2654853.55
1980-1989       23           1308323.81      1348500.20      2656824.02
1980-1989       24           1310199.64      1348661.04      2658860.69
1980-1989       25           1310912.29      1344591.25      2655503.54
1980-1989       26           1308826.48      1337464.26      2646290.74
1980-1989       27           1302663.28      1328134.88      2630798.16
1980-1989       28           1293725.19      1316138.76      2609863.95
1980-1989       29           1283212.45      1303109.41      2586321.86
1980-1989       30           1272006.66      1289850.80      2561857.47
1980-1989       31           1261467.35      1277168.24      2538635.59
1980-1989       32           1255610.91      1270781.44      2526392.34
1980-1989       33           1248158.11      1264831.62      2512989.73
1980-1989       34           1231718.66      1251098.08      2482816.73
1980-1989       35           1209920.93      1232643.59      2442564.52
1980-1989       36           1185030.11      1212369.08      2397399.19
1980-1989       37           1151864.76      1185179.88      2337044.63
1980-1989       38           1117697.27      1156086.56      2273783.82
1980-1989       39           1081265.71      1124790.46      2206056.17
1980-1989       40           1041155.04      1088218.92      2129373.95
1980-1989       41            999207.81      1047812.88      2047020.69
1980-1989       42            956804.65      1004194.66      1960999.31
1980-1989       43            912000.03       958363.27      1870363.30
1980-1989       44            872960.91       918390.94      1791351.86
1980-1989       45            839233.16       884674.68      1723907.84
1980-1989       46            811130.34       855686.89      1666817.22
1980-1989       47            787829.42       831996.46      1619825.88
1980-1989       48            772029.40       814985.62      1587015.02
1980-1989       49            761737.19       802496.94      1564234.13
1980-1989       50            753986.22       792138.31      1546124.53
1980-1989       51            746260.23       782898.08      1529158.31
1980-1989       52            742182.09       777055.59      1519237.67
1980-1989       53            738174.94       771465.35      1509640.29
1980-1989       54            735929.48       766618.83      1502548.31
1980-1989       55            736191.06       763645.91      1499836.96
1980-1989       56            739026.03       761716.64      1500742.67
1980-1989       57            740198.46       756284.12      1496482.58
1980-1989       58            741554.30       748525.11      1490079.41
1980-1989       59            739404.93       735797.92      1475202.84
1980-1989       60            732205.50       715919.39      1448124.89
1980-1989       61            717799.81       689787.09      1407586.89
1980-1989       62            701991.64       662610.31      1364601.95
1980-1989       63            684202.21       635000.40      1319202.61
1980-1989       64            665269.18       608222.48      1273491.66
1980-1989       65            645938.32       582929.68      1228868.00
1980-1989       66            626944.94       557790.97      1184735.91
1980-1989       67            605539.05       530814.66      1136353.71
1980-1989       68            583849.88       502712.79      1086562.67
1980-1989       69            561825.33       473958.54      1035783.87
1980-1989       70            541032.81       446562.97       987595.78
1980-1989       71            521746.99       421731.11       943478.11
1980-1989       72            501952.60       396341.24       898293.83
1980-1989       73            477692.44       368380.39       846072.83
1980-1989       74            450653.64       338930.34       789583.98
1980-1989       75            421294.93       308382.94       729677.87
1980-1989       76            390888.02       277539.77       668427.79
1980-1989       77            359857.38       247372.66       607230.04
1980-1989       78            331589.21       219476.49       551065.70
1980-1989       79            305347.57       193226.66       498574.23
1980-1989       80            279841.80       166833.09       446674.89
1980-1989       81            253504.95       143598.01       397102.96
1980-1989       82            227407.93       121943.88       349351.81
1980-1989       83            202423.56       102141.60       304565.16
1980-1989       84            178663.03        84579.93       263242.95
1980-1989       85            156192.66        69120.20       225312.86
1980-1989       86            135323.36        56075.03       191398.39
1980-1989       87            116005.16        44994.39       160999.55
1980-1989       88             98133.27        35760.15       133893.42
1980-1989       89             81475.69        27987.02       109462.71
1980-1989       90             66283.41        21469.20        87752.60
1980-1989       91             53351.68        16421.52        69773.20
1980-1989       92             42051.98        12330.71        54382.69
1980-1989       93             32182.26         9012.52        41194.77
1980-1989       94             23945.46         6439.28        30384.74
1980-1989       95             17369.13         4513.53        21882.65
1980-1989       96             12276.14         3063.26        15339.40
1980-1989       97              8411.88         2005.31        10417.20
1980-1989       98              5565.55         1268.39         6833.95
1980-1989       99              3575.83          763.51         4339.34
1980-1989      100              2219.02          446.00         2665.01
1980-1989      101              1347.25          261.55         1608.79
1980-1989      102               802.39          147.59          949.97
1980-1989      103               462.68           80.81          543.48
1980-1989      104               260.67           48.40          309.07
1980-1989      105               150.07           26.50          176.57
1980-1989      106                77.99           13.09           91.07
1980-1989      107                35.04            5.77           40.82
1980-1989      108                13.69            2.19           15.88
1980-1989      109                 4.40            1.50            5.90
1980-1989      110+                4.41            0.69            5.10
1990-1999        0           1244809.59      1311993.08      2556802.67
1990-1999        1           1247466.82      1314625.64      2562092.47
1990-1999        2           1250913.12      1317981.42      2568894.54
1990-1999        3           1254023.73      1320911.95      2574935.69
1990-1999        4           1257330.19      1324038.78      2581368.97
1990-1999        5           1259972.30      1325822.99      2585795.29
1990-1999        6           1261071.23      1326267.56      2587338.79
1990-1999        7           1261864.01      1326933.33      2588797.34
1990-1999        8           1259686.12      1324974.38      2584660.50
1990-1999        9           1255683.37      1320555.95      2576239.32
1990-1999       10           1250257.94      1315542.04      2565799.99
1990-1999       11           1246915.36      1312000.67      2558916.03
1990-1999       12           1246263.16      1311359.66      2557622.82
1990-1999       13           1243791.77      1309227.33      2553019.10
1990-1999       14           1242713.36      1308608.15      2551321.50
1990-1999       15           1244114.54      1309777.47      2553892.01
1990-1999       16           1251100.95      1316540.62      2567641.57
1990-1999       17           1263550.50      1328568.24      2592118.74
1990-1999       18           1283663.68      1347441.15      2631104.82
1990-1999       19           1314773.81      1373619.75      2688393.57
1990-1999       20           1339782.07      1391086.71      2730868.78
1990-1999       21           1358825.57      1401709.85      2760535.42
1990-1999       22           1366310.81      1404832.24      2771143.06
1990-1999       23           1372425.44      1406447.94      2778873.38
1990-1999       24           1378514.91      1405444.56      2783959.46
1990-1999       25           1387047.84      1404913.76      2791961.60
1990-1999       26           1396824.51      1406567.91      2803392.42
1990-1999       27           1405013.42      1408439.84      2813453.26
1990-1999       28           1410982.11      1411016.39      2821998.51
1990-1999       29           1415019.64      1412908.09      2827927.73
1990-1999       30           1423695.35      1421307.81      2845003.16
1990-1999       31           1428306.86      1426257.99      2854564.85
1990-1999       32           1433966.20      1430288.16      2864254.36
1990-1999       33           1438388.63      1434001.02      2872389.65
1990-1999       34           1440692.80      1435944.91      2876637.71
1990-1999       35           1437895.16      1432340.70      2870235.87
1990-1999       36           1428525.66      1422586.31      2851111.97
1990-1999       37           1413734.35      1407584.39      2821318.74
1990-1999       38           1396754.61      1390685.30      2787439.91
1990-1999       39           1381021.03      1375889.32      2756910.35
1990-1999       40           1363789.74      1360871.70      2724661.44
1990-1999       41           1345667.20      1346553.12      2692220.31
1990-1999       42           1330895.74      1336677.99      2667573.73
1990-1999       43           1312637.46      1324097.65      2636735.11
1990-1999       44           1285908.53      1302351.19      2588259.72
1990-1999       45           1255394.10      1276962.59      2532356.70
1990-1999       46           1220077.07      1246619.26      2466696.33
1990-1999       47           1179092.23      1210278.03      2389370.26
1990-1999       48           1137316.14      1172516.74      2309832.89
1990-1999       49           1094621.76      1133872.22      2228493.98
1990-1999       50           1049295.44      1091225.16      2140520.59
1990-1999       51           1003859.51      1046903.93      2050763.44
1990-1999       52            957339.61       998921.30      1956260.90
1990-1999       53            911519.21       950306.14      1861825.35
1990-1999       54            872547.53       907317.91      1779865.44
1990-1999       55            838241.88       868981.58      1707223.46
1990-1999       56            808750.05       835423.98      1644174.03
1990-1999       57            784034.10       806736.15      1590770.25
1990-1999       58            765286.83       782985.49      1548272.32
1990-1999       59            752626.46       764484.49      1517110.95
1990-1999       60            742774.79       749325.15      1492099.94
1990-1999       61            734558.88       736758.93      1471317.81
1990-1999       62            728519.22       725268.23      1453787.46
1990-1999       63            723513.12       714106.19      1437619.31
1990-1999       64            718842.39       703126.30      1421968.68
1990-1999       65            714380.71       691473.80      1405854.51
1990-1999       66            709839.06       677411.30      1387250.36
1990-1999       67            703383.40       661126.64      1364510.04
1990-1999       68            695118.55       641188.13      1336306.68
1990-1999       69            683897.78       617713.83      1301611.61
1990-1999       70            667360.29       589042.71      1256402.99
1990-1999       71            645321.23       555931.04      1201252.27
1990-1999       72            621403.38       521063.91      1142467.29
1990-1999       73            595796.60       486070.29      1081866.89
1990-1999       74            568963.46       451601.91      1020565.37
1990-1999       75            541884.98       418190.69       960075.67
1990-1999       76            514372.98       384956.00       899328.97
1990-1999       77            483620.69       350445.89       834066.58
1990-1999       78            451429.04       315647.63       767076.67
1990-1999       79            418862.08       281735.06       700597.14
1990-1999       80            391770.31       248097.65       639867.96
1990-1999       81            362883.67       220896.95       583780.62
1990-1999       82            333517.71       194073.29       527591.00
1990-1999       83            302380.57       167621.52       470002.08
1990-1999       84            270130.80       142442.89       412573.69
1990-1999       85            237448.98       118790.38       356239.37
1990-1999       86            205022.79        97377.83       302400.62
1990-1999       87            174631.86        78255.66       252887.52
1990-1999       88            147246.95        61894.60       209141.55
1990-1999       89            122846.93        48549.46       171396.39
1990-1999       90            100797.34        37002.22       137799.56
1990-1999       91             80824.37        27503.23       108327.60
1990-1999       92             63263.12        20016.39        83279.51
1990-1999       93             48751.39        14190.42        62941.81
1990-1999       94             36841.16         9825.99        46667.15
1990-1999       95             27140.14         6693.17        33833.31
1990-1999       96             19536.05         4439.47        23975.52
1990-1999       97             13746.59         2872.58        16619.17
1990-1999       98              9391.40         1798.92        11190.32
1990-1999       99              6288.85         1125.04         7413.88
1990-1999      100              4200.89          714.96         4915.85
1990-1999      101              2679.65          435.31         3114.97
1990-1999      102              1639.67          254.81         1894.48
1990-1999      103               953.16          141.94         1095.10
1990-1999      104               529.93           74.55          604.49
1990-1999      105               276.23           41.64          317.87
1990-1999      106               132.76           21.57          154.34
1990-1999      107                64.63            7.79           72.41
1990-1999      108                26.68            1.51           28.19
1990-1999      109                10.50            0.00           10.50
1990-1999      110+                4.35            0.00            4.35
2000-2009        0           1288497.42      1359131.40      2647628.82
2000-2009        1           1274816.68      1343474.70      2618291.38
2000-2009        2           1268330.23      1336729.44      2605059.67
2000-2009        3           1266528.60      1334586.95      2601115.55
2000-2009        4           1270038.88      1337424.81      2607463.69
2000-2009        5           1278830.92      1346580.21      2625411.12
2000-2009        6           1288133.74      1356328.85      2644462.60
2000-2009        7           1298413.69      1367242.55      2665656.24
2000-2009        8           1308779.90      1378096.95      2686876.84
2000-2009        9           1319193.43      1389115.54      2708308.96
2000-2009       10           1327123.57      1398074.94      2725198.52
2000-2009       11           1331888.38      1403187.05      2735075.43
2000-2009       12           1335553.06      1406552.16      2742105.22
2000-2009       13           1338020.55      1409543.59      2747564.13
2000-2009       14           1339523.69      1411106.46      2750630.15
2000-2009       15           1339549.66      1409447.98      2748997.64
2000-2009       16           1340715.49      1407940.76      2748656.25
2000-2009       17           1346938.21      1410873.05      2757811.26
2000-2009       18           1356936.58      1419978.72      2776915.30
2000-2009       19           1368098.67      1430977.28      2799075.95
2000-2009       20           1374780.41      1434377.88      2809158.29
2000-2009       21           1378460.10      1435032.86      2813492.96
2000-2009       22           1380217.50      1435618.85      2815836.34
2000-2009       23           1382470.05      1436938.64      2819408.68
2000-2009       24           1383090.02      1433027.05      2816117.07
2000-2009       25           1383959.38      1424223.18      2808182.56
2000-2009       26           1389744.99      1417131.74      2806876.73
2000-2009       27           1400353.69      1414862.81      2815216.50
2000-2009       28           1418234.83      1421046.76      2839281.58
2000-2009       29           1441878.08      1436189.76      2878067.84
2000-2009       30           1461241.42      1450064.70      2911306.12
2000-2009       31           1476706.24      1461564.81      2938271.05
2000-2009       32           1487209.49      1469637.85      2956847.34
2000-2009       33           1495729.57      1476448.04      2972177.62
2000-2009       34           1502907.61      1482639.69      2985547.30
2000-2009       35           1510462.94      1489387.51      2999850.44
2000-2009       36           1518667.54      1497388.99      3016056.53
2000-2009       37           1522516.19      1502049.83      3024566.02
2000-2009       38           1521660.35      1503146.67      3024807.02
2000-2009       39           1516560.59      1498855.96      3015416.55
2000-2009       40           1516571.32      1498501.17      3015072.49
2000-2009       41           1515230.82      1496369.82      3011600.64
2000-2009       42           1515105.08      1494356.77      3009461.84
2000-2009       43           1511177.64      1488201.63      2999379.27
2000-2009       44           1504419.47      1480231.61      2984651.07
2000-2009       45           1494090.51      1469036.60      2963127.12
2000-2009       46           1477191.56      1452414.37      2929605.93
2000-2009       47           1453693.44      1430853.83      2884547.27
2000-2009       48           1428757.37      1408017.60      2836774.97
2000-2009       49           1405181.61      1386546.53      2791728.14
2000-2009       50           1381635.97      1365537.83      2747173.81
2000-2009       51           1358341.97      1346060.72      2704402.69
2000-2009       52           1337435.12      1329959.33      2667394.44
2000-2009       53           1314117.19      1311064.69      2625181.88
2000-2009       54           1282273.24      1282659.49      2564932.74
2000-2009       55           1245057.45      1249712.35      2494769.80
2000-2009       56           1205067.44      1213715.89      2418783.33
2000-2009       57           1161411.85      1173219.64      2334631.50
2000-2009       58           1117462.54      1131398.49      2248861.03
2000-2009       59           1073616.61      1088906.65      2162523.26
2000-2009       60           1029632.21      1044828.06      2074460.27
2000-2009       61            986496.86       999196.74      1985693.60
2000-2009       62            940591.77       949673.53      1890265.31
2000-2009       63            894582.80       899042.78      1793625.59
2000-2009       64            855058.08       854112.63      1709170.71
2000-2009       65            819868.73       812542.41      1632411.14
2000-2009       66            786112.86       773452.81      1559565.66
2000-2009       67            756877.17       739236.60      1496113.76
2000-2009       68            732031.99       708675.70      1440707.69
2000-2009       69            711665.40       682216.38      1393881.78
2000-2009       70            693175.54       657610.97      1350786.51
2000-2009       71            676140.69       633981.81      1310122.50
2000-2009       72            661866.41       611035.68      1272902.09
2000-2009       73            648199.76       587358.67      1235558.43
2000-2009       74            634857.57       563417.63      1198275.19
2000-2009       75            621481.20       538686.79      1160168.00
2000-2009       76            607095.18       512392.42      1119487.60
2000-2009       77            590017.33       483568.53      1073585.87
2000-2009       78            571066.88       453269.53      1024336.40
2000-2009       79            548580.56       419807.92       968388.48
2000-2009       80            520395.37       380790.70       901186.06
2000-2009       81            486188.32       340729.53       826917.84
2000-2009       82            450436.38       301738.15       752174.53
2000-2009       83            414033.69       264201.66       678235.36
2000-2009       84            376997.18       228575.56       605572.74
2000-2009       85            340295.39       195243.58       535538.97
2000-2009       86            303571.25       164427.92       467999.18
2000-2009       87            265964.07       135920.97       401885.04
2000-2009       88            228897.32       109946.52       338843.84
2000-2009       89            193632.44        86974.29       280606.73
2000-2009       90            161997.84        67830.09       229827.93
2000-2009       91            133921.23        52538.58       186459.81
2000-2009       92            107945.81        39586.55       147532.36
2000-2009       93             84537.26        28827.85       113365.11
2000-2009       94             64408.00        20445.26        84853.26
2000-2009       95             47615.70        13912.71        61528.41
2000-2009       96             34032.32         9173.52        43205.84
2000-2009       97             23714.43         5882.55        29596.98
2000-2009       98             15980.30         3666.01        19646.31
2000-2009       99             10584.02         2262.66        12846.68
2000-2009      100              6795.08         1358.43         8153.51
2000-2009      101              4159.05          773.76         4932.81
2000-2009      102              2465.50          428.71         2894.20
2000-2009      103              1415.39          231.15         1646.54
2000-2009      104               781.27          118.56          899.83
2000-2009      105               416.85           57.16          474.01
2000-2009      106               214.65           25.18          239.83
2000-2009      107               105.63            8.67          114.30
2000-2009      108                48.94            1.40           50.34
2000-2009      109                20.10            0.00           20.10
2000-2009      110+                6.15            0.00            6.15
2010-2014        0            733419.70       774967.20      1508386.91
2010-2014        1            730038.72       770800.01      1500838.72
2010-2014        2            725225.47       764893.90      1490119.37
2010-2014        3            721119.33       760636.56      1481755.89
2010-2014        4            716565.03       755887.64      1472452.67
2010-2014        5            708989.53       748716.53      1457706.06
2010-2014        6            700315.39       740069.06      1440384.45
2010-2014        7            690811.69       729541.94      1420353.63
2010-2014        8            681888.77       719398.08      1401286.85
2010-2014        9            676738.63       713180.44      1389919.07
2010-2014       10            675515.70       710702.02      1386217.73
2010-2014       11            675888.21       710529.81      1386418.02
2010-2014       12            678756.52       713785.62      1392542.13
2010-2014       13            682460.32       718149.49      1400609.81
2010-2014       14            685286.56       722095.96      1407382.52
2010-2014       15            690835.05       729378.67      1420213.72
2010-2014       16            697728.03       737899.82      1435627.85
2010-2014       17            705845.41       747305.56      1453150.97
2010-2014       18            719282.67       761908.93      1481191.60
2010-2014       19            741527.68       784093.57      1525621.25
2010-2014       20            761374.47       802172.12      1563546.59
2010-2014       21            778686.38       817867.26      1596553.64
2010-2014       22            793958.63       833048.60      1627007.23
2010-2014       23            813528.13       849982.37      1663510.50
2010-2014       24            821370.04       856571.95      1677941.99
2010-2014       25            825651.81       856036.80      1681688.62
2010-2014       26            830976.36       854981.94      1685958.30
2010-2014       27            837788.89       856492.18      1694281.07
2010-2014       28            839067.86       853150.75      1692218.61
2010-2014       29            835755.95       846937.14      1682693.09
2010-2014       30            825925.65       834809.94      1660735.59
2010-2014       31            811359.09       818743.17      1630102.25
2010-2014       32            794431.33       799363.62      1593794.95
2010-2014       33            781009.72       782571.19      1563580.90
2010-2014       34            771432.16       770260.13      1541692.29
2010-2014       35            768729.42       765224.56      1533953.98
2010-2014       36            772146.65       766638.71      1538785.36
2010-2014       37            782995.89       775293.35      1558289.24
2010-2014       38            799986.47       789844.88      1589831.36
2010-2014       39            819805.89       807301.33      1627107.23
2010-2014       40            829045.48       814573.62      1643619.10
2010-2014       41            832207.18       816691.28      1648898.47
2010-2014       42            823925.88       808266.38      1632192.26
2010-2014       43            807873.36       793532.54      1601405.89
2010-2014       44            787049.55       773502.54      1560552.09
2010-2014       45            775942.70       762702.91      1538645.61
2010-2014       46            770868.82       757314.27      1528183.09
2010-2014       47            773998.10       760018.62      1534016.72
2010-2014       48            779811.53       765419.35      1545230.88
2010-2014       49            785344.59       770276.54      1555621.13
2010-2014       50            786220.28       770591.94      1556812.22
2010-2014       51            780496.69       764280.18      1544776.87
2010-2014       52            769361.26       753070.04      1522431.29
2010-2014       53            754473.55       738274.50      1492748.05
2010-2014       54            738550.16       722938.11      1461488.27
2010-2014       55            722463.00       706897.35      1429360.35
2010-2014       56            706512.78       690813.19      1397325.97
2010-2014       57            690575.38       675344.56      1365919.94
2010-2014       58            674522.60       659789.40      1334312.00
2010-2014       59            658968.49       644704.66      1303673.15
2010-2014       60            643900.43       631040.90      1274941.33
2010-2014       61            629860.26       619004.60      1248864.86
2010-2014       62            619081.31       610710.62      1229791.93
2010-2014       63            608936.43       603018.68      1211955.11
2010-2014       64            592058.57       587809.24      1179867.81
2010-2014       65            570134.41       565893.39      1136027.80
2010-2014       66            545389.35       539472.69      1084862.04
2010-2014       67            514106.74       506226.89      1020333.63
2010-2014       68            480419.49       470801.70       951221.19
2010-2014       69            451765.52       440936.08       892701.60
2010-2014       70            427122.62       415456.34       842578.96
2010-2014       71            404789.20       391977.72       796766.92
2010-2014       72            385194.09       370883.16       756077.25
2010-2014       73            367210.57       350346.99       717557.56
2010-2014       74            350739.30       329525.87       680265.17
2010-2014       75            335218.48       308346.43       643564.91
2010-2014       76            319992.48       287692.47       607684.95
2010-2014       77            306346.96       268282.96       574629.92
2010-2014       78            293952.27       250341.32       544293.59
2010-2014       79            283500.24       235095.31       518595.55
2010-2014       80            274084.98       221541.31       495626.29
2010-2014       81            264543.74       207885.39       472429.12
2010-2014       82            254346.17       193360.10       447706.26
2010-2014       83            242063.42       177535.80       419599.22
2010-2014       84            227393.77       159945.21       387338.98
2010-2014       85            211212.95       141643.00       352855.94
2010-2014       86            193642.15       123192.09       316834.24
2010-2014       87            175183.86       105307.08       280490.94
2010-2014       88            156065.01        88500.46       244565.47
2010-2014       89            136350.92        72918.83       209269.75
2010-2014       90            115060.64        57891.43       172952.07
2010-2014       91             93824.51        44154.63       137979.14
2010-2014       92             74797.48        32731.53       107529.01
2010-2014       93             58350.86        23703.74        82054.60
2010-2014       94             44532.43        16669.46        61201.89
2010-2014       95             33637.55        11481.88        45119.43
2010-2014       96             25180.03         7923.80        33103.82
2010-2014       97             18187.46         5253.02        23440.48
2010-2014       98             12574.79         3334.53        15909.32
2010-2014       99              8393.41         2006.17        10399.57
2010-2014      100              5304.46         1155.84         6460.30
2010-2014      101              3171.83          641.15         3812.97
2010-2014      102              1815.91          343.04         2158.94
2010-2014      103               999.16          175.39         1174.55
2010-2014      104               532.65           86.43          619.07
2010-2014      105               272.49           40.32          312.81
2010-2014      106               133.17           17.06          150.23
2010-2014      107                62.22            6.08           68.30
2010-2014      108                27.33            1.22           28.54
2010-2014      109                10.75            0.00           10.75
2010-2014      110+                3.36            0.00            3.36
