Austria, Exposure to risk (period 1x10), 	Last modified: 03 Sep 2018;  Methods Protocol: v6 (2017)

  Year          Age             Female            Male           Total
1947-1949        0            163171.07       172074.04       335245.11
1947-1949        1            148743.16       155903.77       304646.93
1947-1949        2            144696.78       150661.66       295358.44
1947-1949        3            144468.01       149265.79       293733.80
1947-1949        4            155944.47       160820.14       316764.62
1947-1949        5            166503.40       172059.42       338562.82
1947-1949        6            176418.74       182683.78       359102.52
1947-1949        7            187756.17       194554.59       382310.76
1947-1949        8            183462.37       190074.78       373537.15
1947-1949        9            166212.12       172171.14       338383.26
1947-1949       10            142874.62       148015.52       290890.14
1947-1949       11            129705.56       134276.56       263982.12
1947-1949       12            127521.14       132138.37       259659.51
1947-1949       13            129264.14       134970.23       264234.37
1947-1949       14            132407.27       140047.71       272454.97
1947-1949       15            135772.20       144834.86       280607.06
1947-1949       16            139898.59       149973.05       289871.63
1947-1949       17            143356.49       153507.59       296864.08
1947-1949       18            146244.81       155365.57       301610.38
1947-1949       19            147981.80       154054.18       302035.98
1947-1949       20            151467.99       151309.14       302777.13
1947-1949       21            157538.34       147660.81       305199.14
1947-1949       22            166059.85       144439.02       310498.87
1947-1949       23            173912.70       141632.86       315545.56
1947-1949       24            179945.75       140536.12       320481.87
1947-1949       25            183064.46       140356.40       323420.86
1947-1949       26            182403.19       139013.68       321416.88
1947-1949       27            175962.45       133991.35       309953.80
1947-1949       28            155013.15       118621.95       273635.10
1947-1949       29            128590.54        99694.56       228285.10
1947-1949       30            108492.34        85546.31       194038.64
1947-1949       31            106091.24        84009.81       190101.05
1947-1949       32            123724.33        97677.65       221401.97
1947-1949       33            144923.32       114590.91       259514.23
1947-1949       34            164999.45       131451.48       296450.93
1947-1949       35            173201.60       139450.76       312652.36
1947-1949       36            176785.42       143585.03       320370.44
1947-1949       37            178600.41       145985.51       324585.92
1947-1949       38            179538.59       147720.34       327258.92
1947-1949       39            179518.69       148808.20       328326.88
1947-1949       40            178784.58       149604.62       328389.20
1947-1949       41            177906.99       151285.58       329192.57
1947-1949       42            176914.68       153519.40       330434.08
1947-1949       43            175859.02       155280.16       331139.18
1947-1949       44            175076.46       156293.49       331369.95
1947-1949       45            174291.10       156569.83       330860.94
1947-1949       46            172847.02       155522.17       328369.19
1947-1949       47            170490.90       152508.50       322999.40
1947-1949       48            167371.83       147601.03       314972.85
1947-1949       49            163919.20       141469.92       305389.12
1947-1949       50            160508.52       135124.29       295632.81
1947-1949       51            157170.58       128824.30       285994.88
1947-1949       52            153577.21       122696.05       276273.26
1947-1949       53            149368.22       116776.07       266144.28
1947-1949       54            144675.50       111668.98       256344.48
1947-1949       55            139702.23       107597.95       247300.18
1947-1949       56            134616.91       103989.40       238606.30
1947-1949       57            130440.29       100795.87       231236.16
1947-1949       58            127991.78        98402.93       226394.71
1947-1949       59            126677.78        96678.92       223356.69
1947-1949       60            125018.24        94781.19       219799.43
1947-1949       61            122071.62        92318.98       214390.60
1947-1949       62            118180.76        89565.12       207745.88
1947-1949       63            113882.63        86691.99       200574.62
1947-1949       64            109449.10        83487.03       192936.13
1947-1949       65            104881.59        79909.36       184790.95
1947-1949       66            100425.54        76312.40       176737.94
1947-1949       67             96333.26        72922.87       169256.12
1947-1949       68             92507.20        69535.96       162043.16
1947-1949       69             88412.65        65933.49       154346.14
1947-1949       70             83691.78        62232.55       145924.33
1947-1949       71             78621.90        58582.34       137204.24
1947-1949       72             73009.47        54314.27       127323.73
1947-1949       73             66761.72        49299.72       116061.43
1947-1949       74             60075.24        43954.52       104029.76
1947-1949       75             53509.27        39118.24        92627.51
1947-1949       76             47226.53        34897.68        82124.21
1947-1949       77             41583.37        30939.14        72522.51
1947-1949       78             36449.95        26926.45        63376.40
1947-1949       79             31626.60        22917.56        54544.16
1947-1949       80             27026.87        19118.78        46145.66
1947-1949       81             22887.26        15943.15        38830.41
1947-1949       82             19167.35        13185.14        32352.49
1947-1949       83             15862.29        10730.82        26593.11
1947-1949       84             12807.46         8554.91        21362.36
1947-1949       85             10013.81         6578.25        16592.06
1947-1949       86              7651.07         4902.68        12553.75
1947-1949       87              5799.69         3594.59         9394.28
1947-1949       88              4333.67         2555.57         6889.23
1947-1949       89              3101.41         1758.22         4859.63
1947-1949       90              2132.50         1174.51         3307.01
1947-1949       91              1450.59          743.17         2193.77
1947-1949       92               999.67          464.95         1464.62
1947-1949       93               669.98          303.58          973.56
1947-1949       94               433.74          195.16          628.90
1947-1949       95               279.91          116.09          396.00
1947-1949       96               166.69           67.18          233.87
1947-1949       97                90.29           42.91          133.19
1947-1949       98                47.36           27.67           75.04
1947-1949       99                22.84           15.40           38.24
1947-1949      100                 6.83            8.87           15.70
1947-1949      101                 1.46            5.67            7.13
1947-1949      102                 0.76            2.89            3.65
1947-1949      103                 0.49            0.96            1.45
1947-1949      104                 0.00            0.23            0.23
1947-1949      105                 0.00            0.00            0.00
1947-1949      106                 0.00            0.00            0.00
1947-1949      107                 0.00            0.00            0.00
1947-1949      108                 0.00            0.00            0.00
1947-1949      109                 0.00            0.00            0.00
1947-1949      110+                0.00            0.00            0.00
1950-1959        0            518182.17       542292.21      1060474.39
1950-1959        1            505270.04       526676.65      1031946.69
1950-1959        2            500259.42       521371.76      1021631.18
1950-1959        3            496541.45       517613.97      1014155.42
1950-1959        4            487629.91       508983.88       996613.79
1950-1959        5            485314.94       506493.56       991808.50
1950-1959        6            484344.70       504457.57       988802.27
1950-1959        7            493017.87       513090.09      1006107.96
1950-1959        8            505535.09       525816.52      1031351.61
1950-1959        9            517932.53       538711.12      1056643.65
1950-1959       10            535476.02       556672.74      1092148.76
1950-1959       11            540424.35       561613.24      1102037.59
1950-1959       12            535767.70       556432.99      1092200.68
1950-1959       13            519732.44       539249.66      1058982.10
1950-1959       14            518954.77       538544.78      1057499.55
1950-1959       15            512142.84       532411.01      1044553.85
1950-1959       16            499373.51       519973.91      1019347.42
1950-1959       17            489536.75       510134.45       999671.19
1950-1959       18            474687.84       495812.71       970500.55
1950-1959       19            457492.28       477882.49       935374.77
1950-1959       20            435937.88       454758.39       890696.27
1950-1959       21            429408.06       446006.73       875414.79
1950-1959       22            434951.10       447950.66       882901.76
1950-1959       23            445527.91       452066.29       897594.20
1950-1959       24            457918.31       454684.70       912603.02
1950-1959       25            473693.36       456399.15       930092.50
1950-1959       26            491273.71       457541.23       948814.94
1950-1959       27            507564.42       456095.33       963659.74
1950-1959       28            523254.56       453877.00       977131.56
1950-1959       29            535018.55       448803.16       983821.71
1950-1959       30            541209.67       439070.43       980280.10
1950-1959       31            535215.95       420976.58       956192.53
1950-1959       32            519612.45       397866.70       917479.15
1950-1959       33            499712.42       375106.76       874819.18
1950-1959       34            482109.49       357610.92       839720.41
1950-1959       35            473519.09       350249.51       823768.61
1950-1959       36            468691.87       348352.42       817044.30
1950-1959       37            469352.60       352089.61       821442.21
1950-1959       38            467003.35       354038.28       821041.64
1950-1959       39            467621.07       359071.22       826692.29
1950-1959       40            470380.00       365972.99       836352.98
1950-1959       41            491816.55       385919.46       877736.01
1950-1959       42            519788.02       410907.43       930695.46
1950-1959       43            544673.90       434335.08       979008.98
1950-1959       44            565903.77       455968.77      1021872.54
1950-1959       45            573391.57       467747.81      1041139.38
1950-1959       46            573221.62       474723.04      1047944.67
1950-1959       47            573046.14       479650.21      1052696.35
1950-1959       48            570974.92       482708.65      1053683.57
1950-1959       49            568508.94       485187.89      1053696.82
1950-1959       50            563154.53       483900.51      1047055.04
1950-1959       51            556813.27       479451.44      1036264.72
1950-1959       52            550207.92       473496.00      1023703.92
1950-1959       53            541739.96       463951.26      1005691.22
1950-1959       54            532796.94       451141.75       983938.69
1950-1959       55            523506.48       435846.17       959352.65
1950-1959       56            512676.49       418656.14       931332.63
1950-1959       57            500041.11       399921.23       899962.34
1950-1959       58            485774.50       381003.53       866778.02
1950-1959       59            470383.98       361537.89       831921.87
1950-1959       60            456245.74       344226.71       800472.45
1950-1959       61            440520.48       326768.80       767289.28
1950-1959       62            428179.93       312175.78       740355.71
1950-1959       63            414260.42       298372.30       712632.73
1950-1959       64            400303.54       285626.55       685930.09
1950-1959       65            385819.32       273841.53       659660.85
1950-1959       66            371109.16       262081.50       633190.66
1950-1959       67            356491.29       250949.71       607441.00
1950-1959       68            341123.37       238774.81       579898.18
1950-1959       69            326530.83       226832.44       553363.27
1950-1959       70            310635.11       214359.46       524994.56
1950-1959       71            293749.27       201782.07       495531.34
1950-1959       72            275718.16       188821.30       464539.46
1950-1959       73            257512.92       175276.41       432789.33
1950-1959       74            238342.23       161874.78       400217.01
1950-1959       75            219427.01       147964.12       367391.13
1950-1959       76            199639.63       133360.54       333000.17
1950-1959       77            179828.32       119200.20       299028.53
1950-1959       78            159813.57       105120.92       264934.49
1950-1959       79            140274.07        91621.28       231895.35
1950-1959       80            120561.88        78296.72       198858.59
1950-1959       81            102654.45        66174.70       168829.15
1950-1959       82             85937.36        54891.27       140828.64
1950-1959       83             70642.56        44621.53       115264.10
1950-1959       84             57092.57        35551.06        92643.64
1950-1959       85             45303.01        27850.21        73153.22
1950-1959       86             35296.19        21432.74        56728.92
1950-1959       87             26983.14        16133.19        43116.33
1950-1959       88             20264.19        11884.54        32148.73
1950-1959       89             14892.56         8476.91        23369.48
1950-1959       90             10695.14         5868.71        16563.85
1950-1959       91              7490.83         3957.90        11448.73
1950-1959       92              5046.32         2581.52         7627.84
1950-1959       93              3281.05         1617.77         4898.81
1950-1959       94              2107.44          980.67         3088.11
1950-1959       95              1312.80          580.42         1893.23
1950-1959       96               784.00          341.06         1125.06
1950-1959       97               471.08          199.38          670.45
1950-1959       98               283.91          111.68          395.59
1950-1959       99               154.80           57.16          211.96
1950-1959      100                75.61           26.38          101.99
1950-1959      101                36.65           12.36           49.01
1950-1959      102                16.84            9.00           25.84
1950-1959      103                 9.88            7.19           17.07
1950-1959      104                 4.94            3.89            8.83
1950-1959      105                 2.22            0.95            3.16
1950-1959      106                 0.72            0.00            0.72
1950-1959      107                 0.00            0.00            0.00
1950-1959      108                 0.00            0.00            0.00
1950-1959      109                 0.00            0.00            0.00
1950-1959      110+                0.00            0.00            0.00
1960-1969        0            618914.60       647608.61      1266523.21
1960-1969        1            612773.21       640294.10      1253067.31
1960-1969        2            607486.54       634609.28      1242095.83
1960-1969        3            601094.58       628048.54      1229143.12
1960-1969        4            592337.76       618594.10      1210931.86
1960-1969        5            577949.52       603577.86      1181527.38
1960-1969        6            561356.64       586639.26      1147995.90
1960-1969        7            544162.19       569041.41      1113203.60
1960-1969        8            528057.48       551691.02      1079748.50
1960-1969        9            514750.75       537111.68      1051862.43
1960-1969       10            504838.31       525991.90      1030830.21
1960-1969       11            500295.34       520440.81      1020736.15
1960-1969       12            498734.77       518502.75      1017237.52
1960-1969       13            497997.14       518129.43      1016126.57
1960-1969       14            486361.13       506115.41       992476.54
1960-1969       15            484784.85       503534.34       988319.18
1960-1969       16            487209.90       508208.22       995418.11
1960-1969       17            494026.70       512067.93      1006094.63
1960-1969       18            503222.33       522550.81      1025773.14
1960-1969       19            516126.40       536994.70      1053121.10
1960-1969       20            532137.70       554438.39      1086576.09
1960-1969       21            531377.27       554181.01      1085558.29
1960-1969       22            516285.17       538732.82      1055017.99
1960-1969       23            500288.60       522311.72      1022600.32
1960-1969       24            498097.58       520201.96      1018299.54
1960-1969       25            489787.76       510758.90      1000546.66
1960-1969       26            477123.44       497018.19       974141.62
1960-1969       27            468125.12       486994.35       955119.47
1960-1969       28            454979.53       472794.22       927773.75
1960-1969       29            439680.98       456559.22       896240.20
1960-1969       30            421244.61       437115.13       858359.74
1960-1969       31            415336.93       430447.14       845784.07
1960-1969       32            421836.17       434748.70       856584.87
1960-1969       33            431998.97       439132.32       871131.29
1960-1969       34            445533.48       442779.74       888313.22
1960-1969       35            461546.17       445676.99       907223.16
1960-1969       36            478418.90       446450.49       924869.39
1960-1969       37            494656.40       445300.36       939956.76
1960-1969       38            509612.05       443005.28       952617.33
1960-1969       39            521984.90       437642.63       959627.53
1960-1969       40            529428.29       428187.20       957615.49
1960-1969       41            519946.06       407641.65       927587.71
1960-1969       42            502243.23       383063.16       885306.40
1960-1969       43            484606.10       361718.15       846324.25
1960-1969       44            466678.63       343966.72       810645.35
1960-1969       45            460018.11       337342.90       797361.01
1960-1969       46            457283.80       336268.88       793552.68
1960-1969       47            454539.00       336942.36       791481.36
1960-1969       48            451373.87       337524.30       788898.16
1960-1969       49            449196.90       339302.06       788498.96
1960-1969       50            456018.77       345716.06       801734.83
1960-1969       51            472012.58       362693.09       834705.67
1960-1969       52            497371.05       383715.85       881086.89
1960-1969       53            520455.05       403180.32       923635.37
1960-1969       54            539097.34       420848.69       959946.03
1960-1969       55            543203.62       428257.37       971461.00
1960-1969       56            541573.88       430432.36       972006.24
1960-1969       57            538223.13       429903.74       968126.88
1960-1969       58            534172.86       427871.91       962044.77
1960-1969       59            528473.67       423479.81       951953.48
1960-1969       60            520704.69       416016.63       936721.32
1960-1969       61            512099.83       406294.13       918393.96
1960-1969       62            502022.20       393584.87       895607.08
1960-1969       63            490072.95       378263.77       868336.72
1960-1969       64            477608.53       360511.20       838119.73
1960-1969       65            464173.87       340306.96       804480.83
1960-1969       66            448687.98       319551.58       768239.55
1960-1969       67            431321.75       297943.20       729264.95
1960-1969       68            412196.46       276407.11       688603.57
1960-1969       69            391949.12       255273.23       647222.34
1960-1969       70            371573.48       235156.46       606729.93
1960-1969       71            352124.14       217044.91       569169.06
1960-1969       72            332488.67       199959.30       532447.97
1960-1969       73            312127.13       183948.02       496075.15
1960-1969       74            291319.70       168762.42       460082.12
1960-1969       75            270280.24       154688.89       424969.13
1960-1969       76            248954.82       141197.30       390152.12
1960-1969       77            227628.16       127760.94       355389.10
1960-1969       78            206179.68       114194.73       320374.40
1960-1969       79            185322.35       101202.55       286524.90
1960-1969       80            164286.87        88408.00       252694.87
1960-1969       81            143608.10        76612.81       220220.91
1960-1969       82            123839.66        65380.92       189220.57
1960-1969       83            105292.11        55031.71       160323.82
1960-1969       84             88032.51        45468.24       133500.75
1960-1969       85             72074.61        36752.01       108826.62
1960-1969       86             57987.74        29104.37        87092.11
1960-1969       87             45707.69        22501.86        68209.55
1960-1969       88             35173.74        16944.57        52118.32
1960-1969       89             26392.82        12521.18        38913.99
1960-1969       90             19241.44         9017.24        28258.67
1960-1969       91             13695.73         6223.75        19919.48
1960-1969       92              9492.58         4110.57        13603.15
1960-1969       93              6367.54         2676.49         9044.03
1960-1969       94              4130.66         1704.76         5835.42
1960-1969       95              2603.99         1044.41         3648.40
1960-1969       96              1632.19          635.92         2268.11
1960-1969       97               983.16          372.00         1355.16
1960-1969       98               549.23          207.24          756.47
1960-1969       99               314.80          109.27          424.06
1960-1969      100               170.16           52.63          222.79
1960-1969      101                86.25           24.24          110.49
1960-1969      102                47.76           13.37           61.14
1960-1969      103                25.21            8.35           33.56
1960-1969      104                11.05            4.43           15.48
1960-1969      105                 4.19            1.68            5.86
1960-1969      106                 1.23            0.23            1.45
1960-1969      107                 0.00            0.00            0.00
1960-1969      108                 0.00            0.00            0.00
1960-1969      109                 0.00            0.00            0.00
1960-1969      110+                0.00            0.00            0.00
1970-1979        0            467478.12       491584.24       959062.36
1970-1979        1            482462.25       505911.63       988373.88
1970-1979        2            501916.24       526312.02      1028228.26
1970-1979        3            522478.21       547505.82      1069984.03
1970-1979        4            541409.43       567118.53      1108527.97
1970-1979        5            559725.33       586258.53      1145983.86
1970-1979        6            577621.26       604054.85      1181676.10
1970-1979        7            593984.83       620413.57      1214398.40
1970-1979        8            606439.05       633488.61      1239927.66
1970-1979        9            615076.26       642320.24      1257396.50
1970-1979       10            618873.48       646000.52      1264874.00
1970-1979       11            617769.20       644371.23      1262140.43
1970-1979       12            614207.29       639612.47      1253819.76
1970-1979       13            609497.20       633470.97      1242968.17
1970-1979       14            602718.23       624970.34      1227688.57
1970-1979       15            591707.83       612893.09      1204600.92
1970-1979       16            578853.80       599398.39      1178252.19
1970-1979       17            565490.63       584685.09      1150175.72
1970-1979       18            552963.33       568852.57      1121815.89
1970-1979       19            542643.32       555044.46      1097687.78
1970-1979       20            534428.65       543961.93      1078390.59
1970-1979       21            529947.32       539205.14      1069152.45
1970-1979       22            527199.43       538148.00      1065347.43
1970-1979       23            523765.39       537566.22      1061331.61
1970-1979       24            507870.54       524307.68      1032178.23
1970-1979       25            501221.14       518988.99      1020210.13
1970-1979       26            501057.45       520221.67      1021279.13
1970-1979       27            499683.06       519854.35      1019537.42
1970-1979       28            504601.78       525531.91      1030133.70
1970-1979       29            513663.09       535101.93      1048765.03
1970-1979       30            526561.22       548482.48      1075043.71
1970-1979       31            524579.42       546029.75      1070609.17
1970-1979       32            509860.70       530707.92      1040568.62
1970-1979       33            494991.48       515057.78      1010049.25
1970-1979       34            494170.24       513761.71      1007931.95
1970-1979       35            486982.24       506292.03       993274.27
1970-1979       36            475415.74       494487.65       969903.38
1970-1979       37            467372.86       486169.98       953542.84
1970-1979       38            455165.25       473593.18       928758.43
1970-1979       39            440313.38       458501.46       898814.83
1970-1979       40            421819.14       438693.89       860513.04
1970-1979       41            415455.59       430632.92       846088.51
1970-1979       42            421563.37       433125.77       854689.15
1970-1979       43            431144.26       435460.13       866604.39
1970-1979       44            443768.77       436829.00       880597.77
1970-1979       45            458613.12       437261.12       895874.24
1970-1979       46            473845.78       435543.05       909388.83
1970-1979       47            488224.79       431870.28       920095.07
1970-1979       48            501668.99       427411.37       929080.35
1970-1979       49            512402.15       420005.42       932407.57
1970-1979       50            517721.60       408981.60       926703.20
1970-1979       51            506786.19       387393.79       894179.98
1970-1979       52            488238.28       362130.76       850369.04
1970-1979       53            469848.03       339926.50       809774.53
1970-1979       54            451216.68       321068.98       772285.67
1970-1979       55            443234.03       312793.72       756027.75
1970-1979       56            438924.13       309685.33       748609.46
1970-1979       57            434430.40       307762.10       742192.50
1970-1979       58            429325.13       305599.48       734924.61
1970-1979       59            425038.00       303868.96       728906.97
1970-1979       60            425682.31       305315.86       730998.18
1970-1979       61            440407.27       315121.73       755529.01
1970-1979       62            460953.96       328044.87       788998.83
1970-1979       63            478743.67       338671.35       817415.03
1970-1979       64            491644.66       346557.62       838202.29
1970-1979       65            490441.99       345115.12       835557.11
1970-1979       66            483300.12       338390.40       821690.52
1970-1979       67            474050.43       328635.10       802685.53
1970-1979       68            463898.53       317278.51       781177.04
1970-1979       69            451504.17       304057.36       755561.53
1970-1979       70            435970.54       288126.40       724096.95
1970-1979       71            418711.05       270820.39       689531.44
1970-1979       72            400085.12       251874.08       651959.19
1970-1979       73            379436.87       231552.43       610989.30
1970-1979       74            357768.75       210302.70       568071.46
1970-1979       75            335133.76       188430.46       523564.21
1970-1979       76            311168.71       167455.77       478624.48
1970-1979       77            285497.48       147138.83       432636.31
1970-1979       78            259127.28       128218.70       387345.98
1970-1979       79            232984.02       110986.31       343970.33
1970-1979       80            207230.64        93666.95       300897.59
1970-1979       81            182479.13        79756.32       262235.44
1970-1979       82            158956.70        67571.81       226528.51
1970-1979       83            136648.79        56441.26       193090.05
1970-1979       84            115596.50        46764.28       162360.78
1970-1979       85             96141.96        38421.89       134563.85
1970-1979       86             78346.35        30957.88       109304.23
1970-1979       87             62856.79        24444.13        87300.92
1970-1979       88             49427.73        18936.51        68364.24
1970-1979       89             38043.90        14275.38        52319.28
1970-1979       90             28784.71        10608.34        39393.05
1970-1979       91             21053.31         7668.98        28722.29
1970-1979       92             14883.60         5364.28        20247.88
1970-1979       93             10316.35         3656.77        13973.11
1970-1979       94              6965.17         2415.11         9380.28
1970-1979       95              4551.06         1544.62         6095.68
1970-1979       96              2914.26          969.21         3883.47
1970-1979       97              1776.12          573.99         2350.11
1970-1979       98              1052.10          337.86         1389.96
1970-1979       99               609.33          191.31          800.64
1970-1979      100               323.82           98.56          422.38
1970-1979      101               165.96           56.85          222.81
1970-1979      102                84.91           29.15          114.06
1970-1979      103                43.18           13.11           56.29
1970-1979      104                22.78            7.91           30.68
1970-1979      105                13.82            5.61           19.43
1970-1979      106                 6.83            3.24           10.07
1970-1979      107                 2.17            1.83            4.00
1970-1979      108                 0.17            0.50            0.67
1970-1979      109                 0.00            0.00            0.00
1970-1979      110+                0.00            0.00            0.00
1980-1989        0            436115.28       457151.01       893266.29
1980-1989        1            434360.30       455309.60       889669.91
1980-1989        2            433058.71       453893.91       886952.62
1980-1989        3            432186.02       453348.75       885534.77
1980-1989        4            432593.50       453781.87       886375.37
1980-1989        5            434563.75       455590.05       890153.80
1980-1989        6            436302.46       457396.63       893699.10
1980-1989        7            438554.71       460018.05       898572.76
1980-1989        8            443520.45       465337.84       908858.28
1980-1989        9            451773.79       473724.96       925498.75
1980-1989       10            466239.01       488258.14       954497.15
1980-1989       11            485813.91       508108.73       993922.64
1980-1989       12            506998.67       529951.58      1036950.25
1980-1989       13            528753.49       551844.23      1080597.73
1980-1989       14            549613.80       572444.16      1122057.96
1980-1989       15            570415.43       592970.29      1163385.72
1980-1989       16            591153.62       613040.96      1204194.59
1980-1989       17            610441.61       631528.12      1241969.73
1980-1989       18            625061.29       645124.49      1270185.79
1980-1989       19            635263.16       654220.58      1289483.74
1980-1989       20            640240.42       658402.87      1298643.29
1980-1989       21            639548.11       656863.94      1296412.05
1980-1989       22            635606.40       651422.83      1287029.23
1980-1989       23            630252.35       644594.02      1274846.37
1980-1989       24            622136.41       634613.36      1256749.77
1980-1989       25            608474.01       619346.74      1227820.75
1980-1989       26            592810.71       602100.33      1194911.04
1980-1989       27            575986.84       583983.33      1159970.16
1980-1989       28            559557.97       566299.44      1125857.40
1980-1989       29            545358.96       551198.31      1096557.28
1980-1989       30            534023.88       539374.93      1073398.81
1980-1989       31            527434.44       532687.59      1060122.03
1980-1989       32            522929.97       528234.04      1051164.01
1980-1989       33            517715.95       524084.93      1041800.88
1980-1989       34            500696.89       507658.16      1008355.06
1980-1989       35            493819.95       500821.97       994641.92
1980-1989       36            493808.76       501119.61       994928.37
1980-1989       37            492788.84       500407.29       993196.13
1980-1989       38            498036.33       505928.07      1003964.39
1980-1989       39            507552.08       515630.67      1023182.76
1980-1989       40            520785.20       528749.30      1049534.50
1980-1989       41            519068.19       526462.81      1045531.00
1980-1989       42            504230.27       511119.86      1015350.14
1980-1989       43            488940.15       494922.23       983862.37
1980-1989       44            487621.15       492479.24       980100.39
1980-1989       45            480048.54       483908.36       963956.90
1980-1989       46            468125.31       471155.94       939281.24
1980-1989       47            459682.67       461648.80       921331.47
1980-1989       48            446946.64       447594.75       894541.39
1980-1989       49            431487.23       430664.10       862151.33
1980-1989       50            412767.92       410268.74       823036.66
1980-1989       51            405930.20       401166.69       807096.89
1980-1989       52            410647.31       401688.88       812336.19
1980-1989       53            418619.01       401934.45       820553.46
1980-1989       54            429523.25       400787.38       830310.63
1980-1989       55            442444.35       398504.17       840948.52
1980-1989       56            455781.93       394198.29       849980.22
1980-1989       57            468063.50       388063.78       856127.28
1980-1989       58            479210.89       381191.43       860402.31
1980-1989       59            487423.74       371649.93       859073.67
1980-1989       60            490316.61       358496.40       848813.00
1980-1989       61            477444.28       336083.54       813527.82
1980-1989       62            457121.36       310550.15       767671.52
1980-1989       63            436796.98       287754.03       724551.00
1980-1989       64            416157.69       268092.43       684250.12
1980-1989       65            405615.78       257328.05       662943.83
1980-1989       66            398045.54       250636.24       648681.78
1980-1989       67            389778.10       244351.74       634129.85
1980-1989       68            380756.11       237224.76       617980.88
1980-1989       69            371787.15       230135.29       601922.44
1980-1989       70            366939.15       224916.67       591855.82
1980-1989       71            373469.06       225232.40       598701.46
1980-1989       72            383076.18       226410.68       609486.85
1980-1989       73            388840.18       224945.74       613785.92
1980-1989       74            389118.59       220656.06       609774.65
1980-1989       75            376437.21       209278.69       585715.89
1980-1989       76            357816.50       194161.83       551978.33
1980-1989       77            337015.83       177614.17       514630.00
1980-1989       78            315075.83       160544.17       475620.00
1980-1989       79            290905.17       143005.00       433910.17
1980-1989       80            264476.66       124089.17       388565.83
1980-1989       81            238294.63       106992.33       345286.97
1980-1989       82            211771.83        90938.67       302710.50
1980-1989       83            184857.33        75977.33       260834.67
1980-1989       84            159047.67        62101.83       221149.50
1980-1989       85            134939.83        49677.17       184617.00
1980-1989       86            112015.67        38997.33       151013.00
1980-1989       87             90843.00        30160.00       121003.00
1980-1989       88             71851.67        22873.83        94725.50
1980-1989       89             55749.83        17133.67        72883.50
1980-1989       90             42385.33        12542.50        54927.83
1980-1989       91             31492.33         9005.83        40498.17
1980-1989       92             22785.00         6317.17        29102.17
1980-1989       93             16043.67         4416.83        20460.50
1980-1989       94             11002.50         2970.67        13973.17
1980-1989       95              7207.17         1926.67         9133.83
1980-1989       96              4634.67         1226.33         5861.00
1980-1989       97              2917.33          720.83         3638.17
1980-1989       98              1780.67          411.00         2191.67
1980-1989       99              1056.50          258.00         1314.50
1980-1989      100               598.50          147.83          746.33
1980-1989      101               334.50           75.33          409.83
1980-1989      102               182.17           36.50          218.67
1980-1989      103                91.00           19.33          110.33
1980-1989      104                40.67           12.17           52.83
1980-1989      105                21.00            4.33           25.33
1980-1989      106                 8.50            2.00           10.50
1980-1989      107                 3.17            0.83            4.00
1980-1989      108                 0.17            0.50            0.67
1980-1989      109                 0.00            0.83            0.83
1980-1989      110+                0.00            0.00            0.00
1990-1999        0            435233.57       457879.46       893113.03
1990-1999        1            442682.00       465502.80       908184.81
1990-1999        2            448222.53       471727.32       919949.85
1990-1999        3            451219.48       474913.58       926133.06
1990-1999        4            453911.66       477834.37       931746.02
1990-1999        5            455932.18       479988.04       935920.22
1990-1999        6            455938.27       479968.29       935906.56
1990-1999        7            455879.20       479260.78       935139.98
1990-1999        8            456992.11       479406.38       936398.49
1990-1999        9            457564.02       480141.75       937705.77
1990-1999       10            456082.35       479396.27       935478.62
1990-1999       11            453787.42       477474.77       931262.19
1990-1999       12            451966.82       475486.54       927453.36
1990-1999       13            451040.74       474538.19       925578.92
1990-1999       14            451516.87       475129.62       926646.50
1990-1999       15            454186.39       477813.42       931999.81
1990-1999       16            458044.22       481172.01       939216.23
1990-1999       17            463210.75       485323.99       948534.74
1990-1999       18            471708.59       491978.61       963687.19
1990-1999       19            485351.01       501661.58       987012.59
1990-1999       20            505576.05       517760.62      1023336.68
1990-1999       21            529869.26       539148.97      1069018.23
1990-1999       22            555333.53       563983.36      1119316.88
1990-1999       23            580464.77       589881.41      1170346.18
1990-1999       24            603248.80       614812.42      1218061.21
1990-1999       25            624236.85       638448.11      1262684.96
1990-1999       26            643349.95       660256.83      1303606.78
1990-1999       27            659298.30       679765.52      1339063.83
1990-1999       28            670381.68       693802.99      1364184.67
1990-1999       29            676344.22       703072.25      1379416.47
1990-1999       30            676698.18       705277.21      1381975.39
1990-1999       31            671137.82       700225.39      1371363.21
1990-1999       32            663593.23       691444.91      1355038.13
1990-1999       33            655056.22       680971.24      1336027.46
1990-1999       34            644399.60       667754.71      1312154.31
1990-1999       35            628699.81       649805.70      1278505.51
1990-1999       36            611067.83       630155.37      1241223.21
1990-1999       37            592511.18       609219.43      1201730.61
1990-1999       38            574787.76       588885.49      1163673.25
1990-1999       39            559402.52       570939.00      1130341.52
1990-1999       40            546659.38       555799.14      1102458.51
1990-1999       41            538150.39       545526.08      1083676.46
1990-1999       42            532515.58       538226.33      1070741.92
1990-1999       43            526133.94       530798.04      1056931.97
1990-1999       44            507602.75       511771.59      1019374.34
1990-1999       45            498999.23       501986.98      1000986.22
1990-1999       46            497053.61       499015.77       996069.38
1990-1999       47            494036.08       494793.63       988829.71
1990-1999       48            497427.33       496759.09       994186.41
1990-1999       49            504975.25       502694.08      1007669.34
1990-1999       50            515811.51       511254.60      1027066.11
1990-1999       51            511898.10       505346.31      1017244.41
1990-1999       52            495991.12       487554.92       983546.03
1990-1999       53            479846.74       469226.93       949073.67
1990-1999       54            477546.25       464210.13       941756.38
1990-1999       55            469200.66       453430.15       922630.81
1990-1999       56            456244.57       438424.78       894669.35
1990-1999       57            446528.75       425918.19       872446.94
1990-1999       58            432923.53       409387.25       842310.78
1990-1999       59            416927.86       390441.73       807369.58
1990-1999       60            397152.78       367577.41       764730.19
1990-1999       61            388414.56       354442.93       742857.49
1990-1999       62            390899.01       350585.36       741484.37
1990-1999       63            396239.73       346347.74       742587.46
1990-1999       64            403795.86       341139.97       744935.83
1990-1999       65            412839.90       334703.92       747543.81
1990-1999       66            421726.07       326299.92       748025.99
1990-1999       67            429151.48       316423.04       745574.52
1990-1999       68            435242.80       305517.52       740760.32
1990-1999       69            437980.73       292167.23       730147.96
1990-1999       70            435078.05       275802.79       710880.84
1990-1999       71            417959.50       252839.63       670799.13
1990-1999       72            394369.08       228177.29       622546.37
1990-1999       73            370703.81       205587.41       576291.21
1990-1999       74            346615.96       185645.74       532261.70
1990-1999       75            330298.17       172056.71       502354.87
1990-1999       76            315540.15       161078.09       476618.24
1990-1999       77            299479.61       149909.82       449389.43
1990-1999       78            282310.26       138319.26       420629.51
1990-1999       79            264931.48       126552.38       391483.86
1990-1999       80            247587.79       114685.69       362273.48
1990-1999       81            239107.78       107300.50       346408.27
1990-1999       82            231773.45       100369.45       332142.90
1990-1999       83            220797.18        92020.16       312817.34
1990-1999       84            205378.64        82484.40       287863.05
1990-1999       85            182730.05        70792.46       253522.51
1990-1999       86            157896.17        58662.04       216558.21
1990-1999       87            133431.26        47341.49       180772.75
1990-1999       88            110442.51        37344.18       147786.68
1990-1999       89             89225.91        28724.07       117949.98
1990-1999       90             70148.67        21405.67        91554.33
1990-1999       91             53928.97        15480.33        69409.30
1990-1999       92             40240.67        10966.67        51207.33
1990-1999       93             29222.83         7546.17        36769.00
1990-1999       94             20682.33         5003.33        25685.67
1990-1999       95             14218.67         3209.00        17427.67
1990-1999       96              9419.67         2045.00        11464.67
1990-1999       97              6087.00         1235.83         7322.83
1990-1999       98              3737.67          727.83         4465.50
1990-1999       99              2236.17          406.83         2643.00
1990-1999      100              1288.83          215.50         1504.33
1990-1999      101               694.67          121.83          816.50
1990-1999      102               378.83           59.67          438.50
1990-1999      103               206.33           31.83          238.17
1990-1999      104               112.00           17.33          129.33
1990-1999      105                54.50            7.50           62.00
1990-1999      106                29.67            1.67           31.33
1990-1999      107                14.17            0.50           14.67
1990-1999      108                 5.50            0.00            5.50
1990-1999      109                 3.50            0.00            3.50
1990-1999      110+                7.67            0.00            7.67
2000-2009        0            375677.49       395325.11       771002.60
2000-2009        1            385391.94       405484.64       790876.58
2000-2009        2            390249.59       410151.28       800400.88
2000-2009        3            396893.91       417058.56       813952.47
2000-2009        4            403111.43       424071.07       827182.51
2000-2009        5            409997.25       430965.76       840963.01
2000-2009        6            418625.69       439381.31       858007.00
2000-2009        7            427528.95       448970.78       876499.73
2000-2009        8            437124.09       459291.55       896415.64
2000-2009        9            446436.39       469024.22       915460.61
2000-2009       10            454102.10       477012.46       931114.56
2000-2009       11            461106.99       484357.64       945464.63
2000-2009       12            466218.32       490192.12       956410.44
2000-2009       13            468542.51       492591.71       961134.22
2000-2009       14            470583.28       495239.65       965822.93
2000-2009       15            472531.34       497888.91       970420.25
2000-2009       16            473764.88       499651.47       973416.35
2000-2009       17            475821.99       501649.61       977471.60
2000-2009       18            480212.26       503145.70       983357.96
2000-2009       19            487002.33       506910.45       993912.77
2000-2009       20            492725.39       509515.04      1002240.42
2000-2009       21            496709.91       510208.56      1006918.46
2000-2009       22            500005.53       511361.55      1011367.07
2000-2009       23            503702.42       513740.98      1017443.40
2000-2009       24            508528.31       516998.74      1025527.05
2000-2009       25            514591.97       521386.76      1035978.73
2000-2009       26            520566.66       525457.20      1046023.85
2000-2009       27            526788.96       530092.99      1056881.96
2000-2009       28            534116.76       536331.46      1070448.23
2000-2009       29            543946.49       545200.30      1089146.79
2000-2009       30            559599.82       559938.85      1119538.66
2000-2009       31            579119.86       579143.24      1158263.10
2000-2009       32            599109.82       600616.11      1199725.93
2000-2009       33            618556.30       621825.28      1240381.58
2000-2009       34            636018.34       641666.77      1277685.11
2000-2009       35            652109.83       660210.97      1312320.80
2000-2009       36            666813.37       678330.74      1345144.11
2000-2009       37            679099.49       693828.53      1372928.02
2000-2009       38            686575.79       704071.25      1390647.04
2000-2009       39            689929.94       709109.97      1399039.91
2000-2009       40            688360.03       708786.16      1397146.19
2000-2009       41            681460.42       701738.37      1383198.79
2000-2009       42            672099.36       691146.97      1363246.33
2000-2009       43            662238.22       678860.08      1341098.31
2000-2009       44            650232.56       663785.51      1314018.07
2000-2009       45            633294.57       643734.14      1277028.71
2000-2009       46            614676.75       621925.92      1236602.67
2000-2009       47            595233.44       599654.62      1194888.07
2000-2009       48            576533.08       577882.93      1154416.01
2000-2009       49            559673.61       558106.16      1117779.77
2000-2009       50            545588.47       541671.96      1087260.43
2000-2009       51            536080.06       529713.93      1065793.99
2000-2009       52            528791.24       520190.43      1048981.68
2000-2009       53            520589.52       510601.02      1031190.55
2000-2009       54            500681.65       489263.03       989944.68
2000-2009       55            490485.00       476728.62       967213.62
2000-2009       56            486908.47       470715.20       957623.67
2000-2009       57            482294.54       463782.80       946077.34
2000-2009       58            483802.69       462275.82       946078.51
2000-2009       59            489419.85       464210.78       953630.64
2000-2009       60            498414.60       469281.21       967695.81
2000-2009       61            493314.24       461337.34       954651.58
2000-2009       62            476500.59       442219.41       918719.99
2000-2009       63            459423.19       422054.45       881477.64
2000-2009       64            455374.23       414152.29       869526.52
2000-2009       65            445155.63       400911.47       846067.11
2000-2009       66            430799.40       383270.59       814070.00
2000-2009       67            419189.24       367704.32       786893.57
2000-2009       68            403405.15       348204.07       751609.22
2000-2009       69            385138.79       326292.90       711431.70
2000-2009       70            363207.16       301048.74       664255.90
2000-2009       71            351361.26       284170.91       635532.17
2000-2009       72            349408.34       274951.27       624359.61
2000-2009       73            349493.37       265442.98       614936.35
2000-2009       74            350926.62       254848.05       605774.67
2000-2009       75            352456.74       243035.75       595492.49
2000-2009       76            352945.14       229576.83       582521.97
2000-2009       77            351153.13       214960.24       566113.37
2000-2009       78            346757.92       199733.49       546491.41
2000-2009       79            338799.94       183169.20       521969.14
2000-2009       80            324005.38       164317.94       488323.33
2000-2009       81            299543.31       143021.93       442565.24
2000-2009       82            270870.72       121631.52       392502.23
2000-2009       83            242428.67       102563.48       344992.15
2000-2009       84            213677.58        85938.49       299616.07
2000-2009       85            189316.72        73285.46       262602.18
2000-2009       86            166098.30        62269.16       228367.47
2000-2009       87            143257.11        51978.06       195235.17
2000-2009       88            121187.71        42421.45       163609.16
2000-2009       89            100647.81        33779.35       134427.16
2000-2009       90             82675.99        26558.09       109234.08
2000-2009       91             68990.41        21189.13        90179.54
2000-2009       92             56931.64        16694.14        73625.78
2000-2009       93             45636.84        12621.58        58258.42
2000-2009       94             35138.73         9241.31        44380.04
2000-2009       95             25297.18         6366.05        31663.23
2000-2009       96             17311.17         4157.04        21468.21
2000-2009       97             11460.76         2583.16        14043.91
2000-2009       98              7329.84         1569.68         8899.52
2000-2009       99              4555.24          896.07         5451.31
2000-2009      100              2696.17          480.00         3176.17
2000-2009      101              1545.80          245.50         1791.30
2000-2009      102               868.33          127.00          995.33
2000-2009      103               477.33           68.50          545.83
2000-2009      104               254.67           33.17          287.83
2000-2009      105               133.33           12.67          146.00
2000-2009      106                68.83            2.00           70.83
2000-2009      107                38.00            1.33           39.33
2000-2009      108                18.50            1.00           19.50
2000-2009      109                 5.17            1.00            6.17
2000-2009      110+                0.83            0.17            1.00
2010-2017        0            312115.22       332049.97       644165.19
2010-2017        1            316387.78       336204.81       652592.58
2010-2017        2            315022.25       334543.50       649565.75
2010-2017        3            314620.44       332973.82       647594.26
2010-2017        4            315285.42       332615.93       647901.35
2010-2017        5            316435.22       333117.61       649552.83
2010-2017        6            317015.28       333264.14       650279.42
2010-2017        7            317610.91       333589.32       651200.23
2010-2017        8            318485.58       334612.74       653098.32
2010-2017        9            320036.41       336339.43       656375.85
2010-2017       10            322270.25       338591.23       660861.48
2010-2017       11            324778.47       341705.66       666484.12
2010-2017       12            328231.63       345617.97       673849.60
2010-2017       13            333953.03       351595.70       685548.73
2010-2017       14            340232.76       358651.21       698883.97
2010-2017       15            346638.00       366830.85       713468.86
2010-2017       16            354701.04       377387.78       732088.82
2010-2017       17            364160.53       389255.91       753416.43
2010-2017       18            375570.82       401856.00       777426.82
2010-2017       19            392192.65       417037.66       809230.31
2010-2017       20            405843.18       428271.28       834114.46
2010-2017       21            416049.10       435659.53       851708.63
2010-2017       22            424968.15       442417.35       867385.50
2010-2017       23            433184.84       448421.27       881606.11
2010-2017       24            439193.13       453017.11       892210.25
2010-2017       25            443880.46       456517.92       900398.38
2010-2017       26            447408.39       458241.40       905649.79
2010-2017       27            450479.80       460199.84       910679.64
2010-2017       28            454184.27       463569.03       917753.30
2010-2017       29            456312.18       464980.97       921293.15
2010-2017       30            455502.60       463710.65       919213.24
2010-2017       31            453651.44       461673.44       915324.89
2010-2017       32            450812.43       457872.57       908685.00
2010-2017       33            447550.94       453080.73       900631.67
2010-2017       34            445317.77       450127.11       895444.89
2010-2017       35            444615.17       448308.97       892924.14
2010-2017       36            443503.87       445818.52       889322.39
2010-2017       37            445252.90       445511.37       890764.27
2010-2017       38            453198.94       451177.34       904376.29
2010-2017       39            463892.82       460011.40       923904.22
2010-2017       40            477695.06       473205.11       950900.17
2010-2017       41            494493.09       490382.81       984875.90
2010-2017       42            510043.72       507574.79      1017618.52
2010-2017       43            522835.64       522388.02      1045223.66
2010-2017       44            534974.99       537171.20      1072146.20
2010-2017       45            546822.09       551269.01      1098091.10
2010-2017       46            555486.05       561604.95      1117091.01
2010-2017       47            562159.25       569473.42      1131632.67
2010-2017       48            563603.24       572125.92      1135729.15
2010-2017       49            559715.59       568319.62      1128035.21
2010-2017       50            553138.06       560383.24      1113521.30
2010-2017       51            544469.28       549601.08      1094070.36
2010-2017       52            533916.93       536685.08      1070602.02
2010-2017       53            521243.87       521187.62      1042431.49
2010-2017       54            506670.81       503512.26      1010183.06
2010-2017       55            488877.47       482243.55       971121.02
2010-2017       56            471426.75       460893.14       932319.89
2010-2017       57            455218.11       441279.65       896497.77
2010-2017       58            439421.35       422367.20       861788.56
2010-2017       59            425364.87       405653.85       831018.72
2010-2017       60            413621.36       391538.06       805159.42
2010-2017       61            404816.73       380316.87       785133.61
2010-2017       62            398215.43       371417.10       769632.54
2010-2017       63            393884.92       364685.48       758570.40
2010-2017       64            378007.04       347349.10       725356.14
2010-2017       65            369007.45       335715.30       704722.75
2010-2017       66            366151.84       329415.75       695567.59
2010-2017       67            361712.67       322099.67       683812.34
2010-2017       68            361042.73       318161.30       679204.03
2010-2017       69            361445.78       315192.13       676637.91
2010-2017       70            365138.51       315155.06       680293.57
2010-2017       71            359223.68       306093.08       665316.76
2010-2017       72            354773.44       298538.74       653312.18
2010-2017       73            343160.75       285231.41       628392.16
2010-2017       74            326825.38       267320.97       594146.35
2010-2017       75            311846.39       249914.87       561761.26
2010-2017       76            292797.25       229207.56       522004.82
2010-2017       77            271393.79       206813.66       478207.45
2010-2017       78            246942.24       182028.22       428970.46
2010-2017       79            232432.82       165445.64       397878.46
2010-2017       80            226344.09       155369.57       381713.66
2010-2017       81            219772.94       145101.13       364874.06
2010-2017       82            211370.59       134294.31       345664.90
2010-2017       83            202601.97       122652.01       325253.98
2010-2017       84            193684.88       110046.27       303731.14
2010-2017       85            183001.15        96580.29       279581.44
2010-2017       86            170954.71        83057.44       254012.15
2010-2017       87            156793.64        70007.82       226801.46
2010-2017       88            141146.45        57825.37       198971.82
2010-2017       89            124227.65        46843.56       171071.21
2010-2017       90            106074.76        36993.06       143067.83
2010-2017       91             85190.67        27529.47       112720.14
2010-2017       92             65043.85        19801.32        84845.17
2010-2017       93             47913.60        13830.48        61744.08
2010-2017       94             34288.30         9406.68        43694.97
2010-2017       95             24268.74         6365.66        30634.40
2010-2017       96             16767.34         4244.53        21011.88
2010-2017       97             11336.97         2730.61        14067.58
2010-2017       98              7543.96         1684.24         9228.20
2010-2017       99              5093.34         1097.55         6190.89
2010-2017      100              3439.59          705.59         4145.18
2010-2017      101              2161.69          428.29         2589.98
2010-2017      102              1282.32          259.17         1541.49
2010-2017      103               686.64          135.96          822.60
2010-2017      104               340.17           73.71          413.88
2010-2017      105               171.92           38.83          210.75
2010-2017      106                88.01           16.68          104.68
2010-2017      107                38.91            4.23           43.14
2010-2017      108                22.17            0.17           22.33
2010-2017      109                 8.63            0.00            8.63
2010-2017      110+                4.17            0.00            4.17
