Canada, Exposure to risk (period 1x10), 	Last modified: 26 Sep 2017;  Methods Protocol: v6 (2017)

  Year          Age             Female            Male           Total
1921-1929        0            943265.86       952296.49      1895562.35
1921-1929        1            954525.60       968059.46      1922585.06
1921-1929        2            966564.03       984882.75      1951446.78
1921-1929        3            974012.38       995521.65      1969534.03
1921-1929        4            975479.28       998730.81      1974210.09
1921-1929        5            972298.16       996031.33      1968329.49
1921-1929        6            965813.89       988946.41      1954760.30
1921-1929        7            955583.34       977203.16      1932786.50
1921-1929        8            941499.95       960911.35      1902411.31
1921-1929        9            925366.33       942091.84      1867458.17
1921-1929       10            907434.42       920874.25      1828308.67
1921-1929       11            887257.54       896640.93      1783898.47
1921-1929       12            868974.49       875392.25      1744366.74
1921-1929       13            854406.14       859788.27      1714194.40
1921-1929       14            841739.93       847252.97      1688992.90
1921-1929       15            827972.89       833429.40      1661402.29
1921-1929       16            814178.63       819868.84      1634047.47
1921-1929       17            798152.03       802510.07      1600662.10
1921-1929       18            778646.00       779287.39      1557933.38
1921-1929       19            757150.23       752926.85      1510077.08
1921-1929       20            736256.46       727832.83      1464089.28
1921-1929       21            715345.13       703141.33      1418486.46
1921-1929       22            697153.03       683162.85      1380315.88
1921-1929       23            683154.38       670105.09      1353259.46
1921-1929       24            671910.24       661672.93      1333583.17
1921-1929       25            660719.13       653534.70      1314253.83
1921-1929       26            650061.19       646362.18      1296423.37
1921-1929       27            639078.13       639736.62      1278814.75
1921-1929       28            627176.95       633090.11      1260267.06
1921-1929       29            615044.09       626950.61      1241994.69
1921-1929       30            603397.52       621586.67      1224984.19
1921-1929       31            591812.87       616362.01      1208174.88
1921-1929       32            582446.12       614252.33      1196698.45
1921-1929       33            576147.74       616338.42      1192486.16
1921-1929       34            571487.94       620551.00      1192038.94
1921-1929       35            566490.23       624190.52      1190680.75
1921-1929       36            561601.00       627752.32      1189353.32
1921-1929       37            553673.07       626139.28      1179812.35
1921-1929       38            541216.92       616879.02      1158095.94
1921-1929       39            525968.28       602759.10      1128727.38
1921-1929       40            510903.04       588586.40      1099489.44
1921-1929       41            495450.30       573516.26      1068966.56
1921-1929       42            480759.74       558831.24      1039590.98
1921-1929       43            467605.68       545508.82      1013114.50
1921-1929       44            455235.90       532645.22       987881.12
1921-1929       45            442278.73       518494.35       960773.09
1921-1929       46            429222.64       503607.71       932830.35
1921-1929       47            415522.03       487795.57       903317.61
1921-1929       48            400728.95       470738.96       871467.91
1921-1929       49            385239.90       452767.51       838007.40
1921-1929       50            370028.51       434839.55       804868.06
1921-1929       51            354969.73       417088.01       772057.74
1921-1929       52            339856.09       398016.18       737872.27
1921-1929       53            324797.85       377182.50       701980.35
1921-1929       54            310071.19       355702.83       665774.03
1921-1929       55            295473.97       334499.37       629973.34
1921-1929       56            280922.01       313100.05       594022.06
1921-1929       57            268380.28       295748.34       564128.62
1921-1929       58            258552.85       284300.49       542853.34
1921-1929       59            250386.81       276487.98       526874.79
1921-1929       60            242236.70       268464.05       510700.75
1921-1929       61            234432.35       261010.93       495443.28
1921-1929       62            225365.05       251606.12       476971.16
1921-1929       63            214198.33       238754.17       452952.50
1921-1929       64            201880.40       223977.50       425857.90
1921-1929       65            189983.55       209991.72       399975.27
1921-1929       66            178242.34       196298.31       374540.65
1921-1929       67            167138.13       183229.87       350368.00
1921-1929       68            156961.26       171099.41       328060.66
1921-1929       69            147381.63       159621.53       307003.16
1921-1929       70            137806.76       148136.17       285942.94
1921-1929       71            128477.24       136909.60       265386.84
1921-1929       72            118991.22       125736.63       244727.84
1921-1929       73            109121.35       114467.30       223588.65
1921-1929       74             99164.73       103334.70       202499.43
1921-1929       75             89588.72        92652.62       182241.33
1921-1929       76             80267.16        82360.06       162627.22
1921-1929       77             71627.02        72779.00       144406.02
1921-1929       78             63854.15        64074.49       127928.63
1921-1929       79             57129.66        56227.89       113357.55
1921-1929       80             56380.98        50253.36       106634.34
1921-1929       81             49461.81        43348.21        92810.02
1921-1929       82             43101.58        37192.49        80294.06
1921-1929       83             36882.29        31304.20        68186.48
1921-1929       84             31238.34        26069.01        57307.35
1921-1929       85             25988.15        21267.59        47255.74
1921-1929       86             21270.87        17039.65        38310.51
1921-1929       87             17164.15        13456.77        30620.93
1921-1929       88             13720.42        10536.74        24257.16
1921-1929       89             10865.15         8172.63        19037.78
1921-1929       90              8439.87         6195.34        14635.21
1921-1929       91              6545.20         4693.55        11238.75
1921-1929       92              5106.31         3544.27         8650.59
1921-1929       93              3822.70         2592.29         6414.99
1921-1929       94              2773.46         1892.03         4665.50
1921-1929       95              1979.48         1348.40         3327.88
1921-1929       96              1398.67          965.02         2363.69
1921-1929       97               986.21          682.12         1668.33
1921-1929       98               680.52          466.11         1146.63
1921-1929       99               454.77          330.24          785.01
1921-1929      100               298.94          231.39          530.32
1921-1929      101               190.31          149.26          339.57
1921-1929      102               118.28           93.70          211.98
1921-1929      103                70.73           56.93          127.66
1921-1929      104                40.18           32.75           72.93
1921-1929      105                20.90           17.26           38.16
1921-1929      106                 8.94            7.56           16.51
1921-1929      107                 2.31            2.10            4.41
1921-1929      108                 0.27            0.49            0.76
1921-1929      109                 0.00            0.00            0.00
1921-1929      110+                0.00            0.00            0.00
1930-1939        0            995740.07      1027846.70      2023586.77
1930-1939        1           1006304.37      1034748.37      2041052.73
1930-1939        2           1022497.74      1049196.52      2071694.27
1930-1939        3           1037550.84      1062924.39      2100475.23
1930-1939        4           1051726.79      1076132.06      2127858.86
1930-1939        5           1064844.07      1088579.68      2153423.75
1930-1939        6           1076590.25      1099896.07      2176486.32
1930-1939        7           1085815.04      1108880.58      2194695.62
1930-1939        8           1094958.99      1117965.71      2212924.70
1930-1939        9           1102013.50      1125064.12      2227077.63
1930-1939       10           1105823.14      1129005.81      2234828.94
1930-1939       11           1108920.69      1132416.44      2241337.13
1930-1939       12           1107714.77      1131233.42      2238948.18
1930-1939       13           1102050.13      1125109.34      2227159.47
1930-1939       14           1091629.52      1113911.82      2205541.34
1930-1939       15           1079519.51      1101305.68      2180825.19
1930-1939       16           1065869.72      1087548.69      2153418.41
1930-1939       17           1051439.40      1072567.74      2124007.13
1930-1939       18           1036634.52      1056431.32      2093065.84
1930-1939       19           1021840.59      1040075.07      2061915.66
1930-1939       20           1005967.28      1022984.44      2028951.72
1930-1939       21            989254.88      1004939.66      1994194.54
1930-1939       22            968897.01       985382.77      1954279.77
1930-1939       23            943560.22       964005.14      1907565.36
1930-1939       24            914988.28       941441.77      1856430.05
1930-1939       25            886696.49       918930.99      1805627.47
1930-1939       26            858498.89       896573.70      1755072.59
1930-1939       27            830642.40       874215.37      1704857.76
1930-1939       28            803769.92       851998.87      1655768.79
1930-1939       29            778180.99       830353.14      1608534.12
1930-1939       30            753009.76       809281.50      1562291.26
1930-1939       31            727820.50       788507.93      1516328.43
1930-1939       32            707832.44       771031.92      1478864.36
1930-1939       33            695390.36       758247.91      1453638.26
1930-1939       34            688087.47       748832.72      1436920.19
1930-1939       35            680896.02       739833.39      1420729.42
1930-1939       36            674521.46       731605.74      1406127.19
1930-1939       37            668211.68       724335.40      1392547.08
1930-1939       38            661003.77       717735.35      1378739.12
1930-1939       39            653088.32       711652.00      1364740.32
1930-1939       40            645806.82       705946.34      1351753.16
1930-1939       41            639143.76       700380.91      1339524.66
1930-1939       42            630175.45       694836.09      1325011.55
1930-1939       43            617683.97       689177.80      1306861.76
1930-1939       44            602828.70       683109.35      1285938.05
1930-1939       45            587810.37       676369.67      1264180.04
1930-1939       46            571983.06       668910.02      1240893.09
1930-1939       47            556942.84       659805.26      1216748.10
1930-1939       48            543626.76       648553.89      1192180.65
1930-1939       49            531114.86       635314.30      1166429.16
1930-1939       50            517810.35       621237.91      1139048.26
1930-1939       51            504379.47       606624.23      1111003.71
1930-1939       52            488766.75       588513.84      1077280.59
1930-1939       53            469905.86       565730.75      1035636.61
1930-1939       54            448961.44       539796.09       988757.52
1930-1939       55            428355.70       513677.09       942032.79
1930-1939       56            407795.82       487085.96       894881.78
1930-1939       57            387630.01       460862.85       848492.86
1930-1939       58            368347.35       435817.23       804164.58
1930-1939       59            349912.28       411845.42       761757.70
1930-1939       60            331513.93       387705.64       719219.58
1930-1939       61            313044.41       363311.41       676355.81
1930-1939       62            296906.86       341778.69       638685.54
1930-1939       63            284143.83       324410.03       608553.87
1930-1939       64            273631.29       309868.61       583499.90
1930-1939       65            263172.07       295476.90       558648.97
1930-1939       66            253189.75       281766.76       534956.50
1930-1939       67            242664.17       267641.28       510305.45
1930-1939       68            230839.95       252300.67       483140.62
1930-1939       69            218209.98       236257.03       454467.01
1930-1939       70            206010.37       220930.27       426940.63
1930-1939       71            194191.49       206153.14       400344.63
1930-1939       72            181722.48       191136.08       372858.56
1930-1939       73            168335.34       175680.00       344015.34
1930-1939       74            154417.97       160058.74       314476.71
1930-1939       75            140782.86       144893.25       285676.11
1930-1939       76            127439.29       130229.93       257669.22
1930-1939       77            114313.54       115860.19       230173.73
1930-1939       78            101496.88       101784.60       203281.48
1930-1939       79             89129.63        88209.43       177339.05
1930-1939       80             84966.81        78499.22       163466.03
1930-1939       81             73971.22        67374.66       141345.88
1930-1939       82             64037.70        57211.47       121249.17
1930-1939       83             54438.22        47509.84       101948.06
1930-1939       84             45634.57        38776.65        84411.22
1930-1939       85             37719.69        31164.82        68884.51
1930-1939       86             30801.42        24691.81        55493.23
1930-1939       87             24734.94        19223.57        43958.50
1930-1939       88             19520.87        14768.68        34289.55
1930-1939       89             15310.87        11181.41        26492.28
1930-1939       90             11779.80         8302.42        20082.22
1930-1939       91              8909.66         6173.45        15083.11
1930-1939       92              6742.72         4592.69        11335.41
1930-1939       93              4989.06         3332.98         8322.04
1930-1939       94              3626.46         2383.92         6010.37
1930-1939       95              2565.36         1685.90         4251.26
1930-1939       96              1774.51         1177.64         2952.15
1930-1939       97              1210.36          798.56         2008.92
1930-1939       98               807.24          520.08         1327.32
1930-1939       99               539.19          346.74          885.93
1930-1939      100               356.25          228.92          585.17
1930-1939      101               222.91          142.46          365.37
1930-1939      102               135.05           86.23          221.28
1930-1939      103                78.92           49.36          128.28
1930-1939      104                44.00           26.13           70.13
1930-1939      105                22.46           11.53           33.98
1930-1939      106                 9.25            2.76           12.01
1930-1939      107                 1.91            0.21            2.12
1930-1939      108                 0.09            0.00            0.09
1930-1939      109                 0.00            0.00            0.00
1930-1939      110+                0.00            0.00            0.00
1940-1949        0           1328195.69      1398047.95      2726243.64
1940-1949        1           1258643.86      1318040.57      2576684.44
1940-1949        2           1206322.72      1258273.95      2464596.67
1940-1949        3           1158895.11      1204442.94      2363338.05
1940-1949        4           1126734.50      1167269.19      2294003.69
1940-1949        5           1100557.32      1136979.76      2237537.08
1940-1949        6           1080749.13      1113914.26      2194663.40
1940-1949        7           1067234.24      1097864.79      2165099.02
1940-1949        8           1059876.81      1088633.56      2148510.37
1940-1949        9           1055110.58      1082439.40      2137549.98
1940-1949       10           1057991.60      1084400.17      2142391.77
1940-1949       11           1061942.44      1087605.17      2149547.60
1940-1949       12           1066996.49      1092045.79      2159042.29
1940-1949       13           1069740.28      1094122.55      2163862.82
1940-1949       14           1071548.25      1095099.41      2166647.66
1940-1949       15           1074817.10      1097749.52      2172566.62
1940-1949       16           1078528.55      1101287.64      2179816.20
1940-1949       17           1081060.89      1102043.05      2183103.94
1940-1949       18           1084852.98      1101687.34      2186540.32
1940-1949       19           1087581.88      1098838.75      2186420.63
1940-1949       20           1087814.59      1093976.52      2181791.11
1940-1949       21           1088229.15      1089392.75      2177621.90
1940-1949       22           1083847.40      1081291.28      2165138.68
1940-1949       23           1073906.10      1069680.26      2143586.36
1940-1949       24           1058563.48      1054231.64      2112795.11
1940-1949       25           1042349.51      1038069.48      2080418.99
1940-1949       26           1025425.52      1021459.26      2046884.78
1940-1949       27           1007347.37      1004916.02      2012263.39
1940-1949       28            988080.23       988671.88      1976752.11
1940-1949       29            968682.01       973375.18      1942057.19
1940-1949       30            948804.81       957811.36      1906616.17
1940-1949       31            928167.12       941611.51      1869778.63
1940-1949       32            906854.62       925350.40      1832205.02
1940-1949       33            884920.38       909128.44      1794048.82
1940-1949       34            862634.42       892830.98      1755465.39
1940-1949       35            840364.21       876464.82      1716829.03
1940-1949       36            818167.75       860336.41      1678504.15
1940-1949       37            796551.49       843139.21      1639690.70
1940-1949       38            775873.96       824321.10      1600195.06
1940-1949       39            756085.59       804640.70      1560726.29
1940-1949       40            736656.57       785433.24      1522089.81
1940-1949       41            717517.03       766459.80      1483976.83
1940-1949       42            700144.57       748780.03      1448924.60
1940-1949       43            685192.25       733100.04      1418292.29
1940-1949       44            671962.24       718967.81      1390930.05
1940-1949       45            658979.74       704957.62      1363937.36
1940-1949       46            646281.82       690934.10      1337215.92
1940-1949       47            634234.04       678944.29      1313178.33
1940-1949       48            622770.66       669727.28      1292497.94
1940-1949       49            611605.85       662218.98      1273824.83
1940-1949       50            600518.53       654487.62      1255006.15
1940-1949       51            589584.56       646772.17      1236356.74
1940-1949       52            577546.93       637968.48      1215515.41
1940-1949       53            563766.59       627292.63      1191059.22
1940-1949       54            548715.57       615055.19      1163770.76
1940-1949       55            533582.81       602558.70      1136141.51
1940-1949       56            518237.46       589738.41      1107975.87
1940-1949       57            502121.58       574812.20      1076933.78
1940-1949       58            485077.33       557092.43      1042169.76
1940-1949       59            467369.25       537301.24      1004670.49
1940-1949       60            449391.00       516988.52       966379.53
1940-1949       61            431101.93       495972.65       927074.58
1940-1949       62            412917.67       474432.09       887349.76
1940-1949       63            395108.77       452659.73       847768.51
1940-1949       64            377524.76       430634.88       808159.64
1940-1949       65            359763.37       408153.73       767917.10
1940-1949       66            341955.20       385390.13       727345.33
1940-1949       67            324164.39       362493.42       686657.81
1940-1949       68            306387.71       339534.47       645922.18
1940-1949       69            288665.76       316651.24       605317.00
1940-1949       70            271091.93       293943.81       565035.74
1940-1949       71            253782.31       271508.26       525290.57
1940-1949       72            236415.35       249544.85       485960.20
1940-1949       73            218895.80       228210.90       447106.69
1940-1949       74            201434.45       207541.18       408975.63
1940-1949       75            184381.57       187477.86       371859.42
1940-1949       76            167756.91       168068.92       335825.82
1940-1949       77            151715.98       149706.62       301422.60
1940-1949       78            136398.44       132537.94       268936.39
1940-1949       79            121815.56       116512.98       238328.54
1940-1949       80            115671.00       103713.73       219384.72
1940-1949       81            102455.58        90281.29       192736.87
1940-1949       82             89536.23        77388.15       166924.38
1940-1949       83             76808.28        65053.77       141862.05
1940-1949       84             65078.36        53896.48       118974.84
1940-1949       85             54193.34        43937.27        98130.61
1940-1949       86             44254.98        35261.92        79516.90
1940-1949       87             35511.04        27728.15        63239.18
1940-1949       88             28165.02        21413.66        49578.67
1940-1949       89             21968.66        16170.25        38138.91
1940-1949       90             16769.82        11913.67        28683.49
1940-1949       91             12699.70         8771.36        21471.06
1940-1949       92              9484.67         6382.75        15867.42
1940-1949       93              6869.62         4494.94        11364.56
1940-1949       94              4885.17         3092.58         7977.76
1940-1949       95              3412.18         2118.07         5530.25
1940-1949       96              2327.14         1454.44         3781.58
1940-1949       97              1540.04          951.42         2491.46
1940-1949       98               991.07          600.46         1591.53
1940-1949       99               641.07          386.00         1027.07
1940-1949      100               401.48          238.34          639.82
1940-1949      101               242.74          140.31          383.05
1940-1949      102               144.08           82.40          226.47
1940-1949      103                85.46           48.14          133.60
1940-1949      104                50.33           26.31           76.64
1940-1949      105                28.56           13.43           41.98
1940-1949      106                14.81            8.01           22.82
1940-1949      107                 6.78            5.88           12.66
1940-1949      108                 3.35            3.85            7.20
1940-1949      109                 1.45            2.68            4.14
1940-1949      110+                0.97            6.06            7.02
1950-1959        0           1941610.36      2034212.30      3975822.66
1950-1959        1           1916344.45      2002523.80      3918868.25
1950-1959        2           1887210.95      1970127.66      3857338.61
1950-1959        3           1853481.28      1933538.11      3787019.40
1950-1959        4           1808546.15      1885764.40      3694310.55
1950-1959        5           1757358.88      1831941.40      3589300.29
1950-1959        6           1701495.94      1773439.36      3474935.31
1950-1959        7           1643847.10      1713259.12      3357106.22
1950-1959        8           1582908.93      1649666.93      3232575.86
1950-1959        9           1520918.27      1584866.69      3105784.96
1950-1959       10           1456890.12      1517912.88      2974803.00
1950-1959       11           1394828.86      1453007.78      2847836.64
1950-1959       12           1337851.10      1392376.81      2730227.90
1950-1959       13           1282355.31      1331766.05      2614121.36
1950-1959       14           1240106.49      1283891.13      2523997.62
1950-1959       15           1198119.94      1236395.83      2434515.77
1950-1959       16           1157449.93      1190509.06      2347958.99
1950-1959       17           1128436.51      1155670.85      2284107.36
1950-1959       18           1115714.61      1136311.43      2252026.04
1950-1959       19           1112457.71      1126090.39      2238548.10
1950-1959       20           1114962.61      1121783.64      2236746.25
1950-1959       21           1117372.78      1116827.41      2234200.19
1950-1959       22           1124699.33      1120024.33      2244723.66
1950-1959       23           1134710.86      1130967.94      2265678.80
1950-1959       24           1146764.18      1146981.82      2293746.00
1950-1959       25           1160431.87      1164478.89      2324910.75
1950-1959       26           1175662.45      1184853.01      2360515.46
1950-1959       27           1185507.23      1195839.52      2381346.76
1950-1959       28           1189985.48      1194818.84      2384804.31
1950-1959       29           1188976.84      1184476.37      2373453.22
1950-1959       30           1185860.21      1173348.72      2359208.93
1950-1959       31           1182283.91      1161776.05      2344059.96
1950-1959       32           1174977.11      1150296.57      2325273.68
1950-1959       33           1164583.23      1141866.41      2306449.64
1950-1959       34           1149902.35      1133263.18      2283165.53
1950-1959       35           1133247.40      1122381.37      2255628.77
1950-1959       36           1115567.90      1110762.26      2226330.16
1950-1959       37           1094746.33      1096540.32      2191286.64
1950-1959       38           1069770.70      1078345.69      2148116.39
1950-1959       39           1042818.54      1058186.37      2101004.91
1950-1959       40           1015488.55      1037986.83      2053475.39
1950-1959       41            987165.76      1016829.34      2003995.10
1950-1959       42            958137.93       994650.33      1952788.26
1950-1959       43            928744.79       971666.25      1900411.04
1950-1959       44            899262.80       947864.02      1847126.82
1950-1959       45            869561.35       923503.51      1793064.86
1950-1959       46            839615.47       898593.44      1738208.91
1950-1959       47            811428.93       873356.67      1684785.60
1950-1959       48            786013.21       847882.73      1633895.95
1950-1959       49            762608.28       822278.35      1584886.63
1950-1959       50            739489.66       796684.56      1536174.22
1950-1959       51            716711.83       771104.28      1487816.11
1950-1959       52            695254.31       746011.12      1441265.43
1950-1959       53            675219.23       721729.50      1396948.73
1950-1959       54            656289.87       698172.12      1354461.98
1950-1959       55            638021.67       675060.17      1313081.83
1950-1959       56            620573.48       652441.55      1273015.03
1950-1959       57            602756.52       630553.31      1233309.82
1950-1959       58            584067.96       609539.76      1193607.72
1950-1959       59            564944.66       589322.55      1154267.20
1950-1959       60            546361.91       569533.90      1115895.81
1950-1959       61            527707.54       549332.56      1077040.11
1950-1959       62            510610.49       531963.76      1042574.25
1950-1959       63            495861.01       518548.73      1014409.74
1950-1959       64            482405.88       507320.59       989726.47
1950-1959       65            468555.40       495704.10       964259.50
1950-1959       66            454318.10       484028.96       938347.06
1950-1959       67            439535.39       469543.35       909078.74
1950-1959       68            423837.68       450518.16       874355.84
1950-1959       69            407120.35       428143.66       835264.00
1950-1959       70            390287.41       405992.75       796280.16
1950-1959       71            373763.10       383768.12       757531.22
1950-1959       72            353694.38       359209.86       712904.24
1950-1959       73            328353.01       331735.11       660088.12
1950-1959       74            299808.59       302337.01       602145.60
1950-1959       75            271645.06       273156.19       544801.25
1950-1959       76            243479.91       243937.26       487417.18
1950-1959       77            217161.63       216226.29       433387.93
1950-1959       78            194300.15       191033.42       385333.57
1950-1959       79            173924.40       167789.80       341714.19
1950-1959       80            164614.68       149441.99       314056.67
1950-1959       81            145042.99       128987.97       274030.97
1950-1959       82            126537.78       110276.20       236813.98
1950-1959       83            108878.16        92746.43       201624.59
1950-1959       84             92449.90        76448.24       168898.14
1950-1959       85             77630.66        62451.67       140082.32
1950-1959       86             64467.19        50412.39       114879.59
1950-1959       87             52593.69        39722.18        92315.87
1950-1959       88             42303.39        30905.34        73208.72
1950-1959       89             33679.80        23747.58        57427.38
1950-1959       90             26285.70        17883.25        44168.94
1950-1959       91             20350.36        13245.04        33595.40
1950-1959       92             15280.03         9703.80        24983.83
1950-1959       93             11220.39         6816.61        18036.99
1950-1959       94              7947.17         4743.08        12690.25
1950-1959       95              5604.40         3231.81         8836.21
1950-1959       96              3878.12         2154.80         6032.92
1950-1959       97              2531.74         1367.42         3899.16
1950-1959       98              1564.08          823.15         2387.23
1950-1959       99               974.87          526.96         1501.83
1950-1959      100               587.24          320.41          907.65
1950-1959      101               344.22          196.55          540.78
1950-1959      102               210.62          120.32          330.94
1950-1959      103               128.86           71.57          200.43
1950-1959      104                78.71           44.96          123.67
1950-1959      105                46.64           29.67           76.32
1950-1959      106                30.33           17.77           48.10
1950-1959      107                20.08           10.96           31.04
1950-1959      108                14.18            9.22           23.40
1950-1959      109                 9.92            7.44           17.36
1950-1959      110+                8.31           16.08           24.39
1960-1969        0           2054804.61      2163743.24      4218547.85
1960-1969        1           2095701.13      2202508.76      4298209.89
1960-1969        2           2144745.91      2252059.16      4396805.07
1960-1969        3           2184360.84      2290732.48      4475093.32
1960-1969        4           2197690.66      2302807.85      4500498.51
1960-1969        5           2196590.76      2299007.40      4495598.16
1960-1969        6           2187829.48      2288664.78      4476494.27
1960-1969        7           2169023.94      2267591.73      4436615.67
1960-1969        8           2143492.78      2240781.68      4384274.46
1960-1969        9           2111942.02      2208075.54      4320017.56
1960-1969       10           2074838.48      2169969.76      4244808.24
1960-1969       11           2033093.66      2126566.51      4159660.17
1960-1969       12           1986171.56      2076514.98      4062686.54
1960-1969       13           1937847.70      2022901.31      3960749.01
1960-1969       14           1879606.31      1957247.26      3836853.58
1960-1969       15           1818509.03      1887468.31      3705977.35
1960-1969       16           1754070.37      1813718.86      3567789.23
1960-1969       17           1689700.49      1738715.77      3428416.27
1960-1969       18           1625836.93      1662543.98      3288380.91
1960-1969       19           1565681.82      1588480.94      3154162.76
1960-1969       20           1505169.33      1515448.85      3020618.18
1960-1969       21           1450055.00      1447828.27      2897883.27
1960-1969       22           1402108.01      1390197.32      2792305.33
1960-1969       23           1354605.15      1339235.77      2693840.92
1960-1969       24           1319274.22      1308093.82      2627368.04
1960-1969       25           1287548.25      1283760.34      2571308.59
1960-1969       26           1262005.49      1267440.86      2529446.34
1960-1969       27           1242756.96      1257870.21      2500627.17
1960-1969       28           1230635.51      1253427.62      2484063.13
1960-1969       29           1222524.70      1250560.26      2473084.96
1960-1969       30           1224320.28      1256918.55      2481238.83
1960-1969       31           1227816.43      1263818.66      2491635.10
1960-1969       32           1234770.00      1272778.17      2507548.17
1960-1969       33           1242575.54      1279894.72      2522470.26
1960-1969       34           1251041.85      1285123.96      2536165.80
1960-1969       35           1259782.13      1288143.65      2547925.78
1960-1969       36           1268243.93      1289190.52      2557434.45
1960-1969       37           1272803.13      1285708.59      2558511.72
1960-1969       38           1273258.42      1279883.22      2553141.64
1960-1969       39           1267110.83      1268958.46      2536069.29
1960-1969       40           1253625.84      1251308.29      2504934.12
1960-1969       41           1235663.76      1230229.11      2465892.87
1960-1969       42           1213322.52      1206266.21      2419588.73
1960-1969       43           1189891.75      1182153.50      2372045.25
1960-1969       44           1163992.92      1157069.80      2321062.72
1960-1969       45           1135556.28      1131305.56      2266861.84
1960-1969       46           1106484.87      1105948.65      2212433.52
1960-1969       47           1076721.94      1080773.12      2157495.07
1960-1969       48           1046364.00      1055053.71      2101417.71
1960-1969       49           1017053.18      1029957.22      2047010.40
1960-1969       50            989990.44      1006974.31      1996964.75
1960-1969       51            963502.01       983862.05      1947364.06
1960-1969       52            936047.31       959484.95      1895532.26
1960-1969       53            906811.14       932359.86      1839171.00
1960-1969       54            875801.79       902306.39      1778108.19
1960-1969       55            842936.78       869706.09      1712642.87
1960-1969       56            809633.26       835654.25      1645287.51
1960-1969       57            776923.84       800746.54      1577670.38
1960-1969       58            747111.28       766307.00      1513418.28
1960-1969       59            717700.08       732961.38      1450661.46
1960-1969       60            691830.51       701139.64      1392970.15
1960-1969       61            667632.82       669927.27      1337560.09
1960-1969       62            644612.47       639589.88      1284202.35
1960-1969       63            622356.91       610601.90      1232958.81
1960-1969       64            600630.46       582383.05      1183013.51
1960-1969       65            579150.03       555112.55      1134262.58
1960-1969       66            558276.63       528797.57      1087074.20
1960-1969       67            538116.16       503660.33      1041776.49
1960-1969       68            518801.68       480214.78       999016.45
1960-1969       69            500175.03       457875.97       958051.00
1960-1969       70            480722.69       436404.56       917127.25
1960-1969       71            463227.82       416652.39       879880.21
1960-1969       72            443759.74       395930.02       839689.76
1960-1969       73            421321.18       373753.81       795074.99
1960-1969       74            396243.23       350349.33       746592.56
1960-1969       75            369739.99       325798.11       695538.09
1960-1969       76            341600.46       300861.95       642462.41
1960-1969       77            313252.29       275644.08       588896.37
1960-1969       78            285349.58       250205.12       535554.70
1960-1969       79            258021.82       224388.75       482410.57
1960-1969       80            245669.45       206015.62       451685.06
1960-1969       81            219171.64       181423.38       400595.03
1960-1969       82            193860.96       157932.09       351793.05
1960-1969       83            169297.10       135489.93       304787.04
1960-1969       84            145346.61       113886.51       259233.12
1960-1969       85            123087.75        94135.30       217223.05
1960-1969       86            102724.25        76530.23       179254.48
1960-1969       87             84366.50        61153.94       145520.44
1960-1969       88             67944.57        47949.73       115894.30
1960-1969       89             53946.47        36973.18        90919.65
1960-1969       90             42187.82        27925.40        70113.21
1960-1969       91             32665.73        20863.05        53528.79
1960-1969       92             24808.87        15186.83        39995.70
1960-1969       93             18233.56        10765.71        28999.27
1960-1969       94             13086.23         7466.50        20552.73
1960-1969       95              9216.35         5053.91        14270.26
1960-1969       96              6345.30         3352.17         9697.47
1960-1969       97              4222.08         2206.58         6428.66
1960-1969       98              2761.66         1381.14         4142.80
1960-1969       99              1785.14          862.46         2647.60
1960-1969      100              1120.18          527.04         1647.22
1960-1969      101               677.20          330.59         1007.79
1960-1969      102               392.28          207.70          599.98
1960-1969      103               213.09          126.63          339.72
1960-1969      104               113.80           77.94          191.74
1960-1969      105                64.42           47.93          112.35
1960-1969      106                36.80           27.61           64.40
1960-1969      107                17.31           16.29           33.60
1960-1969      108                 7.48           10.02           17.49
1960-1969      109                 2.02            5.47            7.49
1960-1969      110+                0.00            7.61            7.61
1970-1979        0           1718554.10      1809144.64      3527698.74
1970-1979        1           1722305.61      1809498.60      3531804.21
1970-1979        2           1737118.05      1824450.40      3561568.45
1970-1979        3           1763136.97      1851403.80      3614540.76
1970-1979        4           1803998.76      1895590.97      3699589.74
1970-1979        5           1852672.64      1944875.68      3797548.32
1970-1979        6           1912285.68      2010572.02      3922857.70
1970-1979        7           1976536.95      2075548.61      4052085.56
1970-1979        8           2038427.51      2139227.90      4177655.41
1970-1979        9           2088564.99      2189654.99      4278219.98
1970-1979       10           2137166.07      2239602.25      4376768.32
1970-1979       11           2186393.51      2289503.65      4475897.16
1970-1979       12           2230679.49      2335249.52      4565929.01
1970-1979       13           2265971.57      2372188.44      4638160.01
1970-1979       14           2285340.46      2389991.84      4675332.31
1970-1979       15           2286891.38      2388882.07      4675773.45
1970-1979       16           2282064.86      2377564.78      4659629.65
1970-1979       17           2266990.79      2352571.18      4619561.97
1970-1979       18           2248234.43      2321876.40      4570110.83
1970-1979       19           2224786.29      2283175.14      4507961.43
1970-1979       20           2196809.21      2239375.31      4436184.51
1970-1979       21           2160757.89      2191997.64      4352755.53
1970-1979       22           2121535.13      2146813.17      4268348.30
1970-1979       23           2086737.45      2111217.77      4197955.21
1970-1979       24           2060051.04      2078407.68      4138458.73
1970-1979       25           1998701.06      2025178.21      4023879.27
1970-1979       26           1940309.50      1971507.22      3911816.72
1970-1979       27           1883340.32      1931497.58      3814837.90
1970-1979       28           1831348.37      1881283.95      3712632.32
1970-1979       29           1767025.63      1827385.85      3594411.48
1970-1979       30           1703391.26      1761221.02      3464612.28
1970-1979       31           1633987.46      1695536.21      3329523.67
1970-1979       32           1564087.97      1621147.36      3185235.33
1970-1979       33           1485878.04      1545779.21      3031657.26
1970-1979       34           1430398.81      1487360.06      2917758.86
1970-1979       35           1386765.32      1444516.15      2831281.47
1970-1979       36           1347017.89      1403529.28      2750547.17
1970-1979       37           1311137.91      1369043.33      2680181.24
1970-1979       38           1291348.64      1347809.88      2639158.51
1970-1979       39           1275147.97      1333611.87      2608759.84
1970-1979       40           1266788.81      1325506.95      2592295.76
1970-1979       41           1261301.45      1319397.58      2580699.03
1970-1979       42           1259107.22      1313299.13      2572406.35
1970-1979       43           1259064.96      1308687.72      2567752.67
1970-1979       44           1257251.95      1300075.95      2557327.90
1970-1979       45           1258492.04      1293710.50      2552202.54
1970-1979       46           1258858.97      1283506.47      2542365.44
1970-1979       47           1254891.75      1268996.50      2523888.25
1970-1979       48           1248446.83      1250399.22      2498846.06
1970-1979       49           1243744.06      1234914.84      2478658.90
1970-1979       50           1230051.42      1210522.63      2440574.05
1970-1979       51           1215196.81      1187559.39      2402756.20
1970-1979       52           1192805.78      1155428.98      2348234.76
1970-1979       53           1167818.94      1123779.99      2291598.93
1970-1979       54           1137659.65      1090110.83      2227770.48
1970-1979       55           1106848.52      1058110.08      2164958.60
1970-1979       56           1079986.81      1030680.58      2110667.39
1970-1979       57           1049826.37      1001501.61      2051327.98
1970-1979       58           1014023.29       965835.68      1979858.97
1970-1979       59            977952.88       929704.22      1907657.09
1970-1979       60            945606.58       896362.97      1841969.55
1970-1979       61            916871.83       867643.41      1784515.23
1970-1979       62            892940.35       840653.42      1733593.77
1970-1979       63            868375.34       812156.57      1680531.91
1970-1979       64            840004.03       777882.26      1617886.29
1970-1979       65            807535.40       739284.11      1546819.51
1970-1979       66            773265.56       699008.63      1472274.18
1970-1979       67            738027.26       659297.12      1397324.38
1970-1979       68            702541.13       620076.47      1322617.60
1970-1979       69            666734.86       580494.50      1247229.36
1970-1979       70            632430.30       541137.12      1173567.42
1970-1979       71            599937.46       504140.16      1104077.62
1970-1979       72            568049.58       467049.12      1035098.70
1970-1979       73            536377.60       430530.40       966908.00
1970-1979       74            505959.54       395829.68       901789.22
1970-1979       75            475021.76       362491.29       837513.05
1970-1979       76            443611.05       329676.90       773287.95
1970-1979       77            412500.34       298849.80       711350.14
1970-1979       78            381564.82       269962.89       651527.71
1970-1979       79            350137.94       242634.72       592772.65
1970-1979       80            323639.14       216827.04       540466.19
1970-1979       81            296197.54       195083.72       491281.26
1970-1979       82            267997.22       174232.23       442229.45
1970-1979       83            239698.53       153702.97       393401.50
1970-1979       84            211890.09       134141.72       346031.81
1970-1979       85            185214.84       115600.62       300815.46
1970-1979       86            159777.98        98380.88       258158.87
1970-1979       87            135682.88        82058.79       217741.67
1970-1979       88            113355.96        67221.62       180577.58
1970-1979       89             93299.66        54203.81       147503.47
1970-1979       90             75060.44        42577.28       117637.72
1970-1979       91             58935.24        32649.20        91584.43
1970-1979       92             45308.67        24494.79        69803.46
1970-1979       93             34031.24        17859.18        51890.41
1970-1979       94             25022.21        12715.97        37738.17
1970-1979       95             17891.98         8734.18        26626.16
1970-1979       96             12514.30         5827.30        18341.59
1970-1979       97              8556.39         3745.65        12302.04
1970-1979       98              5689.48         2310.73         8000.21
1970-1979       99              3667.86         1407.80         5075.66
1970-1979      100              2314.58          837.87         3152.45
1970-1979      101              1441.82          498.98         1940.80
1970-1979      102               837.96          294.80         1132.76
1970-1979      103               475.61          167.67          643.28
1970-1979      104               258.29          102.11          360.40
1970-1979      105               140.73           55.03          195.76
1970-1979      106                65.41           31.26           96.67
1970-1979      107                35.93           19.68           55.60
1970-1979      108                23.55           10.04           33.59
1970-1979      109                14.14            7.41           21.55
1970-1979      110+               15.67           19.80           35.47
1980-1989        0           1809306.70      1901158.69      3710465.40
1980-1989        1           1796483.84      1887735.24      3684219.08
1980-1989        2           1791707.29      1884511.12      3676218.41
1980-1989        3           1789400.64      1884125.61      3673526.26
1980-1989        4           1790108.85      1887479.02      3677587.88
1980-1989        5           1783214.88      1880814.80      3664029.68
1980-1989        6           1777877.10      1874927.76      3652804.86
1980-1989        7           1775500.51      1872145.85      3647646.36
1980-1989        8           1776259.73      1871343.38      3647603.11
1980-1989        9           1784933.73      1879351.48      3664285.20
1980-1989       10           1791090.32      1883629.45      3674719.77
1980-1989       11           1802246.86      1893799.87      3696046.72
1980-1989       12           1820287.31      1911756.60      3732043.91
1980-1989       13           1845408.08      1939266.92      3784674.99
1980-1989       14           1879467.80      1977357.11      3856824.91
1980-1989       15           1931753.92      2035345.56      3967099.48
1980-1989       16           1995559.96      2103967.69      4099527.66
1980-1989       17           2067123.00      2175962.04      4243085.04
1980-1989       18           2139551.32      2246149.05      4385700.38
1980-1989       19           2209101.91      2311094.63      4520196.53
1980-1989       20           2274317.31      2367940.24      4642257.54
1980-1989       21           2336337.11      2422008.09      4758345.20
1980-1989       22           2389915.62      2469077.15      4858992.77
1980-1989       23           2428036.92      2501548.35      4929585.27
1980-1989       24           2445956.57      2512015.86      4957972.43
1980-1989       25           2443458.13      2499477.56      4942935.69
1980-1989       26           2427246.64      2472560.68      4899807.32
1980-1989       27           2400338.49      2435372.30      4835710.79
1980-1989       28           2368139.47      2396043.17      4764182.64
1980-1989       29           2332919.39      2355848.86      4688768.25
1980-1989       30           2297047.97      2315814.94      4612862.91
1980-1989       31           2258690.69      2274485.05      4533175.74
1980-1989       32           2220284.00      2234578.53      4454862.53
1980-1989       33           2182080.55      2198164.32      4380244.87
1980-1989       34           2121966.55      2142396.41      4264362.97
1980-1989       35           2053240.58      2080378.83      4133619.41
1980-1989       36           1984546.25      2018674.89      4003221.15
1980-1989       37           1920924.09      1962087.91      3883011.99
1980-1989       38           1856512.90      1901938.54      3758451.44
1980-1989       39           1789768.02      1836691.52      3626459.54
1980-1989       40           1722047.83      1769299.88      3491347.71
1980-1989       41           1652564.95      1700038.62      3352603.57
1980-1989       42           1577568.65      1624143.45      3201712.11
1980-1989       43           1497147.77      1541055.78      3038203.55
1980-1989       44           1440450.49      1481346.27      2921796.76
1980-1989       45           1392742.89      1429663.28      2822406.17
1980-1989       46           1349283.57      1382902.15      2732185.72
1980-1989       47           1312938.78      1343274.55      2656213.33
1980-1989       48           1287020.83      1315212.55      2602233.38
1980-1989       49           1268202.67      1294371.91      2562574.58
1980-1989       50           1259313.11      1281726.58      2541039.70
1980-1989       51           1250134.30      1267900.65      2518034.96
1980-1989       52           1246605.11      1257973.51      2504578.62
1980-1989       53           1243736.77      1247754.22      2491490.99
1980-1989       54           1242980.66      1236621.57      2479602.23
1980-1989       55           1244568.37      1225014.01      2469582.38
1980-1989       56           1244547.79      1211373.24      2455921.03
1980-1989       57           1240955.25      1192119.41      2433074.66
1980-1989       58           1234260.20      1169599.52      2403859.73
1980-1989       59           1223149.21      1142490.93      2365640.14
1980-1989       60           1205603.82      1110361.56      2315965.38
1980-1989       61           1181265.87      1072546.87      2253812.73
1980-1989       62           1152259.99      1031995.09      2184255.08
1980-1989       63           1123508.20       992423.45      2115931.65
1980-1989       64           1092744.58       953225.25      2045969.82
1980-1989       65           1063051.41       916045.98      1979097.39
1980-1989       66           1030791.85       878251.49      1909043.34
1980-1989       67            994969.32       838666.94      1833636.26
1980-1989       68            953671.55       794176.18      1747847.73
1980-1989       69            909101.24       747555.11      1656656.35
1980-1989       70            867402.57       704099.52      1571502.08
1980-1989       71            830684.49       664361.01      1495045.50
1980-1989       72            795547.23       625499.30      1421046.53
1980-1989       73            757903.94       583677.36      1341581.30
1980-1989       74            716909.92       540105.17      1257015.09
1980-1989       75            672552.47       495052.25      1167604.72
1980-1989       76            627333.30       450322.81      1077656.11
1980-1989       77            582576.48       407560.28       990136.76
1980-1989       78            538435.06       366525.10       904960.16
1980-1989       79            496016.15       326920.90       822937.05
1980-1989       80            445956.04       284710.19       730666.23
1980-1989       81            405995.15       249074.70       655069.85
1980-1989       82            367360.63       216136.44       583497.07
1980-1989       83            330361.28       186471.47       516832.75
1980-1989       84            294995.93       159763.27       454759.19
1980-1989       85            260733.87       135251.83       395985.71
1980-1989       86            228082.86       113377.03       341459.89
1980-1989       87            197280.50        93857.81       291138.31
1980-1989       88            169220.12        76995.59       246215.71
1980-1989       89            142954.92        62576.13       205531.06
1980-1989       90            118882.26        50375.80       169258.06
1980-1989       91             97333.88        39845.95       137179.83
1980-1989       92             78136.46        31010.71       109147.17
1980-1989       93             61383.52        23872.52        85256.04
1980-1989       94             47114.54        17936.53        65051.06
1980-1989       95             35424.84        13090.70        48515.54
1980-1989       96             26029.80         9307.01        35336.81
1980-1989       97             18544.06         6487.01        25031.07
1980-1989       98             12928.04         4359.59        17287.63
1980-1989       99              8739.81         2870.35        11610.17
1980-1989      100              5740.33         1822.88         7563.21
1980-1989      101              3611.55         1120.64         4732.20
1980-1989      102              2251.11          659.12         2910.24
1980-1989      103              1361.52          362.82         1724.33
1980-1989      104               811.05          202.57         1013.62
1980-1989      105               455.48          118.17          573.65
1980-1989      106               243.38           69.13          312.51
1980-1989      107               124.83           37.50          162.33
1980-1989      108                65.83           21.33           87.17
1980-1989      109                35.83           12.46           48.29
1980-1989      110+               26.17           27.83           54.00
1990-1999        0           1846645.03      1943649.18      3790294.21
1990-1999        1           1883519.97      1978097.96      3861617.93
1990-1999        2           1905088.43      2001264.30      3906352.74
1990-1999        3           1922703.57      2017507.75      3940211.32
1990-1999        4           1934544.17      2029778.63      3964322.80
1990-1999        5           1938440.05      2034466.29      3972906.34
1990-1999        6           1944281.13      2040811.90      3985093.03
1990-1999        7           1944526.92      2042306.52      3986833.43
1990-1999        8           1939615.58      2038715.28      3978330.86
1990-1999        9           1935249.12      2034601.19      3969850.31
1990-1999       10           1924627.93      2025121.98      3949749.91
1990-1999       11           1920566.16      2022257.84      3942824.00
1990-1999       12           1921623.51      2024405.63      3946029.14
1990-1999       13           1921422.40      2026623.44      3948045.84
1990-1999       14           1921460.82      2029085.69      3950546.51
1990-1999       15           1920141.71      2030901.83      3951043.54
1990-1999       16           1918948.51      2030455.05      3949403.57
1990-1999       17           1922311.10      2034553.16      3956864.26
1990-1999       18           1930629.97      2040827.74      3971457.71
1990-1999       19           1947942.01      2052796.34      4000738.34
1990-1999       20           1962568.36      2057329.65      4019898.01
1990-1999       21           1977935.60      2060875.11      4038810.71
1990-1999       22           1997741.37      2071910.30      4069651.67
1990-1999       23           2024057.46      2091229.94      4115287.40
1990-1999       24           2060430.39      2122210.21      4182640.60
1990-1999       25           2115623.11      2173066.56      4288689.67
1990-1999       26           2182203.02      2237026.25      4419229.27
1990-1999       27           2253147.29      2304387.89      4557535.18
1990-1999       28           2320318.15      2369892.64      4690210.78
1990-1999       29           2379229.26      2428244.86      4807474.11
1990-1999       30           2433777.51      2479769.26      4913546.77
1990-1999       31           2483288.91      2527886.75      5011175.65
1990-1999       32           2529327.30      2572119.51      5101446.80
1990-1999       33           2566878.45      2603165.99      5170044.43
1990-1999       34           2582899.41      2614808.00      5197707.40
1990-1999       35           2580141.70      2604068.74      5184210.44
1990-1999       36           2561508.79      2577266.23      5138775.02
1990-1999       37           2528991.19      2537385.77      5066376.97
1990-1999       38           2487966.63      2491443.61      4979410.23
1990-1999       39           2442871.72      2442090.85      4884962.57
1990-1999       40           2396191.25      2392859.76      4789051.02
1990-1999       41           2346795.81      2340543.50      4687339.32
1990-1999       42           2297805.55      2291631.32      4589436.86
1990-1999       43           2252533.38      2247118.33      4499651.71
1990-1999       44           2186824.81      2183526.44      4370351.25
1990-1999       45           2113345.87      2113200.75      4226546.62
1990-1999       46           2039658.16      2042467.55      4082125.71
1990-1999       47           1970161.40      1975571.47      3945732.87
1990-1999       48           1898215.00      1904562.00      3802777.00
1990-1999       49           1821053.07      1826909.61      3647962.67
1990-1999       50           1743393.42      1748711.61      3492105.04
1990-1999       51           1665773.89      1669239.78      3335013.67
1990-1999       52           1583369.71      1585079.63      3168449.35
1990-1999       53           1498972.78      1497038.72      2996011.50
1990-1999       54           1441638.29      1436026.70      2877664.99
1990-1999       55           1395219.19      1384692.74      2779911.94
1990-1999       56           1352108.06      1338076.38      2690184.44
1990-1999       57           1315636.82      1298061.37      2613698.19
1990-1999       58           1289018.20      1267765.04      2556783.24
1990-1999       59           1268709.28      1242687.28      2511396.56
1990-1999       60           1254959.04      1223416.66      2478375.69
1990-1999       61           1240182.81      1200833.52      2441016.33
1990-1999       62           1230349.96      1181000.00      2411349.96
1990-1999       63           1221718.69      1159361.21      2381079.90
1990-1999       64           1213556.97      1136252.11      2349809.08
1990-1999       65           1204966.25      1110703.16      2315669.41
1990-1999       66           1195146.90      1081113.54      2276260.45
1990-1999       67           1181127.54      1046541.81      2227669.35
1990-1999       68           1164911.72      1009186.27      2174098.00
1990-1999       69           1143772.23       968220.84      2111993.07
1990-1999       70           1114234.82       921315.66      2035550.48
1990-1999       71           1077008.42       869204.22      1946212.64
1990-1999       72           1034898.40       815313.35      1850211.76
1990-1999       73            991407.65       761826.79      1753234.43
1990-1999       74            944836.74       708439.80      1653276.54
1990-1999       75            898910.88       657413.45      1556324.33
1990-1999       76            850755.85       606308.68      1457064.53
1990-1999       77            800904.86       555969.52      1356874.39
1990-1999       78            746533.53       503508.41      1250041.93
1990-1999       79            691837.61       452417.18      1144254.78
1990-1999       80            622986.34       392412.09      1015398.42
1990-1999       81            576621.83       350418.37       927040.19
1990-1999       82            530742.79       310045.19       840787.98
1990-1999       83            483291.62       270557.37       753848.99
1990-1999       84            434619.88       232428.55       667048.42
1990-1999       85            385505.19       196634.52       582139.71
1990-1999       86            337594.04       164129.26       501723.30
1990-1999       87            292587.49       135250.67       427838.16
1990-1999       88            250430.55       109879.35       360309.89
1990-1999       89            211958.46        87968.13       299926.59
1990-1999       90            176357.21        69224.55       245581.76
1990-1999       91            144319.00        53428.30       197747.29
1990-1999       92            116079.62        40235.28       156314.90
1990-1999       93             91664.31        29748.49       121412.81
1990-1999       94             71105.92        21700.71        92806.62
1990-1999       95             54087.09        15568.03        69655.12
1990-1999       96             40207.90        10819.33        51027.23
1990-1999       97             29137.86         7299.83        36437.68
1990-1999       98             20499.28         4841.50        25340.78
1990-1999       99             14190.42         3183.48        17373.90
1990-1999      100              9546.90         2060.28        11607.18
1990-1999      101              6216.25         1285.03         7501.27
1990-1999      102              3891.02          773.55         4664.57
1990-1999      103              2360.45          456.09         2816.54
1990-1999      104              1384.87          263.01         1647.88
1990-1999      105               784.10          144.83          928.93
1990-1999      106               446.13           82.50          528.63
1990-1999      107               258.60           42.75          301.35
1990-1999      108               138.07           22.33          160.40
1990-1999      109                73.77            9.29           83.06
1990-1999      110+               74.83           10.33           85.17
2000-2009        0           1688256.60      1778909.25      3467165.84
2000-2009        1           1693582.20      1781160.94      3474743.15
2000-2009        2           1700628.58      1788989.35      3489617.93
2000-2009        3           1715090.99      1805927.01      3521018.00
2000-2009        4           1742202.96      1833664.53      3575867.50
2000-2009        5           1772679.14      1866074.40      3638753.54
2000-2009        6           1805854.93      1900228.75      3706083.67
2000-2009        7           1844654.50      1940813.48      3785467.97
2000-2009        8           1888775.53      1985829.33      3874604.87
2000-2009        9           1934122.41      2031086.43      3965208.83
2000-2009       10           1975532.68      2074132.25      4049664.93
2000-2009       11           2011049.68      2110470.67      4121520.35
2000-2009       12           2038682.33      2139033.22      4177715.56
2000-2009       13           2062268.85      2164678.78      4226947.63
2000-2009       14           2081123.08      2187720.30      4268843.38
2000-2009       15           2095044.53      2205519.35      4300563.87
2000-2009       16           2107315.88      2219718.56      4327034.44
2000-2009       17           2117902.78      2231249.80      4349152.58
2000-2009       18           2123853.39      2242068.70      4365922.09
2000-2009       19           2142556.26      2261667.52      4404223.79
2000-2009       20           2148659.09      2260210.78      4408869.88
2000-2009       21           2154926.05      2255015.12      4409941.17
2000-2009       22           2156344.91      2251838.66      4408183.57
2000-2009       23           2154032.28      2245154.77      4399187.05
2000-2009       24           2150901.35      2232929.19      4383830.54
2000-2009       25           2145041.40      2212016.85      4357058.25
2000-2009       26           2137886.61      2187160.38      4325046.99
2000-2009       27           2136044.07      2172722.22      4308766.29
2000-2009       28           2137615.61      2167167.24      4304782.85
2000-2009       29           2149604.14      2175356.79      4324960.93
2000-2009       30           2162752.27      2187282.69      4350034.96
2000-2009       31           2176749.96      2202108.63      4378858.59
2000-2009       32           2194337.20      2222297.37      4416634.57
2000-2009       33           2217229.84      2247682.79      4464912.63
2000-2009       34           2249556.34      2281717.54      4531273.88
2000-2009       35           2297968.78      2333182.27      4631151.05
2000-2009       36           2358044.75      2395956.29      4754001.04
2000-2009       37           2421794.76      2461760.48      4883555.24
2000-2009       38           2480681.59      2521092.71      5001774.31
2000-2009       39           2532515.56      2571675.92      5104191.48
2000-2009       40           2577460.63      2613877.57      5191338.20
2000-2009       41           2618021.52      2651022.55      5269044.07
2000-2009       42           2652444.51      2682666.50      5335111.01
2000-2009       43           2675764.41      2700484.26      5376248.67
2000-2009       44           2680428.82      2698091.42      5378520.24
2000-2009       45           2663172.50      2673512.81      5336685.31
2000-2009       46           2631546.49      2633590.62      5265137.11
2000-2009       47           2587058.65      2581737.33      5168795.99
2000-2009       48           2537725.16      2526422.22      5064147.39
2000-2009       49           2484001.39      2468064.38      4952065.77
2000-2009       50           2428485.45      2408839.17      4837324.62
2000-2009       51           2370323.58      2347333.98      4717657.56
2000-2009       52           2313859.62      2288778.75      4602638.37
2000-2009       53           2259563.88      2232707.52      4492271.39
2000-2009       54           2182925.38      2154563.18      4337488.55
2000-2009       55           2100802.56      2071651.02      4172453.58
2000-2009       56           2020573.90      1990359.27      4010933.18
2000-2009       57           1946767.15      1915297.39      3862064.54
2000-2009       58           1872226.43      1837573.48      3709799.92
2000-2009       59           1794843.06      1755612.18      3550455.24
2000-2009       60           1717749.25      1673897.24      3391646.49
2000-2009       61           1640327.51      1591696.07      3232023.57
2000-2009       62           1557555.12      1504702.14      3062257.26
2000-2009       63           1470591.99      1411969.29      2882561.28
2000-2009       64           1408628.69      1343261.39      2751890.09
2000-2009       65           1354627.81      1281331.02      2635958.83
2000-2009       66           1304180.42      1223194.18      2527374.60
2000-2009       67           1259976.37      1170604.17      2430580.54
2000-2009       68           1224233.24      1126478.58      2350711.83
2000-2009       69           1192847.16      1085785.57      2278632.73
2000-2009       70           1167319.70      1049816.06      2217135.75
2000-2009       71           1140373.39      1011033.31      2151406.71
2000-2009       72           1115802.48       973732.65      2089535.13
2000-2009       73           1090036.00       933297.11      2023333.11
2000-2009       74           1064359.88       890946.13      1955306.01
2000-2009       75           1036886.75       845855.70      1882742.45
2000-2009       76           1008260.49       798493.47      1806753.96
2000-2009       77            975929.82       747764.73      1723694.56
2000-2009       78            940261.50       695511.99      1635773.49
2000-2009       79            899455.85       641101.74      1540557.59
2000-2009       80            847650.33       578522.45      1426172.78
2000-2009       81            791607.47       517687.91      1309295.38
2000-2009       82            731933.28       457953.60      1189886.88
2000-2009       83            671551.27       400586.76      1072138.03
2000-2009       84            609708.41       346029.05       955737.46
2000-2009       85            548296.03       295851.50       844147.53
2000-2009       86            488019.40       249410.92       737430.33
2000-2009       87            427493.32       206795.57       634288.89
2000-2009       88            367803.68       168228.44       536032.12
2000-2009       89            311546.06       134581.83       446127.89
2000-2009       90            261571.41       106637.61       368209.03
2000-2009       91            217333.21        83234.21       300567.41
2000-2009       92            177295.63        63435.12       240730.75
2000-2009       93            141272.97        47203.38       188476.35
2000-2009       94            109770.72        34021.96       143792.68
2000-2009       95             82667.50        23758.36       106425.86
2000-2009       96             60553.56        16162.07        76715.62
2000-2009       97             43327.65        10755.71        54083.36
2000-2009       98             29985.53         6908.42        36893.95
2000-2009       99             20188.13         4267.06        24455.19
2000-2009      100             13289.02         2591.43        15880.45
2000-2009      101              8411.16         1529.97         9941.13
2000-2009      102              5172.06          866.49         6038.55
2000-2009      103              3086.33          474.38         3560.70
2000-2009      104              1792.09          243.56         2035.65
2000-2009      105              1004.26          124.29         1128.55
2000-2009      106               512.38           48.57          560.95
2000-2009      107               267.14           22.50          289.64
2000-2009      108               131.64           10.00          141.64
2000-2009      109                62.10            1.33           63.43
2000-2009      110+               65.00            5.17           70.17
2010-2011        0            367838.80       386986.97       754825.77
2010-2011        1            370230.13       389126.29       759356.42
2010-2011        2            371579.01       389863.93       761442.94
2010-2011        3            367528.12       385796.53       753324.65
2010-2011        4            359654.51       378087.60       737742.12
2010-2011        5            353508.92       372025.09       725534.00
2010-2011        6            352011.69       370668.70       722680.40
2010-2011        7            349693.85       368264.12       717957.97
2010-2011        8            348328.40       367344.23       715672.63
2010-2011        9            350410.36       370593.29       721003.65
2010-2011       10            358922.79       380052.69       738975.48
2010-2011       11            366232.69       387439.35       753672.05
2010-2011       12            373431.51       394394.64       767826.15
2010-2011       13            385729.44       407956.52       793685.96
2010-2011       14            401714.44       424391.21       826105.65
2010-2011       15            416625.07       440280.66       856905.73
2010-2011       16            427259.27       450493.61       877752.87
2010-2011       17            436183.08       457043.58       893226.66
2010-2011       18            448218.75       467096.53       915315.28
2010-2011       19            461569.45       480694.42       942263.87
2010-2011       20            469478.76       487596.38       957075.14
2010-2011       21            466723.42       482062.93       948786.35
2010-2011       22            455738.57       469126.85       924865.43
2010-2011       23            454119.09       466191.11       920310.20
2010-2011       24            460059.23       471643.79       931703.03
2010-2011       25            466062.79       476608.64       942671.42
2010-2011       26            469453.19       476291.61       945744.80
2010-2011       27            470497.47       473727.12       944224.59
2010-2011       28            472244.75       472641.36       944886.11
2010-2011       29            474457.55       474136.32       948593.87
2010-2011       30            472246.16       471854.69       944100.86
2010-2011       31            466142.68       464220.68       930363.36
2010-2011       32            460169.18       456984.46       917153.65
2010-2011       33            456198.30       453115.27       909313.57
2010-2011       34            457868.83       455176.71       913045.54
2010-2011       35            458211.86       455938.01       914149.87
2010-2011       36            451830.77       450117.64       901948.41
2010-2011       37            449963.03       449133.37       899096.40
2010-2011       38            453674.15       454748.83       908422.99
2010-2011       39            467072.33       469359.01       936431.34
2010-2011       40            475726.23       479031.43       954757.67
2010-2011       41            474162.15       476543.71       950705.86
2010-2011       42            472923.17       474964.03       947887.20
2010-2011       43            476787.00       479920.39       956707.39
2010-2011       44            492372.75       497804.82       990177.57
2010-2011       45            520986.79       528137.26      1049124.05
2010-2011       46            544545.37       552707.10      1097252.47
2010-2011       47            554686.07       562963.82      1117649.89
2010-2011       48            554375.22       561733.72      1116108.95
2010-2011       49            553494.19       559244.56      1112738.75
2010-2011       50            549073.20       553338.13      1102411.33
2010-2011       51            540869.46       544208.31      1085077.76
2010-2011       52            532837.62       535892.23      1068729.84
2010-2011       53            522261.89       524902.30      1047164.20
2010-2011       54            508647.51       509822.78      1018470.29
2010-2011       55            497948.29       497284.32       995232.61
2010-2011       56            485843.18       482908.67       968751.84
2010-2011       57            466015.54       461603.67       927619.20
2010-2011       58            445528.61       440965.18       886493.79
2010-2011       59            433245.87       428235.36       861481.23
2010-2011       60            423898.12       417697.50       841595.62
2010-2011       61            415507.83       407216.75       822724.57
2010-2011       62            410602.63       400482.55       811085.19
2010-2011       63            407445.87       395754.26       803200.13
2010-2011       64            377801.89       365176.87       742978.76
2010-2011       65            341719.97       328487.05       670207.02
2010-2011       66            322926.77       307941.51       630868.28
2010-2011       67            310263.91       292840.34       603104.24
2010-2011       68            294299.00       274360.94       568659.94
2010-2011       69            279187.17       256395.53       535582.70
2010-2011       70            263090.91       238398.37       501489.28
2010-2011       71            249778.72       224170.96       473949.68
2010-2011       72            239794.24       213097.64       452891.89
2010-2011       73            228565.59       200612.09       429177.68
2010-2011       74            221096.71       191473.88       412570.59
2010-2011       75            213950.21       182601.08       396551.30
2010-2011       76            205211.10       172488.42       377699.52
2010-2011       77            200252.32       165034.83       365287.14
2010-2011       78            196230.59       158297.46       354528.05
2010-2011       79            190457.21       149265.47       339722.68
2010-2011       80            183301.02       138898.88       322199.90
2010-2011       81            173244.92       126545.38       299790.30
2010-2011       82            162721.00       113956.48       276677.48
2010-2011       83            152656.91       101881.41       254538.32
2010-2011       84            143339.68        90417.18       233756.86
2010-2011       85            133781.18        79331.39       213112.57
2010-2011       86            122137.82        68180.00       190317.82
2010-2011       87            109856.13        57882.44       167738.56
2010-2011       88             98112.52        48594.49       146707.00
2010-2011       89             85472.80        39565.01       125037.81
2010-2011       90             70663.13        30557.34       101220.47
2010-2011       91             55514.29        22521.05        78035.33
2010-2011       92             43693.27        16728.97        60422.23
2010-2011       93             35261.48        12538.24        47799.72
2010-2011       94             28347.88         9324.74        37672.62
2010-2011       95             22323.72         6855.72        29179.44
2010-2011       96             17022.92         4878.60        21901.53
2010-2011       97             12332.80         3266.28        15599.08
2010-2011       98              8485.96         2069.35        10555.31
2010-2011       99              5688.89         1260.09         6948.98
2010-2011      100              3705.48          771.88         4477.35
2010-2011      101              2331.24          429.14         2760.38
2010-2011      102              1442.96          242.94         1685.90
2010-2011      103               841.17          132.22          973.39
2010-2011      104               464.31           67.10          531.40
2010-2011      105               262.24           32.30          294.53
2010-2011      106               144.20           12.49          156.70
2010-2011      107                69.29            3.79           73.08
2010-2011      108                26.91            1.73           28.65
2010-2011      109                15.03            0.17           15.20
2010-2011      110+               13.74            0.00           13.74
