Czechia, Exposure to risk (period 1x10), 	Last modified: 23 Feb 2018, MPv6 (Nov17)

  Year          Age             Female            Male           Total
1950-1959        0            794563.52       838739.54      1633303.06
1950-1959        1            807532.39       849281.52      1656813.91
1950-1959        2            824529.81       865934.62      1690464.42
1950-1959        3            839020.96       879822.52      1718843.47
1950-1959        4            842910.84       881874.79      1724785.63
1950-1959        5            840009.05       876775.46      1716784.50
1950-1959        6            835605.51       870507.04      1706112.55
1950-1959        7            825194.35       858399.22      1683593.57
1950-1959        8            806712.06       838138.07      1644850.13
1950-1959        9            784541.46       814015.02      1598556.48
1950-1959       10            760788.17       787891.77      1548679.95
1950-1959       11            733255.07       757748.95      1491004.01
1950-1959       12            696938.96       718724.41      1415663.37
1950-1959       13            659703.19       679183.42      1338886.60
1950-1959       14            631717.90       649488.86      1281206.76
1950-1959       15            611400.16       627879.84      1239280.00
1950-1959       16            594343.16       609984.53      1204327.69
1950-1959       17            584302.01       599249.86      1183551.86
1950-1959       18            582622.64       596572.07      1179194.71
1950-1959       19            586794.77       599677.10      1186471.87
1950-1959       20            594343.59       606418.64      1200762.23
1950-1959       21            605931.06       617408.05      1223339.12
1950-1959       22            619967.70       631476.81      1251444.52
1950-1959       23            636105.09       648702.32      1284807.41
1950-1959       24            653594.20       664699.08      1318293.27
1950-1959       25            670049.05       675421.96      1345471.02
1950-1959       26            687024.74       685491.61      1372516.35
1950-1959       27            701517.77       693679.01      1395196.77
1950-1959       28            714502.30       700864.12      1415366.42
1950-1959       29            718806.12       699779.30      1418585.42
1950-1959       30            718903.36       694889.90      1413793.26
1950-1959       31            692226.50       665021.73      1357248.23
1950-1959       32            658287.84       629392.27      1287680.11
1950-1959       33            624285.71       594755.49      1219041.20
1950-1959       34            597408.27       567820.34      1165228.61
1950-1959       35            585842.64       556473.87      1142316.52
1950-1959       36            582810.30       553796.54      1136606.84
1950-1959       37            580634.14       552117.98      1132752.12
1950-1959       38            577164.94       549852.08      1127017.03
1950-1959       39            580019.56       553795.16      1133814.72
1950-1959       40            587789.49       562538.35      1150327.84
1950-1959       41            620661.71       595024.88      1215686.58
1950-1959       42            659007.80       632264.61      1291272.41
1950-1959       43            694579.29       666247.93      1360827.22
1950-1959       44            719505.70       689766.27      1409271.97
1950-1959       45            726431.91       696360.37      1422792.28
1950-1959       46            722501.45       692534.96      1415036.41
1950-1959       47            717172.05       686835.04      1404007.09
1950-1959       48            711041.07       679350.34      1390391.41
1950-1959       49            702265.44       667749.42      1370014.85
1950-1959       50            690619.04       651971.28      1342590.32
1950-1959       51            677183.54       632740.64      1309924.18
1950-1959       52            663185.25       611623.15      1274808.40
1950-1959       53            648163.12       588645.92      1236809.04
1950-1959       54            633426.39       565454.97      1198881.36
1950-1959       55            617920.71       541626.53      1159547.23
1950-1959       56            598948.06       515089.76      1114037.82
1950-1959       57            577396.04       486453.28      1063849.31
1950-1959       58            554541.95       457547.74      1012089.69
1950-1959       59            531493.04       430117.11       961610.15
1950-1959       60            508741.79       404174.30       912916.09
1950-1959       61            487607.71       380870.27       868477.97
1950-1959       62            467234.92       359837.24       827072.16
1950-1959       63            446375.12       340033.85       786408.96
1950-1959       64            425669.31       321412.58       747081.89
1950-1959       65            406067.55       303773.57       709841.12
1950-1959       66            387114.12       287348.88       674463.00
1950-1959       67            369064.01       272195.83       641259.84
1950-1959       68            350788.32       256484.39       607272.70
1950-1959       69            331535.76       240248.49       571784.25
1950-1959       70            312681.83       225065.31       537747.15
1950-1959       71            294069.90       210106.11       504176.01
1950-1959       72            274006.07       194509.73       468515.80
1950-1959       73            253311.73       178705.93       432017.66
1950-1959       74            233271.53       163284.91       396556.44
1950-1959       75            213136.48       148266.04       361402.52
1950-1959       76            193157.56       133603.64       326761.20
1950-1959       77            173207.01       119082.19       292289.20
1950-1959       78            153217.56       104940.20       258157.75
1950-1959       79            134256.60        91800.92       226057.52
1950-1959       80            116481.25        78922.53       195403.78
1950-1959       81             99317.02        66968.70       166285.72
1950-1959       82             83463.77        56091.53       139555.30
1950-1959       83             69322.42        46024.65       115347.07
1950-1959       84             56463.20        36847.04        93310.23
1950-1959       85             44896.32        28782.29        73678.61
1950-1959       86             35205.13        21958.09        57163.22
1950-1959       87             27069.07        16435.52        43504.59
1950-1959       88             20400.04        12011.12        32411.16
1950-1959       89             14887.30         8524.41        23411.70
1950-1959       90             10678.23         5916.47        16594.70
1950-1959       91              7537.79         4034.81        11572.60
1950-1959       92              5141.73         2636.86         7778.59
1950-1959       93              3386.75         1717.08         5103.83
1950-1959       94              2174.07         1052.20         3226.27
1950-1959       95              1372.02          636.06         2008.07
1950-1959       96               816.01          368.10         1184.11
1950-1959       97               469.01          208.73          677.73
1950-1959       98               266.34          114.68          381.02
1950-1959       99               143.79           55.42          199.21
1950-1959      100                76.40           21.45           97.85
1950-1959      101                39.24           11.16           50.40
1950-1959      102                16.17            2.53           18.70
1950-1959      103                 5.01            0.00            5.01
1950-1959      104                 0.47            0.00            0.47
1950-1959      105                 0.00            0.00            0.00
1950-1959      106                 0.00            0.00            0.00
1950-1959      107                 0.00            0.00            0.00
1950-1959      108                 0.00            0.00            0.00
1950-1959      109                 0.00            0.00            0.00
1950-1959      110+                0.00            0.00            0.00
1960-1969        0            670029.00       706230.07      1376259.07
1960-1969        1            662976.10       697425.55      1360401.65
1960-1969        2            668519.37       703076.39      1371595.76
1960-1969        3            677405.59       712054.98      1389460.57
1960-1969        4            686917.20       722041.52      1408958.71
1960-1969        5            694467.07       729701.75      1424168.82
1960-1969        6            701513.95       736808.15      1438322.10
1960-1969        7            716761.04       752809.70      1469570.73
1960-1969        8            737473.07       774321.44      1511794.51
1960-1969        9            761004.12       798674.91      1559679.03
1960-1969       10            783293.40       821373.38      1604666.77
1960-1969       11            803452.49       842216.03      1645668.52
1960-1969       12            820840.77       859863.73      1680704.51
1960-1969       13            836703.74       875136.13      1711839.87
1960-1969       14            841033.98       878018.42      1719052.41
1960-1969       15            838294.24       873305.90      1711600.14
1960-1969       16            833806.95       867317.74      1701124.68
1960-1969       17            823321.88       855082.16      1678404.04
1960-1969       18            804942.80       834641.36      1639584.16
1960-1969       19            783198.39       810885.37      1594083.75
1960-1969       20            759829.28       785073.27      1544902.55
1960-1969       21            732393.87       754508.69      1486902.56
1960-1969       22            696379.59       715046.46      1411426.06
1960-1969       23            660098.09       676212.65      1336310.75
1960-1969       24            632997.20       647310.24      1280307.44
1960-1969       25            612779.74       625305.20      1238084.93
1960-1969       26            595212.75       606128.23      1201340.98
1960-1969       27            585082.60       594471.91      1179554.51
1960-1969       28            582926.38       590200.83      1173127.21
1960-1969       29            585523.77       590763.02      1176286.79
1960-1969       30            591290.18       594348.39      1185638.58
1960-1969       31            601224.05       602046.00      1203270.06
1960-1969       32            613447.69       611125.11      1224572.81
1960-1969       33            628385.97       621846.96      1250232.93
1960-1969       34            644069.85       632982.94      1277052.78
1960-1969       35            658407.88       642396.91      1300804.80
1960-1969       36            673890.66       652373.03      1326263.69
1960-1969       37            687214.17       660468.82      1347682.99
1960-1969       38            699049.24       667264.96      1366314.20
1960-1969       39            702843.50       666797.80      1369641.31
1960-1969       40            702504.98       662421.80      1364926.78
1960-1969       41            675967.01       633910.63      1309877.64
1960-1969       42            642154.12       600272.41      1242426.53
1960-1969       43            608470.86       567578.14      1176049.00
1960-1969       44            581929.56       541563.76      1123493.32
1960-1969       45            569964.45       529651.44      1099615.89
1960-1969       46            566380.57       525887.27      1092267.84
1960-1969       47            563246.34       522887.93      1086134.27
1960-1969       48            558711.10       519125.68      1077836.78
1960-1969       49            560007.41       520979.92      1080987.33
1960-1969       50            566130.69       527566.65      1093697.34
1960-1969       51            597244.54       556633.91      1153878.45
1960-1969       52            632483.13       588372.64      1220855.77
1960-1969       53            664857.76       616620.48      1281478.25
1960-1969       54            685899.35       633848.75      1319748.10
1960-1969       55            689389.30       634361.35      1323750.65
1960-1969       56            683303.21       625193.68      1308496.89
1960-1969       57            675019.56       613021.25      1288040.81
1960-1969       58            665607.82       598475.10      1264082.92
1960-1969       59            653471.81       580023.48      1233495.30
1960-1969       60            638003.42       557182.70      1195186.11
1960-1969       61            620753.62       531002.19      1151755.81
1960-1969       62            602674.08       503489.96      1106164.04
1960-1969       63            583597.93       474689.48      1058287.40
1960-1969       64            564563.08       445862.85      1010425.93
1960-1969       65            544131.61       417078.78       961210.39
1960-1969       66            520430.90       386794.73       907225.63
1960-1969       67            493970.61       355442.87       849413.48
1960-1969       68            466296.50       324938.99       791235.49
1960-1969       69            438157.35       296112.56       734269.91
1960-1969       70            409570.04       268640.24       678210.28
1960-1969       71            382474.21       244511.07       626985.28
1960-1969       72            355244.14       222234.43       577478.57
1960-1969       73            328046.79       201369.94       529416.73
1960-1969       74            301030.65       181729.51       482760.16
1960-1969       75            274626.69       163638.13       438264.82
1960-1969       76            249582.24       146977.49       396559.73
1960-1969       77            225812.28       131352.44       357164.72
1960-1969       78            202203.52       116127.12       318330.64
1960-1969       79            178683.22       101407.77       280091.00
1960-1969       80            155243.29        87031.70       242274.99
1960-1969       81            134588.60        74485.91       209074.51
1960-1969       82            114879.65        62671.15       177550.81
1960-1969       83             96284.92        51858.14       148143.06
1960-1969       84             79522.08        42388.60       121910.68
1960-1969       85             64537.81        33956.77        98494.58
1960-1969       86             51372.56        26883.10        78255.66
1960-1969       87             39998.52        20703.52        60702.04
1960-1969       88             30464.48        15559.92        46024.40
1960-1969       89             22818.55        11430.63        34249.17
1960-1969       90             16561.18         8106.42        24667.61
1960-1969       91             11777.19         5589.54        17366.73
1960-1969       92              8081.71         3734.99        11816.70
1960-1969       93              5389.78         2450.07         7839.85
1960-1969       94              3523.32         1539.07         5062.40
1960-1969       95              2227.86          921.28         3149.14
1960-1969       96              1344.07          525.53         1869.59
1960-1969       97               810.25          274.54         1084.79
1960-1969       98               480.15          157.72          637.86
1960-1969       99               275.47           92.75          368.21
1960-1969      100               155.26           43.36          198.62
1960-1969      101                76.14           20.14           96.28
1960-1969      102                35.76            6.38           42.13
1960-1969      103                14.03            0.84           14.87
1960-1969      104                 4.00            0.00            4.00
1960-1969      105                 0.76            0.00            0.76
1960-1969      106                 0.05            0.00            0.05
1960-1969      107                 0.00            0.00            0.00
1960-1969      108                 0.00            0.00            0.00
1960-1969      109                 0.00            0.00            0.00
1960-1969      110+                0.00            0.00            0.00
1970-1979        0            835437.19       877890.73      1713327.92
1970-1979        1            814872.61       855013.14      1669885.75
1970-1979        2            794058.97       833104.71      1627163.68
1970-1979        3            771431.92       809781.41      1581213.33
1970-1979        4            747730.78       785498.90      1533229.68
1970-1979        5            727238.66       764609.21      1491847.87
1970-1979        6            709131.79       745481.17      1454612.96
1970-1979        7            692801.67       727762.00      1420563.67
1970-1979        8            680864.16       715243.32      1396107.48
1970-1979        9            669334.12       703631.40      1372965.52
1970-1979       10            661247.34       695419.01      1356666.35
1970-1979       11            657108.66       690796.02      1347904.68
1970-1979       12            663187.97       697156.27      1360344.24
1970-1979       13            671381.83       705824.95      1377206.78
1970-1979       14            681163.80       716018.93      1397182.73
1970-1979       15            688852.05       723709.13      1412561.18
1970-1979       16            696472.12       730932.37      1427404.49
1970-1979       17            712200.72       746868.53      1459069.26
1970-1979       18            733126.68       767706.09      1500832.77
1970-1979       19            756880.52       790695.64      1547576.17
1970-1979       20            779006.45       811953.37      1590959.81
1970-1979       21            799115.58       831654.29      1630769.87
1970-1979       22            816242.11       848363.18      1664605.29
1970-1979       23            831082.00       861933.71      1693015.72
1970-1979       24            834413.77       863109.89      1697523.67
1970-1979       25            830706.30       857233.58      1687939.88
1970-1979       26            825317.79       850314.54      1675632.34
1970-1979       27            813195.25       836377.75      1649573.00
1970-1979       28            793641.72       815310.16      1608951.88
1970-1979       29            771770.80       791872.81      1563643.62
1970-1979       30            748420.21       766438.31      1514858.52
1970-1979       31            720665.08       735710.65      1456375.73
1970-1979       32            685297.17       696984.88      1382282.05
1970-1979       33            649699.20       658807.52      1308506.71
1970-1979       34            623063.23       630050.02      1253113.25
1970-1979       35            602877.16       607424.43      1210301.59
1970-1979       36            585404.22       587832.63      1173236.86
1970-1979       37            575030.45       575485.80      1150516.25
1970-1979       38            572384.16       570432.48      1142816.65
1970-1979       39            574049.55       569349.59      1143399.15
1970-1979       40            578907.48       571620.70      1150528.19
1970-1979       41            588016.64       578021.79      1166038.43
1970-1979       42            599510.11       585495.22      1185005.33
1970-1979       43            613168.57       594265.36      1207433.93
1970-1979       44            627472.60       603665.80      1231138.41
1970-1979       45            640792.76       611264.89      1252057.65
1970-1979       46            655146.83       619386.78      1274533.62
1970-1979       47            667479.47       625562.20      1293041.67
1970-1979       48            678051.76       630035.24      1308087.00
1970-1979       49            680767.10       627449.11      1308216.21
1970-1979       50            679033.36       620363.80      1299397.16
1970-1979       51            650492.62       589149.93      1239642.55
1970-1979       52            616187.03       554396.14      1170583.18
1970-1979       53            581679.02       520173.78      1101852.80
1970-1979       54            554691.08       492677.49      1047368.57
1970-1979       55            541912.60       478686.57      1020599.17
1970-1979       56            535637.36       471137.83      1006775.19
1970-1979       57            530198.24       464261.06       994459.30
1970-1979       58            523526.26       456728.36       980254.63
1970-1979       59            521313.96       452622.95       973936.91
1970-1979       60            524319.41       452873.56       977192.97
1970-1979       61            549603.55       470904.35      1020507.90
1970-1979       62            577136.91       488764.63      1065901.55
1970-1979       63            601072.74       502020.75      1103093.48
1970-1979       64            613013.09       504229.66      1117242.74
1970-1979       65            609091.16       491778.31      1100869.47
1970-1979       66            595743.42       471281.86      1067025.28
1970-1979       67            579306.51       447991.14      1027297.65
1970-1979       68            561251.95       422386.61       983638.56
1970-1979       69            540687.54       394652.59       935340.13
1970-1979       70            516679.95       364900.01       881579.96
1970-1979       71            489976.38       333046.94       823023.32
1970-1979       72            462411.62       301389.79       763801.41
1970-1979       73            433623.52       270299.34       703922.87
1970-1979       74            404396.00       240875.35       645271.35
1970-1979       75            374237.62       212930.81       587168.43
1970-1979       76            341785.12       185848.18       527633.31
1970-1979       77            308285.98       160132.58       468418.57
1970-1979       78            274451.95       136852.99       411304.94
1970-1979       79            241011.58       115441.43       356453.00
1970-1979       80            209466.29        96613.18       306079.47
1970-1979       81            180713.57        80952.08       261665.65
1970-1979       82            153785.59        67260.01       221045.60
1970-1979       83            129051.20        55293.74       184344.94
1970-1979       84            106572.77        44742.31       151315.09
1970-1979       85             86722.00        35641.16       122363.16
1970-1979       86             69686.05        28041.95        97728.00
1970-1979       87             54850.72        21643.08        76493.80
1970-1979       88             42308.59        16317.60        58626.19
1970-1979       89             32087.54        12139.81        44227.35
1970-1979       90             23778.29         8863.20        32641.49
1970-1979       91             17159.93         6351.92        23511.85
1970-1979       92             12019.15         4323.15        16342.31
1970-1979       93              8175.92         2866.97        11042.89
1970-1979       94              5378.58         1863.93         7242.51
1970-1979       95              3499.65         1186.94         4686.58
1970-1979       96              2219.23          763.10         2982.33
1970-1979       97              1362.36          474.18         1836.54
1970-1979       98               808.98          293.92         1102.90
1970-1979       99               488.05          180.63          668.67
1970-1979      100               299.02          108.26          407.27
1970-1979      101               190.15           69.96          260.11
1970-1979      102               101.72           35.11          136.83
1970-1979      103                51.52           15.41           66.93
1970-1979      104                24.11            5.89           30.00
1970-1979      105                 8.83            1.46           10.29
1970-1979      106                 2.76            0.06            2.82
1970-1979      107                 1.21            0.00            1.21
1970-1979      108                 0.33            0.00            0.33
1970-1979      109                 0.00            0.00            0.00
1970-1979      110+                0.00            0.00            0.00
1980-1989        0            674067.74       708724.11      1382791.85
1980-1989        1            691742.57       726891.19      1418633.76
1980-1989        2            714319.27       750180.68      1464499.95
1980-1989        3            738714.88       775046.71      1513761.58
1980-1989        4            764702.17       801685.44      1566387.61
1980-1989        5            790715.45       828699.47      1619414.92
1980-1989        6            815207.67       854502.28      1669709.96
1980-1989        7            830398.09       870889.55      1701287.64
1980-1989        8            836378.51       877078.43      1713456.94
1980-1989        9            838311.74       878202.86      1716514.60
1980-1989       10            829548.94       868587.72      1698136.67
1980-1989       11            812723.64       851039.90      1663763.54
1980-1989       12            792220.93       829539.72      1621760.65
1980-1989       13            770376.93       806815.84      1577192.77
1980-1989       14            746709.10       782683.09      1529392.18
1980-1989       15            725502.53       761360.96      1486863.48
1980-1989       16            707042.53       741997.99      1449040.52
1980-1989       17            689829.32       723369.41      1413198.73
1980-1989       18            677688.14       710319.02      1388007.16
1980-1989       19            666193.98       698176.15      1364370.13
1980-1989       20            658544.66       690004.49      1348549.16
1980-1989       21            655347.05       685880.81      1341227.86
1980-1989       22            661990.69       691676.90      1353667.60
1980-1989       23            670314.59       699139.88      1369454.47
1980-1989       24            680220.82       708106.43      1388327.26
1980-1989       25            688647.02       715394.06      1404041.07
1980-1989       26            696665.18       721964.25      1418629.43
1980-1989       27            712427.89       736913.17      1449341.06
1980-1989       28            733169.56       756616.34      1489785.91
1980-1989       29            755870.20       777974.14      1533844.34
1980-1989       30            776520.83       797391.60      1573912.44
1980-1989       31            795845.27       816095.69      1611940.96
1980-1989       32            811720.47       831829.14      1643549.61
1980-1989       33            823772.85       843081.76      1666854.60
1980-1989       34            825743.72       843299.73      1669043.45
1980-1989       35            821618.27       837494.28      1659112.56
1980-1989       36            815272.78       829411.63      1644684.41
1980-1989       37            802617.63       814811.71      1617429.34
1980-1989       38            783004.05       793473.55      1576477.60
1980-1989       39            760995.26       769594.71      1530589.97
1980-1989       40            737510.76       743429.66      1480940.43
1980-1989       41            710246.51       712793.19      1423039.70
1980-1989       42            675192.84       674359.41      1349552.25
1980-1989       43            639177.51       635618.93      1274796.44
1980-1989       44            612257.42       606243.02      1218500.43
1980-1989       45            592293.40       583815.77      1176109.17
1980-1989       46            574285.64       563427.85      1137713.49
1980-1989       47            562498.09       548652.36      1111150.45
1980-1989       48            558632.61       541178.01      1099810.62
1980-1989       49            559376.39       537761.78      1097138.16
1980-1989       50            562906.20       536960.81      1099867.01
1980-1989       51            570329.93       539671.58      1110001.51
1980-1989       52            579921.23       543020.32      1122941.54
1980-1989       53            591391.12       547309.41      1138700.53
1980-1989       54            603130.69       551434.14      1154564.83
1980-1989       55            613624.30       553653.48      1167277.78
1980-1989       56            624493.71       555005.11      1179498.82
1980-1989       57            632990.53       554026.07      1187016.59
1980-1989       58            639467.42       550945.41      1190412.82
1980-1989       59            638190.19       540920.39      1179110.58
1980-1989       60            631585.46       526090.09      1157675.55
1980-1989       61            600236.11       491220.23      1091456.34
1980-1989       62            564496.09       454216.23      1018712.32
1980-1989       63            527922.51       417877.89       945800.39
1980-1989       64            498583.51       387999.93       886583.44
1980-1989       65            481352.27       368830.94       850183.21
1980-1989       66            469122.79       354291.73       823414.52
1980-1989       67            458010.21       341000.27       799010.49
1980-1989       68            445085.78       326486.73       771572.52
1980-1989       69            435614.20       314089.09       749703.29
1980-1989       70            429144.76       303297.27       732442.04
1980-1989       71            438482.94       302624.53       741107.47
1980-1989       72            448935.76       301308.70       750244.45
1980-1989       73            453753.88       295187.08       748940.97
1980-1989       74            447911.14       281478.30       729389.44
1980-1989       75            428588.73       259735.51       688324.24
1980-1989       76            400483.54       233309.03       633792.56
1980-1989       77            370339.61       206686.60       577026.21
1980-1989       78            338433.04       180423.57       518856.61
1980-1989       79            305111.18       155030.57       460141.75
1980-1989       80            272029.33       130988.05       403017.38
1980-1989       81            238574.71       108586.80       347161.51
1980-1989       82            206486.87        88664.82       295151.69
1980-1989       83            175862.29        71169.50       247031.79
1980-1989       84            147614.71        56262.62       203877.32
1980-1989       85            121678.52        43731.78       165410.30
1980-1989       86             97769.92        33297.04       131066.95
1980-1989       87             76828.34        24759.65       101587.99
1980-1989       88             58901.80        18178.30        77080.10
1980-1989       89             44160.78        13232.90        57393.68
1980-1989       90             32478.12         9445.51        41923.64
1980-1989       91             23231.91         6558.74        29790.65
1980-1989       92             16251.26         4490.34        20741.60
1980-1989       93             11049.37         2903.58        13952.94
1980-1989       94              7252.61         1850.31         9102.92
1980-1989       95              4634.50         1160.99         5795.49
1980-1989       96              2893.88          719.95         3613.84
1980-1989       97              1791.88          435.92         2227.80
1980-1989       98              1071.26          255.26         1326.52
1980-1989       99               618.71          143.47          762.18
1980-1989      100               344.96           93.03          437.99
1980-1989      101               156.61           55.64          212.26
1980-1989      102                79.12           27.65          106.77
1980-1989      103                38.39           12.55           50.95
1980-1989      104                16.20            5.10           21.31
1980-1989      105                 5.82            1.37            7.19
1980-1989      106                 1.27            0.09            1.36
1980-1989      107                 0.05            0.00            0.05
1980-1989      108                 0.00            0.00            0.00
1980-1989      109                 0.00            0.00            0.00
1980-1989      110+                0.00            0.00            0.00
1990-1999        0            523983.84       552762.20      1076746.04
1990-1999        1            541880.49       570636.74      1112517.24
1990-1999        2            560882.40       590317.87      1151200.28
1990-1999        3            580823.33       611341.81      1192165.14
1990-1999        4            600154.45       631220.64      1231375.09
1990-1999        5            616769.38       648354.64      1265124.02
1990-1999        6            627257.86       659335.04      1286592.89
1990-1999        7            635695.38       667648.40      1303343.78
1990-1999        8            645050.46       676584.85      1321635.31
1990-1999        9            652727.54       684499.07      1337226.61
1990-1999       10            668410.04       701388.79      1369798.82
1990-1999       11            689215.20       723391.53      1412606.73
1990-1999       12            712227.94       747228.04      1459455.98
1990-1999       13            736149.05       771645.40      1507794.45
1990-1999       14            762366.55       798187.27      1560553.82
1990-1999       15            789345.16       825633.38      1614978.54
1990-1999       16            813828.73       851086.40      1664915.14
1990-1999       17            829492.85       867756.09      1697248.94
1990-1999       18            835183.22       873726.13      1708909.35
1990-1999       19            836244.11       874497.00      1710741.10
1990-1999       20            826787.07       864179.09      1690966.16
1990-1999       21            809374.64       845709.89      1655084.53
1990-1999       22            788785.34       824095.20      1612880.54
1990-1999       23            767029.93       801679.75      1568709.69
1990-1999       24            743678.54       777836.26      1521514.80
1990-1999       25            722997.19       756442.60      1479439.79
1990-1999       26            705160.83       737219.98      1442380.81
1990-1999       27            688826.37       719085.51      1407911.88
1990-1999       28            677283.27       706384.64      1383667.91
1990-1999       29            666676.98       695090.85      1361767.83
1990-1999       30            659512.41       686982.04      1346494.44
1990-1999       31            655616.41       681927.88      1337544.29
1990-1999       32            661372.70       686333.70      1347706.40
1990-1999       33            669814.22       693231.30      1363045.52
1990-1999       34            679048.41       700997.00      1380045.41
1990-1999       35            686853.36       706874.37      1393727.73
1990-1999       36            693722.19       711759.23      1405481.42
1990-1999       37            708124.02       724599.70      1432723.72
1990-1999       38            727753.04       742261.05      1470014.08
1990-1999       39            749437.05       761812.24      1511249.29
1990-1999       40            769206.78       779429.56      1548636.35
1990-1999       41            787293.56       795708.37      1583001.93
1990-1999       42            801671.84       808475.18      1610147.02
1990-1999       43            813438.84       817921.34      1631360.18
1990-1999       44            814585.58       815857.63      1630443.21
1990-1999       45            808731.73       806671.83      1615403.56
1990-1999       46            801452.61       796034.66      1597487.27
1990-1999       47            788781.63       780000.06      1568781.69
1990-1999       48            768551.07       756741.19      1525292.26
1990-1999       49            745290.14       730216.50      1475506.64
1990-1999       50            720647.24       701648.75      1422295.99
1990-1999       51            692743.66       669274.68      1362018.34
1990-1999       52            656838.71       629014.65      1285853.36
1990-1999       53            620147.94       588673.48      1208821.42
1990-1999       54            592105.94       557117.68      1149223.62
1990-1999       55            570629.30       531610.57      1102239.88
1990-1999       56            551348.50       508147.58      1059496.07
1990-1999       57            537969.38       489972.60      1027941.98
1990-1999       58            531632.35       477694.05      1009326.41
1990-1999       59            529799.96       468958.66       998758.62
1990-1999       60            530002.83       461976.13       991978.96
1990-1999       61            533013.64       456986.12       989999.76
1990-1999       62            537682.41       452190.21       989872.61
1990-1999       63            543477.35       447394.41       990871.76
1990-1999       64            549334.69       442026.56       991361.25
1990-1999       65            553247.87       434230.87       987478.75
1990-1999       66            556062.47       424813.47       980875.95
1990-1999       67            555997.28       412843.28       968840.56
1990-1999       68            552982.58       399008.10       951990.68
1990-1999       69            542198.36       379866.26       922064.61
1990-1999       70            526638.91       358122.89       884761.81
1990-1999       71            491877.10       324310.90       816188.01
1990-1999       72            451863.84       288951.86       740815.70
1990-1999       73            412072.38       255672.34       667744.72
1990-1999       74            377574.79       227352.32       604927.11
1990-1999       75            352079.70       206164.91       558244.60
1990-1999       76            331229.15       188614.93       519844.08
1990-1999       77            309335.48       171282.37       480617.84
1990-1999       78            285644.46       153570.36       439214.83
1990-1999       79            264428.39       137579.07       402007.46
1990-1999       80            244783.64       122368.11       367151.75
1990-1999       81            234301.67       112672.09       346973.76
1990-1999       82            222957.84       102992.75       325950.59
1990-1999       83            207771.22        91731.69       299502.91
1990-1999       84            187461.92        78959.68       266421.60
1990-1999       85            161681.63        65093.39       226775.02
1990-1999       86            134447.79        51356.87       185804.66
1990-1999       87            109283.05        39357.56       148640.61
1990-1999       88             86867.27        29430.18       116297.45
1990-1999       89             67348.85        21492.53        88841.38
1990-1999       90             50619.66        15190.55        65810.21
1990-1999       91             36863.88        10408.96        47272.84
1990-1999       92             26254.04         6937.98        33192.02
1990-1999       93             18092.12         4521.50        22613.62
1990-1999       94             12133.21         2862.12        14995.32
1990-1999       95              7922.35         1749.78         9672.13
1990-1999       96              4997.08         1057.70         6054.79
1990-1999       97              3042.18          615.81         3657.99
1990-1999       98              1793.63          339.97         2133.60
1990-1999       99              1039.45          185.90         1225.35
1990-1999      100               587.46          103.85          691.30
1990-1999      101               309.89           54.57          364.45
1990-1999      102               156.86           23.90          180.76
1990-1999      103                75.52            8.03           83.54
1990-1999      104                33.49            1.78           35.27
1990-1999      105                12.24            0.11           12.35
1990-1999      106                 2.60            0.00            2.60
1990-1999      107                 0.05            0.00            0.05
1990-1999      108                 0.00            0.00            0.00
1990-1999      109                 0.00            0.00            0.00
1990-1999      110+                0.00            0.00            0.00
2000-2009        0            491022.52       518227.84      1009250.36
2000-2009        1            477132.96       504015.77       981148.73
2000-2009        2            463010.16       489527.85       952538.01
2000-2009        3            452602.97       478620.16       931223.13
2000-2009        4            447307.74       472971.87       920279.61
2000-2009        5            447522.37       472952.38       920474.76
2000-2009        6            456923.05       482509.85       939432.90
2000-2009        7            470515.80       496832.99       967348.79
2000-2009        8            485799.34       513103.53       998902.86
2000-2009        9            505749.32       533729.63      1039478.95
2000-2009       10            524991.65       553202.02      1078193.67
2000-2009       11            545250.17       573868.81      1119118.98
2000-2009       12            565681.58       594960.48      1160642.05
2000-2009       13            586723.39       616931.03      1203654.42
2000-2009       14            607390.80       638235.68      1245626.48
2000-2009       15            625674.35       657118.34      1282792.69
2000-2009       16            637525.56       669703.85      1307229.41
2000-2009       17            647432.90       679801.41      1327234.30
2000-2009       18            658756.70       690898.83      1349655.54
2000-2009       19            667844.88       700628.97      1368473.85
2000-2009       20            684883.34       719515.06      1404398.40
2000-2009       21            705887.44       742246.32      1448133.76
2000-2009       22            728564.65       766144.73      1494709.39
2000-2009       23            752331.20       790486.80      1542817.99
2000-2009       24            777699.19       816112.87      1593812.06
2000-2009       25            802705.10       841670.87      1644375.97
2000-2009       26            825665.50       865774.31      1691439.81
2000-2009       27            840010.27       881468.80      1721479.07
2000-2009       28            844710.48       886813.78      1731524.26
2000-2009       29            845584.16       887438.38      1733022.54
2000-2009       30            835936.82       877055.61      1712992.44
2000-2009       31            818448.80       858969.78      1677418.58
2000-2009       32            797862.26       837650.08      1635512.35
2000-2009       33            775944.70       814982.13      1590926.83
2000-2009       34            752478.86       790776.09      1543254.95
2000-2009       35            731266.59       768784.51      1500051.10
2000-2009       36            712742.65       748572.20      1461314.85
2000-2009       37            696317.54       729910.49      1426228.03
2000-2009       38            684471.72       716256.12      1400727.84
2000-2009       39            673032.62       703418.29      1376450.91
2000-2009       40            664870.90       693641.83      1358512.73
2000-2009       41            660213.62       686897.72      1347111.34
2000-2009       42            665743.74       690140.52      1355884.25
2000-2009       43            673580.07       695332.49      1368912.56
2000-2009       44            681931.10       700904.03      1382835.13
2000-2009       45            688314.05       703673.79      1391987.84
2000-2009       46            693333.72       704924.03      1398257.75
2000-2009       47            705818.68       713876.33      1419695.01
2000-2009       48            723409.87       727361.24      1450771.12
2000-2009       49            742873.96       742189.58      1485063.54
2000-2009       50            760682.42       754949.52      1515631.94
2000-2009       51            776316.94       766006.50      1542323.44
2000-2009       52            788264.66       773159.82      1561424.48
2000-2009       53            797880.52       777062.31      1574942.82
2000-2009       54            796372.34       769285.70      1565658.04
2000-2009       55            788194.22       754662.29      1542856.51
2000-2009       56            778630.28       738506.80      1517137.08
2000-2009       57            763282.27       717193.16      1480475.43
2000-2009       58            740627.68       689424.50      1430052.18
2000-2009       59            715085.66       658652.86      1373738.52
2000-2009       60            688336.41       626038.76      1314375.17
2000-2009       61            658239.38       590155.93      1248395.31
2000-2009       62            620321.81       547309.27      1167631.08
2000-2009       63            581779.64       504615.11      1086394.75
2000-2009       64            551755.49       470549.80      1022305.29
2000-2009       65            527947.27       442425.99       970373.26
2000-2009       66            505486.53       415408.92       920895.45
2000-2009       67            488666.53       393137.75       881804.28
2000-2009       68            477729.64       375554.23       853283.87
2000-2009       69            469800.91       359656.85       829457.76
2000-2009       70            463091.66       345109.82       808201.48
2000-2009       71            458349.89       332395.86       790745.75
2000-2009       72            454101.73       319691.13       773792.87
2000-2009       73            449961.33       306868.20       756829.53
2000-2009       74            444280.97       292901.13       737182.10
2000-2009       75            435693.82       276789.53       712483.35
2000-2009       76            425237.67       259707.33       684945.00
2000-2009       77            410967.55       240566.89       651534.44
2000-2009       78            393178.25       220421.61       613599.87
2000-2009       79            368770.60       198574.84       567345.44
2000-2009       80            341740.77       176232.16       517972.92
2000-2009       81            302065.73       149362.80       451428.54
2000-2009       82            260913.31       123776.95       384690.26
2000-2009       83            222041.28       101042.50       323083.77
2000-2009       84            188277.13        82173.26       270450.38
2000-2009       85            160623.34        67245.81       227869.15
2000-2009       86            135996.55        54744.05       190740.60
2000-2009       87            113143.29        43832.46       156975.75
2000-2009       88             91864.46        34155.42       126019.89
2000-2009       89             73923.95        26316.78       100240.73
2000-2009       90             58626.01        19882.90        78508.91
2000-2009       91             47598.67        15372.59        62971.26
2000-2009       92             37979.68        11591.08        49570.76
2000-2009       93             29109.56         8348.53        37458.08
2000-2009       94             21248.42         5843.01        27091.43
2000-2009       95             14530.96         3811.06        18342.02
2000-2009       96              9424.62         2325.54        11750.16
2000-2009       97              5873.55         1365.89         7239.44
2000-2009       98              3532.10          792.68         4324.79
2000-2009       99              2085.02          450.86         2535.88
2000-2009      100              1210.83          236.89         1447.71
2000-2009      101               672.84          124.44          797.28
2000-2009      102               368.59           64.94          433.53
2000-2009      103               193.73           29.88          223.60
2000-2009      104                97.23           11.36          108.60
2000-2009      105                45.93            3.55           49.48
2000-2009      106                19.15            0.70           19.85
2000-2009      107                 5.84            0.00            5.84
2000-2009      108                 1.03            0.00            1.03
2000-2009      109                 0.00            0.00            0.00
2000-2009      110+                0.00            0.00            0.00
2010-2016        0            380239.88       399875.98       780115.86
2010-2016        1            387619.04       407104.23       794723.26
2010-2016        2            393291.03       412627.98       805919.01
2010-2016        3            395482.53       414822.56       810305.09
2010-2016        4            393490.22       413226.64       806716.86
2010-2016        5            389373.53       409319.00       798692.53
2010-2016        6            380187.19       399779.47       779966.66
2010-2016        7            366693.52       385955.84       752649.36
2010-2016        8            351971.56       371041.78       723013.33
2010-2016        9            336708.36       355974.19       692682.55
2010-2016       10            325262.27       344397.37       669659.64
2010-2016       11            317919.79       336556.25       654476.04
2010-2016       12            312752.06       331014.64       643766.70
2010-2016       13            310350.77       328321.15       638671.91
2010-2016       14            310420.65       328367.28       638787.92
2010-2016       15            314528.45       332638.42       647166.88
2010-2016       16            327027.37       345008.76       672036.12
2010-2016       17            344312.48       362319.50       706631.98
2010-2016       18            363782.00       381875.67       745657.68
2010-2016       19            385932.90       404706.29       790639.19
2010-2016       20            405331.77       424369.67       829701.44
2010-2016       21            425990.82       445107.65       871098.48
2010-2016       22            443342.45       463419.37       906761.82
2010-2016       23            454063.78       475620.08       929683.86
2010-2016       24            462724.69       485454.21       948178.90
2010-2016       25            471299.55       495085.43       966384.98
2010-2016       26            475990.16       501267.53       977257.69
2010-2016       27            482757.95       509573.14       992331.09
2010-2016       28            488808.30       517229.39      1006037.69
2010-2016       29            495578.27       525869.24      1021447.51
2010-2016       30            508609.30       540226.48      1048835.78
2010-2016       31            526332.33       558746.14      1085078.47
2010-2016       32            544678.01       577778.57      1122456.58
2010-2016       33            564269.20       597926.70      1162195.89
2010-2016       34            585280.14       619708.11      1204988.24
2010-2016       35            605819.10       640858.15      1246677.25
2010-2016       36            623905.78       659806.08      1283711.85
2010-2016       37            626831.30       662585.43      1289416.73
2010-2016       38            616362.73       651516.24      1267878.97
2010-2016       39            601968.55       636193.87      1238162.42
2010-2016       40            582251.94       615407.20      1197659.14
2010-2016       41            557853.78       590061.16      1147914.94
2010-2016       42            530569.38       561397.43      1091966.81
2010-2016       43            505308.29       533754.54      1039062.83
2010-2016       44            489460.33       515509.97      1004970.30
2010-2016       45            484778.94       509644.64       994423.58
2010-2016       46            483969.89       507713.58       991683.47
2010-2016       47            480110.77       501774.36       981885.13
2010-2016       48            475367.93       494780.01       970147.94
2010-2016       49            470913.02       488104.58       959017.60
2010-2016       50            464948.10       479959.55       944907.65
2010-2016       51            459087.65       471200.20       930287.85
2010-2016       52            457973.80       466212.16       924185.96
2010-2016       53            457365.02       461457.89       918822.91
2010-2016       54            465239.47       464988.56       930228.03
2010-2016       55            477406.88       472560.34       949967.21
2010-2016       56            491312.10       481260.93       972573.03
2010-2016       57            506986.42       491091.15       998077.57
2010-2016       58            522820.65       500690.00      1023510.65
2010-2016       59            530491.05       502266.87      1032757.92
2010-2016       60            533462.71       499541.80      1033004.51
2010-2016       61            533763.68       494146.09      1027909.77
2010-2016       62            537201.12       491387.61      1028588.73
2010-2016       63            540233.76       487280.28      1027514.04
2010-2016       64            532753.68       472844.47      1005598.15
2010-2016       65            518058.30       452226.46       970284.76
2010-2016       66            502880.58       431961.17       934841.74
2010-2016       67            485027.69       409288.42       894316.11
2010-2016       68            462589.82       382580.17       845169.99
2010-2016       69            433757.17       351546.15       785303.31
2010-2016       70            401809.89       318798.06       720607.94
2010-2016       71            374890.26       290887.36       665777.61
2010-2016       72            350250.00       265932.45       616182.44
2010-2016       73            325006.00       240575.06       565581.05
2010-2016       74            303657.68       218363.31       522020.99
2010-2016       75            287154.86       200501.27       487656.13
2010-2016       76            272279.55       184056.84       456336.39
2010-2016       77            260787.86       170635.69       431423.55
2010-2016       78            252820.05       159826.01       412646.06
2010-2016       79            246341.64       150203.74       396545.38
2010-2016       80            237842.26       140132.40       377974.65
2010-2016       81            227429.23       129071.14       356500.37
2010-2016       82            214355.25       116480.08       330835.33
2010-2016       83            199208.03       103480.49       302688.52
2010-2016       84            181902.26        90214.57       272116.83
2010-2016       85            163282.12        76726.40       240008.51
2010-2016       86            144257.47        63997.91       208255.38
2010-2016       87            125302.92        52402.13       177705.04
2010-2016       88            106935.49        42067.29       149002.78
2010-2016       89             88241.05        32829.60       121070.65
2010-2016       90             70183.94        24895.16        95079.10
2010-2016       91             52147.81        17530.55        69678.36
2010-2016       92             36911.70        11790.98        48702.68
2010-2016       93             25046.88         7591.73        32638.61
2010-2016       94             16608.84         4805.01        21413.86
2010-2016       95             10992.07         2985.82        13977.89
2010-2016       96              7350.83         1923.53         9274.37
2010-2016       97              4834.85         1211.35         6046.20
2010-2016       98              3328.81          779.38         4108.19
2010-2016       99              2260.91          491.47         2752.38
2010-2016      100              1454.06          294.92         1748.97
2010-2016      101               839.32          156.04          995.35
2010-2016      102               453.35           81.21          534.55
2010-2016      103               232.15           39.53          271.68
2010-2016      104               114.76           17.38          132.14
2010-2016      105                53.41            6.17           59.58
2010-2016      106                22.70            0.80           23.50
2010-2016      107                 8.58            0.00            8.58
2010-2016      108                 2.41            0.00            2.41
2010-2016      109                 0.18            0.00            0.18
2010-2016      110+                0.00            0.00            0.00
