West Germany, Exposure to risk (period 1x10), 	Last modified: 26 Sep 2017;  Methods Protocol: v6 (2017)

  Year          Age             Female            Male           Total
1956-1959        0           1672245.70      1767645.37      3439891.06
1956-1959        1           1602539.20      1688495.88      3291035.08
1956-1959        2           1560620.83      1640670.49      3201291.31
1956-1959        3           1527240.13      1605196.69      3132436.81
1956-1959        4           1510290.98      1586166.12      3096457.10
1956-1959        5           1504556.47      1579527.20      3084083.67
1956-1959        6           1506254.85      1581442.47      3087697.32
1956-1959        7           1507580.69      1582140.84      3089721.53
1956-1959        8           1483598.79      1555996.77      3039595.56
1956-1959        9           1450498.48      1519024.15      2969522.63
1956-1959       10           1357110.71      1415937.91      2773048.62
1956-1959       11           1300582.17      1350884.99      2651467.16
1956-1959       12           1321777.95      1368922.75      2690700.69
1956-1959       13           1353217.80      1401338.81      2754556.62
1956-1959       14           1482114.50      1536068.17      3018182.67
1956-1959       15           1639172.17      1698645.33      3337817.50
1956-1959       16           1762739.17      1822103.83      3584843.00
1956-1959       17           1870126.83      1933123.50      3803250.33
1956-1959       18           1915834.00      1988628.50      3904462.50
1956-1959       19           1884465.67      1961480.83      3845946.50
1956-1959       20           1823408.50      1899601.67      3723010.17
1956-1959       21           1755944.50      1826402.67      3582347.17
1956-1959       22           1663278.00      1721051.67      3384329.67
1956-1959       23           1552733.33      1601706.84      3154440.17
1956-1959       24           1462692.33      1510430.84      2973123.17
1956-1959       25           1411523.83      1458032.67      2869556.50
1956-1959       26           1421304.50      1467369.17      2888673.67
1956-1959       27           1466335.17      1512851.50      2979186.67
1956-1959       28           1503313.17      1536841.34      3040154.50
1956-1959       29           1524783.33      1511764.17      3036547.50
1956-1959       30           1555911.33      1464552.17      3020463.50
1956-1959       31           1592335.50      1394347.34      2986682.84
1956-1959       32           1625604.17      1317827.67      2943431.83
1956-1959       33           1666974.83      1279137.50      2946112.34
1956-1959       34           1710069.33      1268663.67      2978733.00
1956-1959       35           1762778.00      1284987.33      3047765.33
1956-1959       36           1768035.83      1283483.83      3051519.67
1956-1959       37           1646662.17      1192039.33      2838701.50
1956-1959       38           1437415.50      1039246.67      2476662.17
1956-1959       39           1217231.00       884280.00      2101511.00
1956-1959       40           1103983.00       806881.17      1910864.17
1956-1959       41           1196275.50       874900.83      2071176.33
1956-1959       42           1404662.67      1029910.50      2434573.16
1956-1959       43           1614251.50      1194830.17      2809081.66
1956-1959       44           1762113.00      1319820.33      3081933.33
1956-1959       45           1816228.50      1379017.83      3195246.33
1956-1959       46           1831573.17      1408242.50      3239815.67
1956-1959       47           1840547.83      1429063.00      3269610.83
1956-1959       48           1845796.17      1450744.66      3296540.83
1956-1959       49           1842007.33      1471501.50      3313508.83
1956-1959       50           1813731.17      1482232.50      3295963.66
1956-1959       51           1773506.17      1490729.33      3264235.50
1956-1959       52           1731173.83      1488013.66      3219187.50
1956-1959       53           1692415.83      1480046.00      3172461.83
1956-1959       54           1660240.67      1463242.50      3123483.16
1956-1959       55           1623982.33      1427219.17      3051201.50
1956-1959       56           1585411.00      1380612.17      2966023.17
1956-1959       57           1544667.17      1316602.83      2861270.00
1956-1959       58           1496336.33      1232736.00      2729072.33
1956-1959       59           1451970.83      1144457.84      2596428.67
1956-1959       60           1411037.67      1060485.67      2471523.34
1956-1959       61           1361007.50       983399.50      2344407.00
1956-1959       62           1310619.50       919104.83      2229724.33
1956-1959       63           1255508.83       864329.83      2119838.67
1956-1959       64           1197036.67       818399.50      2015436.17
1956-1959       65           1142789.50       781930.67      1924720.17
1956-1959       66           1088822.17       748606.16      1837428.33
1956-1959       67           1038235.16       717874.50      1756109.66
1956-1959       68            987885.16       687695.83      1675580.99
1956-1959       69            935553.33       656120.33      1591673.66
1956-1959       70            881966.17       624000.49      1505966.66
1956-1959       71            826378.83       590350.16      1416728.99
1956-1959       72            768535.83       552938.33      1321474.16
1956-1959       73            711530.83       515892.82      1227423.65
1956-1959       74            654605.83       478893.33      1133499.16
1956-1959       75            598482.83       440289.32      1038772.16
1956-1959       76            546452.67       403869.66       950322.32
1956-1959       77            496112.00       367865.33       863977.32
1956-1959       78            445926.33       331464.32       777390.64
1956-1959       79            395434.83       295142.82       690577.65
1956-1959       80            355770.94       266154.20       621925.14
1956-1959       81            303874.30       227759.55       531633.84
1956-1959       82            253688.96       189718.04       443407.00
1956-1959       83            207178.31       153443.08       360621.39
1956-1959       84            163245.34       119808.17       283053.51
1956-1959       85            125615.79        90937.72       216553.50
1956-1959       86             96724.01        68659.56       165383.58
1956-1959       87             73087.15        50345.11       123432.25
1956-1959       88             54713.87        36275.06        90988.92
1956-1959       89             40674.63        25788.88        66463.51
1956-1959       90             29046.78        17605.91        46652.69
1956-1959       91             20080.48        11676.45        31756.93
1956-1959       92             13792.39         7673.63        21466.02
1956-1959       93              9056.81         4826.53        13883.34
1956-1959       94              5700.60         2927.32         8627.92
1956-1959       95              3544.63         1753.55         5298.17
1956-1959       96              2119.42         1029.36         3148.78
1956-1959       97              1215.84          569.91         1785.75
1956-1959       98               690.69          315.36         1006.05
1956-1959       99               349.89          170.94          520.83
1956-1959      100               156.51           61.62          218.12
1956-1959      101                72.47           27.32           99.79
1956-1959      102                35.38           11.69           47.06
1956-1959      103                16.66            3.67           20.33
1956-1959      104                 6.72            0.32            7.04
1956-1959      105                 1.70            0.00            1.70
1956-1959      106                 0.07            0.00            0.07
1956-1959      107                 0.00            0.00            0.00
1956-1959      108                 0.00            0.00            0.00
1956-1959      109                 0.00            0.00            0.00
1956-1959      110+                0.00            0.00            0.00
1960-1969        0           4840214.79      5092724.83      9932939.63
1960-1969        1           4800631.60      5042774.79      9843406.39
1960-1969        2           4746416.50      4986564.88      9732981.37
1960-1969        3           4669005.05      4907494.25      9576499.30
1960-1969        4           4569743.31      4804964.75      9374708.06
1960-1969        5           4458276.89      4687331.16      9145608.05
1960-1969        6           4338410.40      4560434.57      8898844.97
1960-1969        7           4224688.08      4440678.94      8665367.02
1960-1969        8           4122740.79      4334127.61      8456868.40
1960-1969        9           4034916.61      4242105.48      8277022.09
1960-1969       10           3964346.82      4167417.85      8131764.67
1960-1969       11           3909599.94      4108567.97      8018167.91
1960-1969       12           3843897.71      4038102.22      7881999.93
1960-1969       13           3781160.93      3968870.93      7750031.87
1960-1969       14           3679773.28      3858977.50      7538750.78
1960-1969       15           3627070.67      3798632.11      7425702.78
1960-1969       16           3633152.52      3804599.92      7437752.44
1960-1969       17           3647601.14      3825804.34      7473405.48
1960-1969       18           3714268.68      3914470.96      7628739.64
1960-1969       19           3837854.22      4053725.71      7891579.94
1960-1969       20           3972053.80      4185076.69      8157130.48
1960-1969       21           4077002.61      4297971.29      8374973.90
1960-1969       22           4170247.34      4407212.48      8577459.82
1960-1969       23           4247554.72      4521798.89      8769353.61
1960-1969       24           4377733.17      4702949.84      9080683.00
1960-1969       25           4456003.67      4820439.84      9276443.50
1960-1969       26           4437580.83      4819700.01      9257280.84
1960-1969       27           4385633.84      4767043.83      9152677.67
1960-1969       28           4308749.00      4676699.00      8985448.00
1960-1969       29           4191592.17      4539194.01      8730786.17
1960-1969       30           4078497.00      4403648.67      8482145.67
1960-1969       31           3982047.67      4287936.83      8269984.50
1960-1969       32           3914918.50      4194002.17      8108920.67
1960-1969       33           3867383.17      4086446.50      7953829.67
1960-1969       34           3848292.33      3975293.34      7823585.67
1960-1969       35           3854085.50      3859368.84      7713454.34
1960-1969       36           3898968.50      3764361.67      7663330.17
1960-1969       37           3992744.33      3715171.34      7707915.67
1960-1969       38           4099577.67      3675952.00      7775529.67
1960-1969       39           4202357.33      3621710.84      7824068.17
1960-1969       40           4243531.33      3517146.17      7760677.50
1960-1969       41           4159933.50      3323325.34      7483258.83
1960-1969       42           4012424.83      3100779.33      7113204.17
1960-1969       43           3864002.83      2910991.84      6774994.67
1960-1969       44           3753319.33      2776545.84      6529865.17
1960-1969       45           3729435.50      2731140.17      6460575.67
1960-1969       46           3757343.00      2745660.83      6503003.83
1960-1969       47           3781180.50      2766974.33      6548154.83
1960-1969       48           3774704.33      2770912.33      6545616.67
1960-1969       49           3748897.67      2768809.50      6517707.16
1960-1969       50           3791201.67      2819438.99      6610640.66
1960-1969       51           3943225.67      2949428.16      6892653.83
1960-1969       52           4149508.17      3122612.66      7272120.83
1960-1969       53           4334352.83      3282139.16      7616491.99
1960-1969       54           4451885.00      3403937.00      7855822.00
1960-1969       55           4467760.67      3465162.16      7932922.83
1960-1969       56           4418224.83      3468905.83      7887130.66
1960-1969       57           4354427.50      3449378.49      7803805.99
1960-1969       58           4290618.00      3421215.50      7711833.50
1960-1969       59           4213182.83      3379035.83      7592218.66
1960-1969       60           4113944.50      3303392.66      7417337.16
1960-1969       61           4001978.17      3195595.00      7197573.16
1960-1969       62           3884966.00      3064547.00      6949513.00
1960-1969       63           3764651.17      2916039.67      6680690.84
1960-1969       64           3644781.50      2753839.17      6398620.67
1960-1969       65           3514753.17      2574589.17      6089342.33
1960-1969       66           3380764.00      2398014.83      5778778.83
1960-1969       67           3237776.33      2223028.34      5460804.67
1960-1969       68           3081488.17      2049484.33      5130972.50
1960-1969       69           2923145.67      1884689.50      4807835.17
1960-1969       70           2769264.33      1734087.16      4503351.50
1960-1969       71           2605320.50      1599263.50      4204583.99
1960-1969       72           2438018.83      1478473.83      3916492.66
1960-1969       73           2266508.33      1365201.49      3631709.82
1960-1969       74           2093194.16      1258186.16      3351380.32
1960-1969       75           1922553.50      1159344.32      3081897.82
1960-1969       76           1749054.00      1059511.99      2808565.99
1960-1969       77           1579590.49       961581.32      2541171.81
1960-1969       78           1412955.99       865276.99      2278232.98
1960-1969       79           1252331.66       770304.15      2022635.81
1960-1969       80           1111507.81       687817.61      1799325.41
1960-1969       81            963463.56       599605.92      1563069.48
1960-1969       82            824000.53       514671.61      1338672.14
1960-1969       83            694794.35       435523.42      1130317.77
1960-1969       84            576977.13       362374.81       939351.94
1960-1969       85            470120.50       294960.01       765080.50
1960-1969       86            375398.60       234598.16       609996.75
1960-1969       87            292876.97       182168.35       475045.32
1960-1969       88            222128.77       137028.73       359157.50
1960-1969       89            164371.88       100112.94       264484.82
1960-1969       90            119083.29        71594.13       190677.43
1960-1969       91             83716.13        49301.23       133017.36
1960-1969       92             57165.22        32585.60        89750.82
1960-1969       93             37978.54        20910.42        58888.96
1960-1969       94             24535.90        12906.89        37442.78
1960-1969       95             15367.83         7688.89        23056.72
1960-1969       96              9279.25         4478.61        13757.86
1960-1969       97              5452.88         2538.26         7991.14
1960-1969       98              3162.36         1428.08         4590.44
1960-1969       99              1748.75          754.05         2502.80
1960-1969      100               882.56          342.72         1225.27
1960-1969      101               441.49          164.05          605.54
1960-1969      102               217.17           73.34          290.52
1960-1969      103                97.33           25.93          123.26
1960-1969      104                34.78           13.27           48.06
1960-1969      105                10.38            5.88           16.26
1960-1969      106                 2.69            2.67            5.35
1960-1969      107                 1.17            1.17            2.33
1960-1969      108                 1.00            1.00            2.00
1960-1969      109                 0.83            1.00            1.83
1960-1969      110+                0.00            2.17            2.17
1970-1979        0           3183603.44      3348563.00      6532166.44
1970-1979        1           3332070.74      3493635.99      6825706.73
1970-1979        2           3530267.54      3699465.71      7229733.26
1970-1979        3           3747613.79      3927817.22      7675431.01
1970-1979        4           3968074.54      4163980.77      8132055.31
1970-1979        5           4189719.79      4401676.29      8591396.08
1970-1979        6           4392467.02      4613594.12      9006061.14
1970-1979        7           4569618.74      4798100.63      9367719.38
1970-1979        8           4705147.64      4941064.20      9646211.85
1970-1979        9           4803781.08      5044820.61      9848601.69
1970-1979       10           4862881.78      5108742.19      9971623.96
1970-1979       11           4861490.50      5109482.50      9970973.00
1970-1979       12           4816194.56      5064399.01      9880593.57
1970-1979       13           4744414.74      4991877.70      9736292.44
1970-1979       14           4652008.10      4897678.25      9549686.35
1970-1979       15           4549147.93      4798597.14      9347745.07
1970-1979       16           4444840.09      4692524.28      9137364.37
1970-1979       17           4350097.79      4591057.51      8941155.29
1970-1979       18           4286963.37      4517440.92      8804404.29
1970-1979       19           4245568.09      4448584.65      8694152.75
1970-1979       20           4221258.82      4367039.91      8588298.73
1970-1979       21           4196784.35      4337376.83      8534161.17
1970-1979       22           4158610.08      4319669.49      8478279.57
1970-1979       23           4121179.24      4303927.04      8425106.28
1970-1979       24           4026913.38      4226195.75      8253109.14
1970-1979       25           3965637.84      4189236.95      8154874.80
1970-1979       26           3950582.29      4199262.28      8149844.57
1970-1979       27           3930532.00      4205787.35      8136319.35
1970-1979       28           3948884.32      4252850.98      8201735.30
1970-1979       29           4022233.63      4356206.56      8378440.19
1970-1979       30           4109638.98      4469395.39      8579034.37
1970-1979       31           4186564.61      4557284.64      8743849.25
1970-1979       32           4264350.06      4645416.43      8909766.48
1970-1979       33           4337571.36      4729283.99      9066855.35
1970-1979       34           4467419.33      4868841.33      9336260.67
1970-1979       35           4546675.67      4954980.34      9501656.00
1970-1979       36           4525653.17      4929689.83      9455343.00
1970-1979       37           4472373.67      4859765.17      9332138.84
1970-1979       38           4393134.00      4759667.17      9152801.17
1970-1979       39           4271918.33      4615935.50      8887853.84
1970-1979       40           4146730.67      4464950.50      8611681.17
1970-1979       41           4039448.83      4331424.00      8370872.83
1970-1979       42           3958586.17      4210886.34      8169472.50
1970-1979       43           3898740.17      4079961.34      7978701.50
1970-1979       44           3862519.67      3942002.00      7804521.67
1970-1979       45           3850137.83      3796788.00      7646925.83
1970-1979       46           3883785.17      3683367.50      7567152.67
1970-1979       47           3961102.33      3615137.67      7576240.00
1970-1979       48           4051765.17      3556168.67      7607933.84
1970-1979       49           4135669.17      3482428.34      7618097.51
1970-1979       50           4154957.17      3357394.84      7512352.01
1970-1979       51           4057466.33      3154288.34      7211754.67
1970-1979       52           3896845.00      2923733.50      6820578.50
1970-1979       53           3741342.67      2728564.34      6469907.01
1970-1979       54           3620851.67      2585377.17      6206228.84
1970-1979       55           3584567.00      2526491.33      6111058.33
1970-1979       56           3599275.00      2525232.67      6124507.67
1970-1979       57           3610399.50      2526187.17      6136586.66
1970-1979       58           3590513.83      2507797.50      6098311.34
1970-1979       59           3553632.00      2480591.67      6034223.67
1970-1979       60           3576584.33      2492579.99      6069164.32
1970-1979       61           3705346.00      2571185.83      6276531.83
1970-1979       62           3878381.17      2679388.67      6557769.83
1970-1979       63           4027871.33      2769672.66      6797543.99
1970-1979       64           4105411.16      2817911.33      6923322.49
1970-1979       65           4082417.33      2808593.33      6891010.66
1970-1979       66           3996039.50      2750343.33      6746382.82
1970-1979       67           3892666.67      2669729.33      6562395.99
1970-1979       68           3783607.00      2575571.99      6359178.99
1970-1979       69           3656710.50      2467200.66      6123911.16
1970-1979       70           3500221.00      2331515.50      5831736.49
1970-1979       71           3332410.00      2175606.66      5508016.66
1970-1979       72           3154474.83      2007021.49      5161496.33
1970-1979       73           2973327.66      1831972.66      4805300.32
1970-1979       74           2784907.16      1651377.84      4436285.00
1970-1979       75           2589308.00      1467818.00      4057126.00
1970-1979       76           2391144.16      1294295.34      3685439.50
1970-1979       77           2186936.50      1133932.83      3320869.33
1970-1979       78           1978546.67       984050.67      2962597.34
1970-1979       79           1772429.83       848528.84      2620958.67
1970-1979       80           1581837.49       728100.21      2309937.70
1970-1979       81           1384843.78       621167.74      2006011.52
1970-1979       82           1195696.95       527790.07      1723487.02
1970-1979       83           1016535.61       444740.97      1461276.58
1970-1979       84            850216.57       371150.37      1221366.94
1970-1979       85            699812.92       306223.20      1006036.11
1970-1979       86            565300.52       248683.78       813984.30
1970-1979       87            448378.19       198082.45       646460.64
1970-1979       88            348539.47       154684.09       503223.55
1970-1979       89            265330.34       118490.84       383821.18
1970-1979       90            197752.81        88708.74       286461.55
1970-1979       91            144049.72        64578.56       208628.28
1970-1979       92            102100.04        45662.00       147762.04
1970-1979       93             70786.61        31519.52       102306.12
1970-1979       94             47495.07        20987.30        68482.37
1970-1979       95             30934.61        13543.16        44477.76
1970-1979       96             19391.83         8440.03        27831.86
1970-1979       97             11801.78         5056.96        16858.73
1970-1979       98              6938.74         2944.74         9883.48
1970-1979       99              3339.17         1323.94         4663.11
1970-1979      100              1969.17          739.95         2709.11
1970-1979      101               995.17          378.01         1373.18
1970-1979      102               495.67          186.67          682.33
1970-1979      103               256.17           85.17          341.33
1970-1979      104               135.83           41.17          177.00
1970-1979      105                72.40           19.80           92.20
1970-1979      106                32.57           10.83           43.40
1970-1979      107                19.50            9.00           28.50
1970-1979      108                12.50            6.17           18.67
1970-1979      109                 4.83            1.50            6.33
1970-1979      110+                1.83            0.00            1.83
1980-1989        0           3013182.23      3174272.00      6187454.23
1980-1989        1           2962571.76      3118092.54      6080664.30
1980-1989        2           2925887.38      3077820.64      6003708.03
1980-1989        3           2904939.11      3054149.06      5959088.17
1980-1989        4           2900612.48      3048389.53      5949002.01
1980-1989        5           2905387.74      3050390.52      5955778.26
1980-1989        6           2909239.99      3046809.93      5956049.92
1980-1989        7           2923888.39      3055599.84      5979488.23
1980-1989        8           2982448.50      3115187.60      6097636.10
1980-1989        9           3068912.62      3206903.74      6275816.35
1980-1989       10           3194933.94      3340201.73      6535135.67
1980-1989       11           3380476.49      3539454.03      6919930.52
1980-1989       12           3589281.87      3763115.82      7352397.69
1980-1989       13           3806991.33      3998075.87      7805067.20
1980-1989       14           4031951.77      4244581.15      8276532.93
1980-1989       15           4266510.74      4507296.90      8773807.65
1980-1989       16           4491736.21      4753521.86      9245258.07
1980-1989       17           4694158.07      4972604.38      9666762.45
1980-1989       18           4852126.44      5139507.09      9991633.53
1980-1989       19           4973966.15      5252663.26     10226629.41
1980-1989       20           5053613.88      5330351.60     10383965.48
1980-1989       21           5060391.05      5347323.63     10407714.68
1980-1989       22           5018603.49      5321866.51     10340470.00
1980-1989       23           4951226.16      5267176.12     10218402.28
1980-1989       24           4863919.89      5185508.10     10049427.99
1980-1989       25           4767688.85      5079873.18      9847562.03
1980-1989       26           4664639.65      4953880.77      9618520.42
1980-1989       27           4564787.90      4830258.97      9395046.87
1980-1989       28           4475309.19      4721378.08      9196687.27
1980-1989       29           4397312.91      4627356.81      9024669.73
1980-1989       30           4338145.97      4559374.80      8897520.77
1980-1989       31           4285359.57      4499126.93      8784486.50
1980-1989       32           4219124.75      4421018.93      8640143.68
1980-1989       33           4144579.11      4336068.27      8480647.38
1980-1989       34           4024593.39      4202765.56      8227358.95
1980-1989       35           3948158.69      4118084.39      8066243.07
1980-1989       36           3927016.32      4098271.28      8025287.60
1980-1989       37           3908213.13      4083411.39      7991624.52
1980-1989       38           3929065.82      4110097.12      8039162.94
1980-1989       39           4003713.37      4196657.81      8200371.18
1980-1989       40           4090518.20      4296279.77      8386797.96
1980-1989       41           4165165.55      4379576.64      8544742.19
1980-1989       42           4239082.64      4455553.32      8694635.97
1980-1989       43           4307599.81      4526425.69      8834025.51
1980-1989       44           4433563.17      4655236.50      9088799.67
1980-1989       45           4508002.67      4729989.84      9237992.50
1980-1989       46           4482630.67      4698421.50      9181052.17
1980-1989       47           4422113.67      4623862.50      9045976.17
1980-1989       48           4334909.17      4516221.17      8851130.34
1980-1989       49           4207952.67      4366461.17      8574413.83
1980-1989       50           4076692.67      4209894.67      8286587.33
1980-1989       51           3961280.17      4068130.33      8029410.50
1980-1989       52           3870899.50      3937839.50      7808739.00
1980-1989       53           3800889.33      3798106.33      7598995.67
1980-1989       54           3755352.50      3651629.17      7406981.67
1980-1989       55           3731051.34      3496461.51      7227512.84
1980-1989       56           3750153.33      3370940.67      7121094.01
1980-1989       57           3810259.67      3287615.50      7097875.17
1980-1989       58           3882756.83      3212777.50      7095534.34
1980-1989       59           3947801.17      3121046.83      7068848.00
1980-1989       60           3950052.17      2981606.84      6931659.00
1980-1989       61           3842903.33      2772436.50      6615339.83
1980-1989       62           3673913.84      2538344.50      6212258.34
1980-1989       63           3509021.17      2337676.00      5846697.17
1980-1989       64           3378034.00      2183754.84      5561788.84
1980-1989       65           3322210.00      2100849.67      5423059.67
1980-1989       66           3312694.50      2064685.16      5377379.66
1980-1989       67           3291493.50      2024830.49      5316323.99
1980-1989       68           3236871.83      1964448.66      5201320.49
1980-1989       69           3162543.33      1893189.83      5055733.16
1980-1989       70           3135590.34      1849738.66      4985329.00
1980-1989       71           3193184.50      1850859.33      5044043.83
1980-1989       72           3278732.67      1865231.16      5143963.83
1980-1989       73           3333053.67      1858925.83      5191979.50
1980-1989       74           3315486.83      1815988.83      5131475.66
1980-1989       75           3203850.16      1726315.50      4930165.66
1980-1989       76           3032350.17      1602387.66      4634737.83
1980-1989       77           2841592.50      1466360.67      4307953.17
1980-1989       78           2645160.33      1328903.66      3974064.00
1980-1989       79           2436834.00      1190821.16      3627655.16
1980-1989       80           2215260.04      1044198.71      3259458.75
1980-1989       81           1983204.42       900971.87      2884176.29
1980-1989       82           1753367.03       763262.64      2516629.67
1980-1989       83           1530155.27       635561.83      2165717.10
1980-1989       84           1317900.19       519992.66      1837892.86
1980-1989       85           1117030.73       416868.48      1533899.21
1980-1989       86            931443.71       328973.66      1260417.38
1980-1989       87            761056.54       255377.77      1016434.31
1980-1989       88            607670.86       194695.48       802366.34
1980-1989       89            475898.45       146475.50       622373.95
1980-1989       90            364333.67       108681.93       473015.60
1980-1989       91            272224.32        79078.75       351303.06
1980-1989       92            198126.09        56714.41       254840.50
1980-1989       93            140134.27        39554.08       179688.36
1980-1989       94             96419.47        27040.86       123460.33
1980-1989       95             64454.33        18051.96        82506.29
1980-1989       96             41920.59        11756.91        53677.51
1980-1989       97             26601.73         7590.05        34191.77
1980-1989       98             16383.85         4797.37        21181.22
1980-1989       99              9422.17         2816.67        12238.83
1980-1989      100              5288.17         1511.17         6799.33
1980-1989      101              2891.17          804.00         3695.17
1980-1989      102              1516.50          423.50         1940.00
1980-1989      103               779.67          210.67          990.33
1980-1989      104               400.17          112.67          512.83
1980-1989      105               204.33           54.83          259.17
1980-1989      106               111.17           27.50          138.67
1980-1989      107                68.50           17.00           85.50
1980-1989      108                43.67           12.83           56.50
1980-1989      109                20.83            6.50           27.33
1980-1989      110+                0.00            0.00            0.00
1990-1999        0           3430021.42      3617478.95      7047500.37
1990-1999        1           3461797.22      3647588.86      7109386.09
1990-1999        2           3477265.16      3663035.66      7140300.82
1990-1999        3           3474765.54      3659801.12      7134566.65
1990-1999        4           3472806.45      3655511.55      7128318.00
1990-1999        5           3466065.49      3646835.34      7112900.84
1990-1999        6           3442165.98      3620952.01      7063117.99
1990-1999        7           3416068.35      3594419.83      7010488.18
1990-1999        8           3394021.28      3570809.44      6964830.73
1990-1999        9           3362048.65      3534674.56      6896723.21
1990-1999       10           3324160.46      3494124.16      6818284.61
1990-1999       11           3275972.26      3443463.59      6719435.85
1990-1999       12           3232874.86      3397407.77      6630282.63
1990-1999       13           3201710.41      3364731.43      6566441.85
1990-1999       14           3185380.97      3350233.46      6535614.43
1990-1999       15           3182440.13      3352794.07      6535234.19
1990-1999       16           3201268.33      3373117.06      6574385.38
1990-1999       17           3239686.68      3405604.68      6645291.36
1990-1999       18           3335549.09      3482372.64      6817921.73
1990-1999       19           3492495.39      3606660.06      7099155.45
1990-1999       20           3694527.66      3793358.53      7487886.20
1990-1999       21           3935189.30      4040517.24      7975706.55
1990-1999       22           4185685.95      4317865.16      8503551.11
1990-1999       23           4435435.55      4603521.68      9038957.24
1990-1999       24           4679672.61      4887160.50      9566833.11
1990-1999       25           4913261.41      5164275.22     10077536.63
1990-1999       26           5131876.40      5425850.47     10557726.87
1990-1999       27           5315739.44      5643627.02     10959366.45
1990-1999       28           5437783.03      5789064.47     11226847.49
1990-1999       29           5514382.93      5876219.78     11390602.71
1990-1999       30           5546259.16      5913494.13     11459753.29
1990-1999       31           5520426.43      5884675.16     11405101.59
1990-1999       32           5452778.03      5811155.40     11263933.43
1990-1999       33           5363172.73      5709838.24     11073010.97
1990-1999       34           5254942.07      5582396.32     10837338.39
1990-1999       35           5132845.00      5433059.98     10565904.99
1990-1999       36           5003779.08      5272400.75     10276179.83
1990-1999       37           4882253.44      5119510.12     10001763.56
1990-1999       38           4773723.04      4983913.26      9757636.30
1990-1999       39           4678221.10      4866358.03      9544579.14
1990-1999       40           4600519.60      4770729.87      9371249.47
1990-1999       41           4528928.81      4685623.93      9214552.73
1990-1999       42           4443436.61      4586748.81      9030185.42
1990-1999       43           4356224.71      4486614.23      8842838.94
1990-1999       44           4215625.57      4332689.64      8548315.22
1990-1999       45           4117244.22      4228531.68      8345775.90
1990-1999       46           4074409.52      4190340.96      8264750.48
1990-1999       47           4031799.83      4156989.86      8188789.69
1990-1999       48           4026393.72      4162385.15      8188778.87
1990-1999       49           4077455.31      4221960.48      8299415.79
1990-1999       50           4139902.40      4287161.40      8427063.80
1990-1999       51           4195801.58      4337708.35      8533509.93
1990-1999       52           4257109.28      4389439.16      8646548.44
1990-1999       53           4313767.49      4433107.70      8746875.20
1990-1999       54           4426815.00      4531644.50      8958459.50
1990-1999       55           4488847.67      4575721.00      9064568.67
1990-1999       56           4452167.50      4514203.50      8966371.00
1990-1999       57           4382270.67      4411033.67      8793304.33
1990-1999       58           4282290.83      4273711.00      8556001.83
1990-1999       59           4140471.00      4094623.67      8235094.67
1990-1999       60           3991201.17      3904114.84      7895316.00
1990-1999       61           3857732.33      3727727.67      7585460.00
1990-1999       62           3749672.83      3563641.83      7313314.67
1990-1999       63           3660114.00      3390408.17      7050522.17
1990-1999       64           3593759.33      3213857.17      6807616.50
1990-1999       65           3548413.67      3032676.33      6581090.00
1990-1999       66           3542667.83      2878515.50      6421183.34
1990-1999       67           3573097.67      2761772.00      6334869.67
1990-1999       68           3609193.67      2649119.67      6258313.33
1990-1999       69           3630167.00      2521647.00      6151814.00
1990-1999       70           3585980.50      2356118.84      5942099.34
1990-1999       71           3438743.50      2138399.17      5577142.67
1990-1999       72           3236420.33      1907393.67      5143814.00
1990-1999       73           3035885.50      1705288.50      4741174.00
1990-1999       74           2863007.67      1539862.33      4402870.00
1990-1999       75           2750609.33      1426403.00      4177012.33
1990-1999       76           2670864.33      1344018.50      4014882.83
1990-1999       77           2577542.83      1257643.83      3835186.66
1990-1999       78           2452692.67      1158376.17      3611068.84
1990-1999       79           2307160.17      1054091.67      3361251.83
1990-1999       80           2186589.28       955457.33      3142046.60
1990-1999       81           2121438.41       892106.63      3013545.03
1990-1999       82           2064481.32       834389.44      2898870.76
1990-1999       83           1974211.87       765810.34      2740022.21
1990-1999       84           1831824.67       682570.80      2514395.47
1990-1999       85           1633879.77       585657.82      2219537.59
1990-1999       86           1412309.64       485457.07      1897766.71
1990-1999       87           1196110.12       392953.11      1589063.23
1990-1999       88            995162.05       312285.92      1307447.97
1990-1999       89            809322.49       242406.76      1051729.25
1990-1999       90            639995.00       182230.11       822225.11
1990-1999       91            492972.98       133361.57       626334.55
1990-1999       92            370592.40        95020.65       465613.04
1990-1999       93            271299.31        65636.99       336936.30
1990-1999       94            193647.61        44051.11       237698.72
1990-1999       95            134314.71        28588.00       162902.71
1990-1999       96             90402.59        18173.68       108576.27
1990-1999       97             58911.99        11215.10        70127.08
1990-1999       98             37349.20         6868.72        44217.92
1990-1999       99             23207.18         4253.95        27461.13
1990-1999      100             13554.43         2261.74        15816.17
1990-1999      101              7653.74         1215.71         8869.45
1990-1999      102              4132.00          645.35         4777.35
1990-1999      103              2190.80          344.80         2535.60
1990-1999      104              1143.40          179.17         1322.57
1990-1999      105               590.51           90.00          680.51
1990-1999      106               312.67           51.00          363.67
1990-1999      107               156.00           32.50          188.50
1990-1999      108                73.17           17.67           90.83
1990-1999      109                35.83            8.83           44.67
1990-1999      110+               13.33            1.67           15.00
2000-2009        0           2910473.29      3069826.83      5980300.12
2000-2009        1           2978627.07      3141869.81      6120496.89
2000-2009        2           3041523.40      3207025.77      6248549.18
2000-2009        3           3117965.89      3284975.11      6402941.00
2000-2009        4           3177863.44      3347434.97      6525298.41
2000-2009        5           3226994.92      3399433.69      6626428.61
2000-2009        6           3279797.45      3455107.66      6734905.12
2000-2009        7           3340578.67      3517116.98      6857695.65
2000-2009        8           3400862.99      3578302.97      6979165.96
2000-2009        9           3461353.75      3641342.00      7102695.75
2000-2009       10           3507667.29      3688470.19      7196137.48
2000-2009       11           3545914.75      3726763.43      7272678.18
2000-2009       12           3570163.92      3752498.19      7322662.11
2000-2009       13           3575824.73      3757629.60      7333454.33
2000-2009       14           3579498.97      3758467.55      7337966.52
2000-2009       15           3579219.64      3755780.01      7334999.65
2000-2009       16           3570950.12      3746385.81      7317335.93
2000-2009       17           3567737.65      3738033.04      7305770.69
2000-2009       18           3588112.55      3738099.62      7326212.17
2000-2009       19           3635323.93      3739457.52      7374781.45
2000-2009       20           3690562.29      3745604.84      7436167.13
2000-2009       21           3723889.66      3742665.44      7466555.10
2000-2009       22           3755393.60      3746626.58      7502020.17
2000-2009       23           3788064.09      3763888.10      7551952.18
2000-2009       24           3819361.44      3790551.21      7609912.65
2000-2009       25           3844869.91      3814743.50      7659613.41
2000-2009       26           3867198.76      3839117.71      7706316.47
2000-2009       27           3889929.60      3865234.62      7755164.22
2000-2009       28           3941386.98      3924666.00      7866052.98
2000-2009       29           4017010.08      4013200.32      8030210.40
2000-2009       30           4125020.06      4139583.07      8264603.12
2000-2009       31           4283653.44      4320125.82      8603779.25
2000-2009       32           4462787.57      4519273.71      8982061.28
2000-2009       33           4653499.03      4731011.28      9384510.31
2000-2009       34           4850745.02      4953160.63      9803905.66
2000-2009       35           5049365.18      5178239.31     10227604.49
2000-2009       36           5241778.14      5395882.39     10637660.53
2000-2009       37           5407173.24      5580507.11     10987680.35
2000-2009       38           5518227.07      5704515.05     11222742.13
2000-2009       39           5588395.87      5782392.69     11370788.57
2000-2009       40           5619156.46      5814475.99     11433632.45
2000-2009       41           5594161.46      5785994.82     11380156.28
2000-2009       42           5526193.29      5711215.47     11237408.76
2000-2009       43           5434579.12      5610235.16     11044814.27
2000-2009       44           5323743.81      5482351.37     10806095.18
2000-2009       45           5198244.81      5332485.74     10530730.55
2000-2009       46           5063106.13      5167906.38     10231012.51
2000-2009       47           4932955.25      5008535.03      9941490.29
2000-2009       48           4814447.68      4864687.46      9679135.14
2000-2009       49           4707442.99      4735376.59      9442819.58
2000-2009       50           4615535.53      4624358.75      9239894.28
2000-2009       51           4528613.21      4522047.87      9050661.09
2000-2009       52           4426679.44      4405623.01      8832302.45
2000-2009       53           4322183.57      4287163.69      8609347.25
2000-2009       54           4163918.11      4116349.82      8280267.93
2000-2009       55           4046968.08      3992896.87      8039864.95
2000-2009       56           3985259.80      3931961.90      7917221.70
2000-2009       57           3924791.84      3875819.82      7800611.66
2000-2009       58           3903682.03      3856155.29      7759837.32
2000-2009       59           3939576.01      3886808.99      7826385.00
2000-2009       60           3985636.03      3918231.62      7903867.65
2000-2009       61           4025233.45      3934422.96      7959656.42
2000-2009       62           4070619.52      3950026.05      8020645.57
2000-2009       63           4110923.55      3954155.83      8065079.38
2000-2009       64           4202309.83      4003851.14      8206160.97
2000-2009       65           4241698.16      3997410.33      8239108.49
2000-2009       66           4184630.99      3893895.51      8078526.50
2000-2009       67           4094517.65      3754853.96      7849371.61
2000-2009       68           3973492.32      3583896.00      7557388.32
2000-2009       69           3811331.18      3376275.53      7187606.71
2000-2009       70           3642650.34      3162794.38      6805444.71
2000-2009       71           3486044.68      2960479.18      6446523.85
2000-2009       72           3350844.16      2768391.00      6119235.16
2000-2009       73           3227311.18      2571561.68      5798872.85
2000-2009       74           3121983.51      2375011.17      5496994.68
2000-2009       75           3028467.84      2177793.88      5206261.72
2000-2009       76           2964391.16      2003977.85      4968369.01
2000-2009       77           2922739.48      1857863.84      4780603.31
2000-2009       78           2874769.29      1713080.51      4587849.80
2000-2009       79           2803876.32      1560160.69      4364037.00
2000-2009       80           2664637.78      1379884.78      4044522.57
2000-2009       81           2456316.26      1186328.77      3642645.04
2000-2009       82           2210233.39       995411.98      3205645.37
2000-2009       83           1970187.11       830571.65      2800758.75
2000-2009       84           1753490.45       693332.69      2446823.13
2000-2009       85           1575495.34       587896.88      2163392.22
2000-2009       86           1416505.86       501658.03      1918163.88
2000-2009       87           1251011.79       419565.86      1670577.66
2000-2009       88           1075968.82       341193.48      1417162.31
2000-2009       89            903590.43       270320.59      1173911.02
2000-2009       90            755443.96       213027.91       968471.87
2000-2009       91            638038.18       169015.94       807054.12
2000-2009       92            533690.37       132821.24       666511.61
2000-2009       93            432918.23       101358.91       534277.14
2000-2009       94            335643.23        74121.84       409765.06
2000-2009       95            245312.91        50871.91       296184.82
2000-2009       96            170722.94        32960.03       203682.96
2000-2009       97            114800.68        20660.48       135461.15
2000-2009       98             74536.19        12464.96        87001.15
2000-2009       99             46716.67         7293.86        54010.53
2000-2009      100             28143.63         4032.83        32176.46
2000-2009      101             16270.96         2163.23        18434.19
2000-2009      102              9158.56         1110.34        10268.90
2000-2009      103              4885.45          547.64         5433.10
2000-2009      104              2552.55          260.09         2812.64
2000-2009      105              1317.26          127.54         1444.79
2000-2009      106               616.65           66.36          683.01
2000-2009      107               280.68           27.35          308.02
2000-2009      108               119.93            6.96          126.89
2000-2009      109                51.69            1.45           53.14
2000-2009      110+               31.63            0.17           31.80
2010-2015        0           1663686.57      1752301.93      3415988.49
2010-2015        1           1658979.37      1747325.55      3406304.92
2010-2015        2           1662758.11      1751942.30      3414700.40
2010-2015        3           1667956.07      1757238.75      3425194.81
2010-2015        4           1677458.94      1767778.44      3445237.38
2010-2015        5           1692305.96      1784494.04      3476800.00
2010-2015        6           1709211.09      1801775.07      3510986.16
2010-2015        7           1729522.53      1823215.20      3552737.72
2010-2015        8           1749811.33      1845277.76      3595089.09
2010-2015        9           1786324.16      1883776.46      3670100.62
2010-2015       10           1831567.77      1931180.61      3762748.38
2010-2015       11           1875206.67      1977322.60      3852529.27
2010-2015       12           1925402.77      2030160.65      3955563.42
2010-2015       13           1981409.77      2089173.84      4070583.61
2010-2015       14           2018023.13      2127497.81      4145520.94
2010-2015       15           2042541.69      2155147.81      4197689.50
2010-2015       16           2069571.52      2188644.06      4258215.58
2010-2015       17           2099142.71      2220313.60      4319456.31
2010-2015       18           2133025.89      2259669.52      4392695.41
2010-2015       19           2182328.31      2306140.19      4488468.51
2010-2015       20           2248304.34      2363998.34      4612302.68
2010-2015       21           2313191.12      2419799.45      4732990.57
2010-2015       22           2368593.90      2468992.04      4837585.94
2010-2015       23           2411663.17      2506288.57      4917951.74
2010-2015       24           2433678.50      2520877.92      4954556.43
2010-2015       25           2431184.78      2510946.21      4942130.99
2010-2015       26           2422603.31      2495221.27      4917824.58
2010-2015       27           2421431.25      2484263.87      4905695.12
2010-2015       28           2422589.28      2471437.81      4894027.09
2010-2015       29           2430930.59      2463098.83      4894029.42
2010-2015       30           2439315.45      2457802.76      4897118.21
2010-2015       31           2434282.87      2439775.16      4874058.02
2010-2015       32           2430618.27      2425142.80      4855761.07
2010-2015       33           2412634.61      2400543.76      4813178.38
2010-2015       34           2384274.60      2368540.98      4752815.57
2010-2015       35           2355244.55      2337800.04      4693044.59
2010-2015       36           2340824.22      2323271.09      4664095.31
2010-2015       37           2357519.19      2340539.02      4698058.21
2010-2015       38           2411729.26      2395551.98      4807281.24
2010-2015       39           2498072.13      2485280.77      4983352.91
2010-2015       40           2613409.38      2607642.57      5221051.95
2010-2015       41           2765120.28      2772304.17      5537424.45
2010-2015       42           2934402.02      2956015.68      5890417.71
2010-2015       43           3098850.75      3136710.92      6235561.67
2010-2015       44           3228411.85      3283009.94      6511421.79
2010-2015       45           3332190.51      3401401.26      6733591.77
2010-2015       46           3412503.09      3490601.02      6903104.12
2010-2015       47           3442988.20      3522997.70      6965985.90
2010-2015       48           3435062.34      3511160.10      6946222.44
2010-2015       49           3404053.70      3471540.48      6875594.18
2010-2015       50           3354006.42      3409803.17      6763809.59
2010-2015       51           3281039.75      3324301.61      6605341.37
2010-2015       52           3186151.17      3216698.70      6402849.87
2010-2015       53           3088457.43      3106883.20      6195340.63
2010-2015       54           2991134.13      2996432.86      5987566.99
2010-2015       55           2894518.77      2882076.50      5776595.27
2010-2015       56           2804543.19      2769512.57      5574055.76
2010-2015       57           2726457.21      2667661.89      5394119.10
2010-2015       58           2664145.47      2582456.76      5246602.24
2010-2015       59           2613280.79      2510242.71      5123523.50
2010-2015       60           2575689.65      2457593.67      5033283.31
2010-2015       61           2535453.97      2412382.40      4947836.36
2010-2015       62           2469197.78      2346987.73      4816185.50
2010-2015       63           2393700.22      2271965.59      4665665.81
2010-2015       64           2257765.96      2135506.38      4393272.34
2010-2015       65           2151019.46      2024904.19      4175923.65
2010-2015       66           2090055.46      1957211.12      4047266.58
2010-2015       67           2039883.96      1897085.71      3936969.67
2010-2015       68           2056770.60      1895649.25      3952419.85
2010-2015       69           2139393.08      1949743.02      4089136.10
2010-2015       70           2292598.30      2064193.11      4356791.40
2010-2015       71           2398520.81      2130883.79      4529404.59
2010-2015       72           2430853.80      2126251.76      4557105.57
2010-2015       73           2442994.28      2097087.78      4540082.06
2010-2015       74           2406491.66      2023796.66      4430288.33
2010-2015       75           2297002.99      1890366.88      4187369.88
2010-2015       76           2130093.02      1712869.40      3842962.42
2010-2015       77           1947908.82      1524766.71      3472675.54
2010-2015       78           1793595.51      1359859.72      3153455.24
2010-2015       79           1665578.69      1218370.34      2883949.02
2010-2015       80           1550957.02      1090283.08      2641240.10
2010-2015       81           1447548.67       975752.87      2423301.55
2010-2015       82           1371375.76       880798.67      2252174.43
2010-2015       83           1309971.77       793465.54      2103437.31
2010-2015       84           1239613.17       700789.32      1940402.49
2010-2015       85           1151410.22       598656.74      1750066.95
2010-2015       86           1048844.69       496352.02      1545196.70
2010-2015       87            945233.96       404859.73      1350093.68
2010-2015       88            845078.59       327487.00      1172565.59
2010-2015       89            743159.75       262070.73      1005230.48
2010-2015       90            624913.16       202989.98       827903.14
2010-2015       91            492409.91       149273.46       641683.38
2010-2015       92            367956.28       104909.37       472865.64
2010-2015       93            265823.66        70908.19       336731.85
2010-2015       94            187898.49        46669.27       234567.76
2010-2015       95            133519.22        30700.32       164219.55
2010-2015       96             97506.74        20638.09       118144.83
2010-2015       97             73316.87        14384.48        87701.35
2010-2015       98             54882.72         9903.77        64786.49
2010-2015       99             39173.68         6497.56        45671.24
2010-2015      100             26352.23         3989.35        30341.58
2010-2015      101             16214.51         2237.00        18451.51
2010-2015      102              9299.88         1163.69        10463.57
2010-2015      103              5105.34          573.89         5679.23
2010-2015      104              2663.74          266.82         2930.55
2010-2015      105              1317.42          115.48         1432.91
2010-2015      106               621.21           41.24          662.45
2010-2015      107               302.51           12.60          315.11
2010-2015      108               141.64            5.00          146.64
2010-2015      109                62.50            0.92           63.42
2010-2015      110+               36.68            0.04           36.72
