East Germany, Exposure to risk (period 1x10), 	Last modified: 26 Sep 2017;  Methods Protocol: v6 (2017)

  Year          Age             Female            Male           Total
1956-1959        0            526683.10       557526.80      1084209.90
1956-1959        1            520942.44       549728.33      1070670.77
1956-1959        2            525412.06       554008.09      1079420.16
1956-1959        3            530316.32       559110.00      1089426.32
1956-1959        4            534303.55       563038.92      1097342.48
1956-1959        5            530798.82       558598.93      1089397.75
1956-1959        6            520302.35       546295.71      1066598.06
1956-1959        7            491874.34       514673.50      1006547.83
1956-1959        8            450844.63       469484.70       920329.33
1956-1959        9            409537.59       424673.31       834210.90
1956-1959       10            361685.96       373451.72       735137.68
1956-1959       11            358045.92       368310.72       726356.64
1956-1959       12            386501.16       397627.56       784128.72
1956-1959       13            422126.48       434363.23       856489.72
1956-1959       14            484848.83       499823.67       984672.50
1956-1959       15            539640.33       558651.00      1098291.33
1956-1959       16            578710.83       600175.17      1178886.00
1956-1959       17            608851.33       629077.83      1237929.17
1956-1959       18            609616.00       622742.67      1232358.67
1956-1959       19            586612.33       595199.67      1181812.00
1956-1959       20            563771.00       572576.67      1136347.67
1956-1959       21            545781.00       556925.50      1102706.50
1956-1959       22            522677.50       535202.83      1057880.33
1956-1959       23            491552.17       502120.50       993672.67
1956-1959       24            461949.33       464306.67       926256.00
1956-1959       25            443195.00       430602.67       873797.67
1956-1959       26            443552.67       414168.33       857721.00
1956-1959       27            454980.00       409574.33       864554.33
1956-1959       28            462541.67       401176.67       863718.33
1956-1959       29            462533.33       381169.50       843702.83
1956-1959       30            462419.33       356730.50       819149.83
1956-1959       31            461526.00       330514.83       792040.83
1956-1959       32            459725.50       306535.67       766261.17
1956-1959       33            464409.67       295349.50       759759.17
1956-1959       34            476233.67       294784.17       771017.83
1956-1959       35            500146.33       305395.00       805541.33
1956-1959       36            512003.33       311989.50       823992.83
1956-1959       37            479488.83       292773.50       772262.33
1956-1959       38            415882.00       253842.83       669724.83
1956-1959       39            345632.83       211323.17       556956.00
1956-1959       40            310636.50       189219.83       499856.33
1956-1959       41            345273.67       208676.33       553950.00
1956-1959       42            420085.17       254842.67       674927.83
1956-1959       43            498579.33       306354.00       804933.33
1956-1959       44            556381.83       347264.50       903646.33
1956-1959       45            584838.50       370994.33       955832.83
1956-1959       46            601535.83       388654.67       990190.50
1956-1959       47            613177.67       403906.33      1017084.00
1956-1959       48            623408.00       420023.83      1043431.83
1956-1959       49            631269.33       436742.17      1068011.50
1956-1959       50            628904.67       449887.50      1078792.17
1956-1959       51            622016.17       461964.00      1083980.17
1956-1959       52            614248.00       470843.00      1085091.00
1956-1959       53            607983.17       475903.17      1083886.33
1956-1959       54            604992.67       478804.67      1083797.33
1956-1959       55            599348.17       473888.00      1073236.17
1956-1959       56            591845.50       465023.83      1056869.33
1956-1959       57            582455.83       449464.50      1031920.33
1956-1959       58            569640.83       427733.67       997374.50
1956-1959       59            558087.33       404791.50       962878.83
1956-1959       60            546270.67       382434.17       928704.83
1956-1959       61            530300.33       361101.50       891401.83
1956-1959       62            513912.83       342707.67       856620.50
1956-1959       63            494653.50       325873.67       820527.17
1956-1959       64            475774.67       311970.50       787745.17
1956-1959       65            459724.00       302292.67       762016.67
1956-1959       66            443029.67       293141.83       736171.50
1956-1959       67            428152.67       285509.83       713662.50
1956-1959       68            411722.00       277385.67       689107.67
1956-1959       69            392359.67       266600.17       658959.83
1956-1959       70            369480.50       252936.00       622416.50
1956-1959       71            344556.33       237633.00       582189.33
1956-1959       72            317798.17       220291.83       538090.00
1956-1959       73            290884.50       202533.83       493418.33
1956-1959       74            265689.50       185529.67       451219.17
1956-1959       75            241591.67       169057.67       410649.33
1956-1959       76            220620.33       154808.00       375428.33
1956-1959       77            200852.00       141267.17       342119.17
1956-1959       78            181629.50       128097.67       309727.17
1956-1959       79            162789.83       114667.00       277456.83
1956-1959       80            139646.14        98569.27       238215.41
1956-1959       81            120039.76        84645.48       204685.24
1956-1959       82            100353.50        70617.22       170970.72
1956-1959       83             81913.06        57213.56       139126.62
1956-1959       84             64579.89        44498.23       109078.12
1956-1959       85             49567.44        33465.83        83033.27
1956-1959       86             38030.27        25015.76        63046.02
1956-1959       87             28657.75        18173.85        46831.60
1956-1959       88             21348.84        13014.72        34363.55
1956-1959       89             15839.97         9182.17        25022.14
1956-1959       90             11245.06         6159.27        17404.33
1956-1959       91              7630.30         4034.26        11664.56
1956-1959       92              5080.10         2531.86         7611.96
1956-1959       93              3284.61         1487.03         4771.64
1956-1959       94              2027.20          852.02         2879.22
1956-1959       95              1218.07          487.07         1705.15
1956-1959       96               655.00          255.76          910.75
1956-1959       97               333.97          134.40          468.37
1956-1959       98               183.08           66.32          249.40
1956-1959       99                87.20           34.17          121.37
1956-1959      100                41.05           14.53           55.58
1956-1959      101                19.10            6.14           25.23
1956-1959      102                 7.57            1.82            9.39
1956-1959      103                 1.83            0.08            1.90
1956-1959      104                 0.16            0.00            0.16
1956-1959      105                 0.00            0.00            0.00
1956-1959      106                 0.00            0.00            0.00
1956-1959      107                 0.00            0.00            0.00
1956-1959      108                 0.00            0.00            0.00
1956-1959      109                 0.00            0.00            0.00
1956-1959      110+                0.00            0.00            0.00
1960-1969        0           1335163.40      1408830.22      2743993.62
1960-1969        1           1339984.88      1410909.02      2750893.90
1960-1969        2           1344423.95      1414776.74      2759200.69
1960-1969        3           1345426.68      1415370.21      2760796.89
1960-1969        4           1341722.34      1410788.19      2752510.53
1960-1969        5           1336025.20      1404094.41      2740119.60
1960-1969        6           1323182.60      1390756.93      2713939.53
1960-1969        7           1310389.37      1377880.42      2688269.79
1960-1969        8           1300007.12      1367368.86      2667375.98
1960-1969        9           1286222.74      1352826.90      2639049.65
1960-1969       10           1268922.65      1333902.63      2602825.28
1960-1969       11           1239788.25      1300936.58      2540724.83
1960-1969       12           1203906.74      1261420.54      2465327.27
1960-1969       13           1160895.54      1215347.59      2376243.12
1960-1969       14           1103033.25      1153209.22      2256242.47
1960-1969       15           1069090.34      1115193.37      2184283.72
1960-1969       16           1053935.27      1098309.87      2152245.15
1960-1969       17           1040190.82      1082312.05      2122502.87
1960-1969       18           1038531.11      1076492.34      2115023.45
1960-1969       19           1055812.64      1088109.09      2143921.73
1960-1969       20           1081911.03      1108351.13      2190262.15
1960-1969       21           1118135.63      1140654.15      2258789.78
1960-1969       22           1156811.55      1176281.79      2333093.34
1960-1969       23           1199716.07      1218610.40      2418326.47
1960-1969       24           1257180.83      1278133.00      2535313.83
1960-1969       25           1287596.50      1312005.50      2599602.00
1960-1969       26           1283371.83      1310885.50      2594257.33
1960-1969       27           1268968.83      1294383.67      2563352.50
1960-1969       28           1242507.83      1260446.33      2502954.17
1960-1969       29           1206028.00      1209302.50      2415330.50
1960-1969       30           1171278.67      1157263.67      2328542.33
1960-1969       31           1142226.50      1109755.83      2251982.33
1960-1969       32           1120136.33      1069137.50      2189273.83
1960-1969       33           1102400.67      1029028.67      2131429.33
1960-1969       34           1086268.50       984837.67      2071106.17
1960-1969       35           1072501.50       938144.67      2010646.17
1960-1969       36           1070158.83       898347.33      1968506.17
1960-1969       37           1083379.67       870557.33      1953937.00
1960-1969       38           1104517.67       846219.33      1950737.00
1960-1969       39           1126982.67       820867.83      1947850.50
1960-1969       40           1133286.00       785837.33      1919123.33
1960-1969       41           1102048.83       733783.67      1835832.50
1960-1969       42           1053690.00       678412.83      1732102.83
1960-1969       43           1010267.67       635733.17      1646000.83
1960-1969       44            981253.67       607428.83      1588682.50
1960-1969       45            984092.33       602979.50      1587071.83
1960-1969       46           1008045.67       616468.67      1624514.33
1960-1969       47           1034802.33       634914.67      1669717.00
1960-1969       48           1050744.00       647887.00      1698631.00
1960-1969       49           1059068.00       657524.33      1716592.33
1960-1969       50           1090450.83       683902.83      1774353.67
1960-1969       51           1159338.83       735530.17      1894869.00
1960-1969       52           1244448.50       799767.17      2044215.67
1960-1969       53           1325662.50       864268.67      2189931.17
1960-1969       54           1383598.17       919471.17      2303069.33
1960-1969       55           1408899.83       959678.00      2368577.83
1960-1969       56           1413791.50       984193.00      2397984.50
1960-1969       57           1412559.00      1001827.00      2414386.00
1960-1969       58           1412055.33      1017660.50      2429715.83
1960-1969       59           1402975.67      1026626.17      2429601.83
1960-1969       60           1383512.83      1023401.33      2406914.17
1960-1969       61           1358052.83      1009229.67      2367282.50
1960-1969       62           1330252.17       985478.33      2315730.50
1960-1969       63           1299228.83       954652.50      2253881.33
1960-1969       64           1265428.33       914821.83      2180250.17
1960-1969       65           1229431.83       867523.17      2096955.00
1960-1969       66           1188883.33       816064.83      2004948.17
1960-1969       67           1143717.17       763549.50      1907266.67
1960-1969       68           1093716.67       710162.33      1803879.00
1960-1969       69           1045214.33       661623.83      1706838.17
1960-1969       70            996896.33       617677.50      1614573.83
1960-1969       71            945248.00       576923.50      1522171.50
1960-1969       72            890890.83       539188.67      1430079.50
1960-1969       73            835507.33       502986.67      1338494.00
1960-1969       74            776211.67       465696.33      1241908.00
1960-1969       75            713001.50       428929.33      1141930.83
1960-1969       76            650456.67       392769.33      1043226.00
1960-1969       77            587941.67       355685.67       943627.33
1960-1969       78            525515.50       318884.33       844399.83
1960-1969       79            464026.00       282509.00       746535.00
1960-1969       80            399406.82       243461.24       642868.06
1960-1969       81            346275.09       211569.94       557845.02
1960-1969       82            295405.12       180940.12       476345.23
1960-1969       83            248397.98       152330.14       400728.12
1960-1969       84            205562.76       126169.34       331732.10
1960-1969       85            166688.21       101992.77       268680.98
1960-1969       86            132833.78        80711.96       213545.73
1960-1969       87            103450.50        62645.50       166096.00
1960-1969       88             78146.54        46828.37       124974.91
1960-1969       89             57570.31        33866.59        91436.90
1960-1969       90             41433.45        23723.56        65157.01
1960-1969       91             28780.05        15924.67        44704.72
1960-1969       92             19254.19        10365.96        29620.15
1960-1969       93             12558.94         6567.88        19126.82
1960-1969       94              7919.86         3920.56        11840.42
1960-1969       95              4917.09         2250.11         7167.20
1960-1969       96              2971.95         1239.93         4211.89
1960-1969       97              1648.49          670.51         2319.01
1960-1969       98               869.00          359.69         1228.69
1960-1969       99               408.89          166.35          575.25
1960-1969      100               189.97           60.34          250.31
1960-1969      101                89.91           25.03          114.94
1960-1969      102                39.99            7.73           47.73
1960-1969      103                15.16            1.01           16.17
1960-1969      104                 4.07            0.03            4.10
1960-1969      105                 0.44            0.00            0.44
1960-1969      106                 0.00            0.00            0.00
1960-1969      107                 0.00            0.00            0.00
1960-1969      108                 0.00            0.00            0.00
1960-1969      109                 0.00            0.00            0.00
1960-1969      110+                0.00            0.00            0.00
1970-1979        0           1008960.05      1064882.91      2073842.96
1970-1979        1           1007785.90      1061312.32      2069098.21
1970-1979        2           1015246.08      1068441.68      2083687.76
1970-1979        3           1038717.29      1092082.91      2130800.20
1970-1979        4           1079005.30      1134693.27      2213698.57
1970-1979        5           1128154.22      1186562.74      2314716.96
1970-1979        6           1183853.11      1244679.48      2428532.59
1970-1979        7           1237669.79      1300290.22      2537960.01
1970-1979        8           1270801.75      1334325.81      2605127.55
1970-1979        9           1297141.67      1361687.92      2658829.59
1970-1979       10           1320518.77      1386371.75      2706890.51
1970-1979       11           1335314.11      1402067.15      2737381.26
1970-1979       12           1341624.81      1409116.43      2750741.24
1970-1979       13           1343148.54      1410984.62      2754133.15
1970-1979       14           1339808.51      1407133.12      2746941.63
1970-1979       15           1334021.32      1400662.50      2734683.82
1970-1979       16           1320852.77      1386838.69      2707691.46
1970-1979       17           1307768.49      1373241.62      2681010.12
1970-1979       18           1296782.88      1367804.24      2664587.12
1970-1979       19           1283456.26      1358943.01      2642399.27
1970-1979       20           1265131.01      1338682.19      2603813.21
1970-1979       21           1232909.66      1298096.34      2531006.01
1970-1979       22           1194313.99      1253037.61      2447351.59
1970-1979       23           1149774.35      1206446.76      2356221.12
1970-1979       24           1088912.02      1141233.14      2230145.17
1970-1979       25           1051585.14      1097364.00      2148949.14
1970-1979       26           1034736.27      1074429.64      2109165.90
1970-1979       27           1018272.55      1051810.97      2070083.52
1970-1979       28           1013742.43      1041233.37      2054975.80
1970-1979       29           1031146.10      1053931.12      2085077.21
1970-1979       30           1057576.02      1077417.70      2134993.73
1970-1979       31           1095126.56      1113069.88      2208196.44
1970-1979       32           1134608.24      1151357.56      2285965.80
1970-1979       33           1175722.81      1190910.58      2366633.39
1970-1979       34           1231093.50      1246192.67      2477286.17
1970-1979       35           1259085.83      1274843.00      2533928.83
1970-1979       36           1253643.50      1269165.67      2522809.17
1970-1979       37           1237389.17      1252899.83      2490289.00
1970-1979       38           1211328.83      1226954.33      2438283.17
1970-1979       39           1175722.83      1188400.83      2364123.67
1970-1979       40           1142107.67      1148516.17      2290623.83
1970-1979       41           1114180.50      1110114.67      2224295.17
1970-1979       42           1092597.00      1071197.50      2163794.50
1970-1979       43           1073140.17      1025603.50      2098743.67
1970-1979       44           1055671.17       974552.17      2030223.33
1970-1979       45           1039452.67       920091.33      1959544.00
1970-1979       46           1034997.83       874685.83      1909683.67
1970-1979       47           1045685.00       842438.83      1888123.83
1970-1979       48           1064034.83       814383.83      1878418.67
1970-1979       49           1084344.17       786442.67      1870786.83
1970-1979       50           1085965.83       749055.83      1835021.67
1970-1979       51           1052165.00       694661.00      1746826.00
1970-1979       52           1001769.67       637796.50      1639566.17
1970-1979       53            955645.17       592813.17      1548458.33
1970-1979       54            925193.83       562869.00      1488062.83
1970-1979       55            925639.83       555831.00      1481470.83
1970-1979       56            946353.83       565827.50      1512181.33
1970-1979       57            967389.00       578254.67      1545643.67
1970-1979       58            977481.83       584746.00      1562227.83
1970-1979       59            979241.67       587425.17      1566666.83
1970-1979       60            998242.33       603227.17      1601469.50
1970-1979       61           1047381.00       639204.00      1686585.00
1970-1979       62           1111489.67       684675.83      1796165.50
1970-1979       63           1170509.00       727124.50      1897633.50
1970-1979       64           1207327.33       759470.50      1966797.83
1970-1979       65           1212780.50       775036.83      1987817.33
1970-1979       66           1198070.83       772958.33      1971029.17
1970-1979       67           1177042.33       764371.50      1941413.83
1970-1979       68           1154535.50       752182.67      1906718.17
1970-1979       69           1124658.50       732570.83      1857229.33
1970-1979       70           1085231.00       702216.67      1787447.67
1970-1979       71           1040257.33       664140.50      1704397.83
1970-1979       72            991326.00       620476.17      1611802.17
1970-1979       73            938192.00       572732.50      1510924.50
1970-1979       74            882826.17       521654.00      1404480.17
1970-1979       75            824893.50       468063.67      1292957.17
1970-1979       76            764205.17       416847.50      1181052.67
1970-1979       77            699049.83       367186.33      1066236.17
1970-1979       78            631590.67       320191.50       951782.17
1970-1979       79            566362.17       278004.50       844366.67
1970-1979       80            497725.25       238869.96       736595.20
1970-1979       81            435371.96       205568.88       640940.84
1970-1979       82            376012.58       175598.82       551611.41
1970-1979       83            319155.84       148054.77       467210.61
1970-1979       84            265912.05       122942.28       388854.33
1970-1979       85            217520.51       100593.19       318113.70
1970-1979       86            174035.10        80896.69       254931.79
1970-1979       87            136412.59        63702.47       200115.06
1970-1979       88            104454.68        49060.97       153515.66
1970-1979       89             78120.86        36807.03       114927.88
1970-1979       90             57289.32        26891.24        84180.56
1970-1979       91             40997.25        19106.60        60103.86
1970-1979       92             28321.62        13207.95        41529.57
1970-1979       93             19327.65         8869.64        28197.28
1970-1979       94             12676.93         5852.84        18529.77
1970-1979       95              8061.21         3728.77        11789.98
1970-1979       96              5023.11         2273.46         7296.57
1970-1979       97              3102.17         1352.50         4454.67
1970-1979       98              1804.04          758.37         2562.41
1970-1979       99               917.98          405.26         1323.23
1970-1979      100               527.23          228.77          755.99
1970-1979      101               278.88          119.06          397.94
1970-1979      102               140.86           58.22          199.09
1970-1979      103                67.25           25.52           92.77
1970-1979      104                29.62            9.56           39.19
1970-1979      105                11.26            2.27           13.53
1970-1979      106                 2.72            0.10            2.82
1970-1979      107                 0.29            0.00            0.29
1970-1979      108                 0.00            0.00            0.00
1970-1979      109                 0.00            0.00            0.00
1970-1979      110+                0.00            0.00            0.00
1980-1989        0           1106573.48      1165168.40      2271741.88
1980-1989        1           1113917.53      1171359.99      2285277.52
1980-1989        2           1115473.35      1172127.53      2287600.88
1980-1989        3           1105477.34      1161216.75      2266694.09
1980-1989        4           1085656.57      1140097.89      2225754.46
1980-1989        5           1059714.44      1112182.41      2171896.85
1980-1989        6           1033419.23      1084114.71      2117533.93
1980-1989        7           1006030.66      1055882.35      2061913.01
1980-1989        8            999422.72      1049482.23      2048904.95
1980-1989        9            995735.61      1046474.12      2042209.74
1980-1989       10            992774.63      1042673.01      2035447.63
1980-1989       11            997640.30      1047180.98      2044821.28
1980-1989       12           1006448.33      1056647.67      2063096.00
1980-1989       13           1030370.75      1081982.75      2112353.51
1980-1989       14           1071892.55      1126732.47      2198625.01
1980-1989       15           1121597.06      1179438.31      2301035.37
1980-1989       16           1176848.48      1237064.85      2413913.33
1980-1989       17           1230233.86      1292134.30      2522368.16
1980-1989       18           1266751.26      1331352.44      2598103.70
1980-1989       19           1297143.94      1364567.09      2661711.03
1980-1989       20           1320662.08      1389351.34      2710013.42
1980-1989       21           1333508.99      1403179.97      2736688.96
1980-1989       22           1336188.41      1408151.08      2744339.50
1980-1989       23           1333787.42      1408784.45      2742571.87
1980-1989       24           1326617.10      1403352.18      2729969.28
1980-1989       25           1317645.39      1394445.15      2712090.55
1980-1989       26           1302788.63      1376255.51      2679044.14
1980-1989       27           1287500.20      1356113.09      2643613.29
1980-1989       28           1273162.25      1337768.74      2610930.99
1980-1989       29           1256831.14      1317287.18      2574118.32
1980-1989       30           1237018.58      1293727.51      2530746.09
1980-1989       31           1204860.73      1257827.60      2462688.33
1980-1989       32           1167137.64      1216007.05      2383144.69
1980-1989       33           1123833.16      1168661.88      2292495.04
1980-1989       34           1064796.43      1103529.62      2168326.06
1980-1989       35           1028374.37      1060577.15      2088951.52
1980-1989       36           1011482.96      1038549.66      2050032.61
1980-1989       37            994801.73      1016565.71      2011367.43
1980-1989       38            990605.14      1006837.69      1997442.83
1980-1989       39           1008232.30      1019618.26      2027850.56
1980-1989       40           1034825.75      1042676.04      2077501.78
1980-1989       41           1071606.65      1076053.04      2147659.70
1980-1989       42           1109809.67      1112106.85      2221916.52
1980-1989       43           1149791.08      1148970.34      2298761.42
1980-1989       44           1203088.17      1200529.33      2403617.50
1980-1989       45           1229110.17      1225891.17      2455001.33
1980-1989       46           1222563.00      1217509.50      2440072.50
1980-1989       47           1205683.83      1198931.50      2404615.33
1980-1989       48           1178819.00      1170618.67      2349437.67
1980-1989       49           1142372.33      1129531.83      2271904.17
1980-1989       50           1107694.67      1087397.83      2195092.50
1980-1989       51           1078269.67      1046167.00      2124436.67
1980-1989       52           1054495.33      1004157.00      2058652.33
1980-1989       53           1032799.17       955440.33      1988239.50
1980-1989       54           1012725.83       902178.33      1914904.17
1980-1989       55            993377.50       845642.83      1839020.33
1980-1989       56            984930.83       797716.33      1782647.17
1980-1989       57            990807.67       762496.50      1753304.17
1980-1989       58           1003325.67       730758.17      1734083.83
1980-1989       59           1017208.83       699123.67      1716332.50
1980-1989       60           1012021.17       658728.50      1670749.67
1980-1989       61            971358.67       603606.33      1574965.00
1980-1989       62            915586.50       546521.33      1462107.83
1980-1989       63            863761.83       500180.00      1363941.83
1980-1989       64            826251.17       466907.17      1293158.33
1980-1989       65            815830.00       452090.50      1267920.50
1980-1989       66            822249.67       449742.50      1271992.17
1980-1989       67            827593.33       448338.00      1275931.33
1980-1989       68            821972.33       441022.67      1262995.00
1980-1989       69            807688.83       429979.17      1237668.00
1980-1989       70            808200.50       427269.67      1235470.17
1980-1989       71            833801.00       436623.33      1270424.33
1980-1989       72            866484.00       449199.00      1315683.00
1980-1989       73            889290.83       456789.50      1346080.33
1980-1989       74            890120.00       454616.00      1344736.00
1980-1989       75            863617.33       440307.00      1303924.33
1980-1989       76            819269.67       415486.50      1234756.17
1980-1989       77            767629.33       385686.67      1153316.00
1980-1989       78            714699.00       353886.33      1068585.33
1980-1989       79            656124.83       319194.33       975319.17
1980-1989       80            591755.17       281834.15       873589.31
1980-1989       81            525501.34       243794.59       769295.92
1980-1989       82            460288.69       206483.82       666772.51
1980-1989       83            396704.48       171354.00       568058.49
1980-1989       84            336070.05       139211.11       475281.16
1980-1989       85            280008.63       110615.98       390624.61
1980-1989       86            228518.62        86287.54       314806.16
1980-1989       87            181746.22        65893.82       247640.04
1980-1989       88            141104.62        49234.57       190339.18
1980-1989       89            107373.22        36230.36       143603.57
1980-1989       90             80011.58        26150.12       106161.70
1980-1989       91             57992.96        18560.54        76553.50
1980-1989       92             41061.25        12940.82        54002.07
1980-1989       93             27833.34         8762.10        36595.45
1980-1989       94             18281.72         5739.94        24021.66
1980-1989       95             11700.51         3718.19        15418.70
1980-1989       96              7340.26         2356.36         9696.62
1980-1989       97              4512.76         1455.81         5968.56
1980-1989       98              2710.52          860.97         3571.49
1980-1989       99              1545.19          516.53         2061.72
1980-1989      100               813.76          276.22         1089.98
1980-1989      101               436.58          149.96          586.54
1980-1989      102               227.52           78.99          306.51
1980-1989      103               114.65           39.08          153.73
1980-1989      104                54.02           16.70           70.72
1980-1989      105                21.89            5.21           27.10
1980-1989      106                 7.54            0.49            8.04
1980-1989      107                 1.58            0.00            1.58
1980-1989      108                 0.50            0.00            0.50
1980-1989      109                 0.00            0.00            0.00
1980-1989      110+                0.00            0.00            0.00
1990-1999        0            518435.58       546518.86      1064954.44
1990-1999        1            563706.16       594202.69      1157908.84
1990-1999        2            617680.44       651045.42      1268725.86
1990-1999        3            672389.74       708315.69      1380705.43
1990-1999        4            731336.18       770288.06      1501624.24
1990-1999        5            793885.22       836416.72      1630301.94
1990-1999        6            857225.21       902611.45      1759836.66
1990-1999        7            920239.68       968276.73      1888516.41
1990-1999        8            977280.32      1027974.18      2005254.50
1990-1999        9           1015223.18      1067545.78      2082768.96
1990-1999       10           1032288.94      1084918.79      2117207.73
1990-1999       11           1040656.75      1093522.01      2134178.76
1990-1999       12           1041791.56      1094271.37      2136062.93
1990-1999       13           1032181.85      1083855.05      2116036.90
1990-1999       14           1014413.04      1065088.61      2079501.65
1990-1999       15            992548.54      1041420.60      2033969.15
1990-1999       16            962996.34      1013734.25      1976730.59
1990-1999       17            925746.89       982883.92      1908630.81
1990-1999       18            907149.56       975944.91      1883094.46
1990-1999       19            884642.54       969261.40      1853903.94
1990-1999       20            866062.90       960759.21      1826822.11
1990-1999       21            860976.16       957887.30      1818863.46
1990-1999       22            866304.42       964126.17      1830430.59
1990-1999       23            889769.57       988177.00      1877946.57
1990-1999       24            930289.51      1030313.44      1960602.95
1990-1999       25            978724.32      1080080.77      2058805.08
1990-1999       26           1034895.76      1135273.79      2170169.55
1990-1999       27           1090155.22      1188157.54      2278312.76
1990-1999       28           1130627.30      1222663.11      2353290.41
1990-1999       29           1163754.67      1250723.94      2414478.61
1990-1999       30           1192621.44      1277050.75      2469672.19
1990-1999       31           1212800.99      1294788.89      2507589.88
1990-1999       32           1223422.69      1304233.63      2527656.32
1990-1999       33           1228226.57      1308045.39      2536271.96
1990-1999       34           1227540.24      1305658.16      2533198.39
1990-1999       35           1224105.06      1300359.42      2524464.47
1990-1999       36           1213011.78      1286293.56      2499305.34
1990-1999       37           1201168.88      1270269.16      2471438.03
1990-1999       38           1188826.72      1255259.31      2444086.03
1990-1999       39           1173707.04      1237179.48      2410886.53
1990-1999       40           1154896.60      1214276.78      2369173.38
1990-1999       41           1124200.56      1179873.81      2304074.37
1990-1999       42           1088368.48      1138842.27      2227210.76
1990-1999       43           1048135.79      1093760.09      2141895.88
1990-1999       44            992098.75      1030678.17      2022776.92
1990-1999       45            959677.65       990431.00      1950108.66
1990-1999       46            945405.81       969918.64      1915324.46
1990-1999       47            930735.70       948107.81      1878843.51
1990-1999       48            929005.34       938949.93      1867955.26
1990-1999       49            946338.86       949232.82      1895571.67
1990-1999       50            972839.65       968640.39      1941480.04
1990-1999       51           1007985.93       997182.48      2005168.40
1990-1999       52           1044835.66      1027803.50      2072639.16
1990-1999       53           1082070.81      1058007.03      2140077.84
1990-1999       54           1132528.67      1100893.17      2233421.83
1990-1999       55           1157665.50      1119588.67      2277254.17
1990-1999       56           1150517.67      1105362.00      2255879.67
1990-1999       57           1133597.33      1081423.50      2215020.83
1990-1999       58           1106333.67      1047566.67      2153900.33
1990-1999       59           1069440.33      1001320.67      2070761.00
1990-1999       60           1032507.00       952763.33      1985270.33
1990-1999       61            999372.33       905050.50      1904422.83
1990-1999       62            970663.00       856596.83      1827259.83
1990-1999       63            943781.17       803911.17      1747692.33
1990-1999       64            918028.17       747402.50      1665430.67
1990-1999       65            891850.00       688636.50      1580486.50
1990-1999       66            874923.50       638190.50      1513114.00
1990-1999       67            870759.83       598717.00      1469476.83
1990-1999       68            870709.50       562207.00      1432916.50
1990-1999       69            869330.83       525429.33      1394760.17
1990-1999       70            851021.33       482939.00      1333960.33
1990-1999       71            802301.00       429731.83      1232032.83
1990-1999       72            743948.00       377487.50      1121435.50
1990-1999       73            688370.83       333646.83      1022017.67
1990-1999       74            642819.83       299379.50       942199.33
1990-1999       75            617558.00       277683.33       895241.33
1990-1999       76            602157.33       263554.83       865712.17
1990-1999       77            583868.17       249065.67       832933.83
1990-1999       78            555128.50       230801.17       785929.67
1990-1999       79            519165.17       210084.17       729249.33
1990-1999       80            497511.04       195327.36       692838.40
1990-1999       81            482285.66       184093.92       666379.57
1990-1999       82            469212.16       174023.38       643235.54
1990-1999       83            448299.64       161681.35       609980.99
1990-1999       84            413811.28       145318.38       559129.66
1990-1999       85            365677.44       125623.65       491301.09
1990-1999       86            312378.36       104811.27       417189.62
1990-1999       87            260539.87        84956.02       345495.89
1990-1999       88            212785.47        67400.89       280186.36
1990-1999       89            169631.79        52206.49       221838.27
1990-1999       90            131072.50        39044.08       170116.59
1990-1999       91             98664.50        28368.05       127032.55
1990-1999       92             72207.86        19936.14        92143.99
1990-1999       93             51309.32        13505.52        64814.83
1990-1999       94             35538.72         8741.65        44280.37
1990-1999       95             23993.96         5531.54        29525.50
1990-1999       96             15646.95         3472.30        19119.25
1990-1999       97              9826.22         2100.93        11927.14
1990-1999       98              6103.95         1264.03         7367.98
1990-1999       99              3672.72          770.67         4443.38
1990-1999      100              2027.88          392.50         2420.38
1990-1999      101              1094.25          207.33         1301.58
1990-1999      102               571.33          106.83          678.17
1990-1999      103               270.13           55.17          325.29
1990-1999      104               121.48           29.67          151.14
1990-1999      105                57.83           11.83           69.67
1990-1999      106                30.17            6.50           36.67
1990-1999      107                15.33            4.50           19.83
1990-1999      108                 7.50            2.17            9.67
1990-1999      109                 3.00            0.17            3.17
1990-1999      110+                1.67            0.00            1.67
2000-2009        0            533318.18       561542.59      1094860.76
2000-2009        1            529237.03       557529.87      1086766.90
2000-2009        2            522645.26       550594.67      1073239.93
2000-2009        3            516418.41       543397.01      1059815.42
2000-2009        4            506716.19       532995.47      1039711.66
2000-2009        5            492922.35       518891.26      1011813.61
2000-2009        6            479054.25       504628.08       983682.33
2000-2009        7            468927.29       494384.23       963311.53
2000-2009        8            464393.51       489189.71       953583.23
2000-2009        9            479888.60       504987.78       984876.38
2000-2009       10            515021.40       541847.97      1056869.37
2000-2009       11            557180.90       586641.13      1143822.03
2000-2009       12            606027.83       638565.70      1244593.53
2000-2009       13            656949.97       692153.17      1349103.14
2000-2009       14            712556.50       750535.45      1463091.95
2000-2009       15            771918.32       813320.20      1585238.53
2000-2009       16            830841.28       876737.91      1707579.19
2000-2009       17            885719.00       938661.97      1824380.97
2000-2009       18            925077.96       990637.15      1915715.11
2000-2009       19            937227.61      1021449.90      1958677.51
2000-2009       20            926532.37      1028162.74      1954695.12
2000-2009       21            912025.43      1023394.79      1935420.23
2000-2009       22            895042.21      1013365.39      1908407.61
2000-2009       23            872083.66       993906.13      1865989.78
2000-2009       24            846325.42       968152.25      1814477.66
2000-2009       25            818383.97       940247.28      1758631.25
2000-2009       26            792777.21       912492.81      1705270.03
2000-2009       27            771802.94       887542.85      1659345.79
2000-2009       28            770783.03       884588.26      1655371.29
2000-2009       29            775802.86       887457.81      1663260.67
2000-2009       30            784740.22       891813.18      1676553.39
2000-2009       31            800773.82       903125.52      1703899.34
2000-2009       32            821866.47       919817.54      1741684.00
2000-2009       33            855185.78       948551.28      1803737.06
2000-2009       34            901343.45       991342.38      1892685.83
2000-2009       35            953721.34      1040537.23      1994258.57
2000-2009       36           1010905.46      1095443.38      2106348.84
2000-2009       37           1066131.10      1147881.46      2214012.56
2000-2009       38           1104954.46      1181231.36      2286185.82
2000-2009       39           1136515.84      1208203.93      2344719.78
2000-2009       40           1163104.50      1231705.71      2394810.20
2000-2009       41           1180821.94      1246472.96      2427294.90
2000-2009       42           1188986.46      1252334.80      2441321.26
2000-2009       43           1191345.77      1251666.41      2443012.19
2000-2009       44           1188500.07      1245765.53      2434265.60
2000-2009       45           1182448.04      1236512.76      2418960.80
2000-2009       46           1169474.74      1219224.20      2388698.94
2000-2009       47           1156284.58      1201156.79      2357441.37
2000-2009       48           1143386.97      1183759.37      2327146.34
2000-2009       49           1128344.45      1163795.21      2292139.65
2000-2009       50           1110569.54      1140240.79      2250810.33
2000-2009       51           1081566.44      1105666.40      2187232.84
2000-2009       52           1047625.83      1065124.50      2112750.33
2000-2009       53           1009471.38      1020339.92      2029811.31
2000-2009       54            956461.74       960052.42      1916514.16
2000-2009       55            924042.22       919049.86      1843092.08
2000-2009       56            909922.25       897496.57      1807418.82
2000-2009       57            895914.11       875396.14      1771310.25
2000-2009       58            892957.33       863364.49      1756321.82
2000-2009       59            909236.25       869706.04      1778942.29
2000-2009       60            933074.33       882502.18      1815576.50
2000-2009       61            965529.81       902959.03      1868488.84
2000-2009       62            998217.10       923846.55      1922063.66
2000-2009       63           1030685.60       943376.25      1974061.85
2000-2009       64           1074367.67       972504.50      2046872.16
2000-2009       65           1092447.00       977752.00      2070199.00
2000-2009       66           1079809.84       953673.00      2033482.83
2000-2009       67           1055671.50       918950.33      1974621.83
2000-2009       68           1021548.17       875066.17      1896614.33
2000-2009       69            977282.33       819755.33      1797037.67
2000-2009       70            932911.67       763197.34      1696109.00
2000-2009       71            891422.33       708104.50      1599526.84
2000-2009       72            853852.17       654237.67      1508089.84
2000-2009       73            817107.83       598547.50      1415655.34
2000-2009       74            780596.17       541108.83      1321705.00
2000-2009       75            743681.50       483647.67      1227329.17
2000-2009       76            714350.17       434042.50      1148392.67
2000-2009       77            693420.50       392958.00      1086378.50
2000-2009       78            673934.67       354524.84      1028459.50
2000-2009       79            650899.67       316500.17       967399.84
2000-2009       80            616587.49       277159.00       893746.49
2000-2009       81            559829.04       233907.88       793736.91
2000-2009       82            495920.93       193416.64       689337.57
2000-2009       83            435530.70       159583.54       595114.24
2000-2009       84            383167.44       132242.73       515410.17
2000-2009       85            342764.94       111838.65       454603.59
2000-2009       86            307839.93        95375.07       403215.00
2000-2009       87            271701.63        80260.28       351961.91
2000-2009       88            232106.12        65072.07       297178.19
2000-2009       89            192671.75        51140.37       243812.11
2000-2009       90            160088.82        40349.24       200438.07
2000-2009       91            135212.61        32388.68       167601.29
2000-2009       92            113723.76        25931.16       139654.92
2000-2009       93             92455.87        20108.46       112564.33
2000-2009       94             71741.18        14909.33        86650.51
2000-2009       95             52430.39        10375.17        62805.55
2000-2009       96             36407.70         6850.18        43257.88
2000-2009       97             24322.99         4367.99        28690.98
2000-2009       98             15763.85         2657.24        18421.08
2000-2009       99              9833.72         1532.06        11365.78
2000-2009      100              5918.98          834.34         6753.32
2000-2009      101              3361.71          439.67         3801.37
2000-2009      102              1835.26          232.11         2067.37
2000-2009      103              1012.92          121.50         1134.42
2000-2009      104               521.18           58.31          579.49
2000-2009      105               254.43           32.37          286.80
2000-2009      106               120.60           12.46          133.06
2000-2009      107                49.88            4.26           54.14
2000-2009      108                23.44            3.20           26.63
2000-2009      109                 6.57            3.83           10.41
2000-2009      110+                0.71            5.83            6.54
2010-2015        0            338815.61       355758.49       694574.10
2010-2015        1            339206.17       355995.73       695201.90
2010-2015        2            338964.76       355955.83       694920.60
2010-2015        3            336377.71       353769.56       690147.26
2010-2015        4            332624.15       349944.13       682568.28
2010-2015        5            329411.27       346492.25       675903.52
2010-2015        6            325363.98       342955.59       668319.58
2010-2015        7            320341.42       337853.88       658195.30
2010-2015        8            315483.71       332725.45       648209.16
2010-2015        9            314494.33       331164.23       645658.56
2010-2015       10            313617.07       330586.19       644203.26
2010-2015       11            310060.20       327054.58       637114.78
2010-2015       12            305794.73       322309.55       628104.27
2010-2015       13            301780.52       317686.73       619467.25
2010-2015       14            293236.80       308740.72       601977.52
2010-2015       15            280896.26       295927.34       576823.61
2010-2015       16            268514.98       284164.93       552679.90
2010-2015       17            260199.43       275607.44       535806.87
2010-2015       18            259355.62       276914.85       536270.47
2010-2015       19            282971.43       301943.54       584914.97
2010-2015       20            328858.76       350431.27       679290.04
2010-2015       21            375538.98       402534.11       778073.09
2010-2015       22            420580.20       455568.65       876148.85
2010-2015       23            462063.64       503865.65       965929.30
2010-2015       24            497014.25       545406.27      1042420.52
2010-2015       25            512324.35       565837.84      1078162.20
2010-2015       26            511983.31       567249.98      1079233.30
2010-2015       27            510638.23       567722.15      1078360.38
2010-2015       28            506838.59       564749.21      1071587.80
2010-2015       29            504245.59       562742.60      1066988.19
2010-2015       30            502623.14       561689.96      1064313.10
2010-2015       31            499303.03       558318.35      1057621.38
2010-2015       32            495757.66       554614.44      1050372.10
2010-2015       33            485416.70       542314.72      1027731.42
2010-2015       34            470959.11       525232.48       996191.60
2010-2015       35            453534.98       506511.95       960046.94
2010-2015       36            437546.94       488453.08       926000.03
2010-2015       37            426266.95       475548.88       901815.83
2010-2015       38            431529.72       481584.31       913114.03
2010-2015       39            447291.76       497881.15       945172.91
2010-2015       40            470298.92       520308.69       990607.61
2010-2015       41            499178.87       547543.00      1046721.87
2010-2015       42            530902.90       577528.48      1108431.38
2010-2015       43            566350.71       610054.19      1176404.90
2010-2015       44            593342.26       632293.20      1225635.46
2010-2015       45            619772.94       654925.37      1274698.31
2010-2015       46            650240.35       682826.52      1333066.87
2010-2015       47            676851.91       707504.13      1384356.04
2010-2015       48            699566.27       728171.61      1427737.88
2010-2015       49            714057.76       740705.63      1454763.39
2010-2015       50            718354.47       742705.80      1461060.27
2010-2015       51            714389.42       735801.83      1450191.25
2010-2015       52            699685.46       717272.74      1416958.19
2010-2015       53            684740.12       698430.44      1383170.56
2010-2015       54            671933.96       681502.26      1353436.22
2010-2015       55            662906.10       668186.02      1331092.12
2010-2015       56            655342.56       656078.13      1311420.69
2010-2015       57            652186.73       647853.56      1300040.29
2010-2015       58            654472.55       644713.41      1299185.96
2010-2015       59            651848.91       637421.16      1289270.06
2010-2015       60            641569.21       622746.36      1264315.57
2010-2015       61            615218.71       592231.63      1207450.34
2010-2015       62            580189.28       553757.07      1133946.35
2010-2015       63            540911.98       511244.28      1052156.26
2010-2015       64            488416.35       456551.17       944967.52
2010-2015       65            461222.46       424913.13       886135.59
2010-2015       66            455878.68       414121.91       870000.59
2010-2015       67            464351.01       415532.33       879883.34
2010-2015       68            492386.37       433871.56       926257.93
2010-2015       69            537052.52       466861.01      1003913.54
2010-2015       70            594105.00       509211.00      1103315.99
2010-2015       71            624052.67       527664.84      1151717.50
2010-2015       72            629395.83       522670.50      1152066.33
2010-2015       73            629435.83       512361.66      1141797.50
2010-2015       74            617237.33       491329.34      1108566.67
2010-2015       75            587743.00       456470.00      1044213.00
2010-2015       76            544222.84       411704.84       955927.67
2010-2015       77            496477.33       364765.67       861243.01
2010-2015       78            456749.34       325360.17       782109.51
2010-2015       79            423582.84       290942.83       714525.66
2010-2015       80            392835.83       257879.67       650715.51
2010-2015       81            363108.33       225834.17       588942.50
2010-2015       82            339298.16       198844.67       538142.83
2010-2015       83            319707.50       174249.00       493956.50
2010-2015       84            298207.56       148699.49       446907.05
2010-2015       85            270819.99       123017.96       393837.95
2010-2015       86            240104.93        98501.11       338606.04
2010-2015       87            211355.46        77979.43       289334.89
2010-2015       88            186574.02        62146.43       248720.45
2010-2015       89            163138.80        49871.25       213010.05
2010-2015       90            136499.53        38784.80       175284.32
2010-2015       91            106900.94        28442.37       135343.31
2010-2015       92             79500.18        19824.58        99324.76
2010-2015       93             56900.27        13263.23        70163.50
2010-2015       94             39407.14         8601.39        48008.53
2010-2015       95             27273.87         5461.59        32735.46
2010-2015       96             19723.75         3583.57        23307.32
2010-2015       97             14990.93         2543.71        17534.65
2010-2015       98             11387.75         1790.04        13177.79
2010-2015       99              8261.48         1236.22         9497.70
2010-2015      100              5598.32          773.72         6372.04
2010-2015      101              3485.92          422.41         3908.32
2010-2015      102              1988.99          214.32         2203.31
2010-2015      103              1074.78          108.61         1183.40
2010-2015      104               547.21           54.55          601.76
2010-2015      105               287.00           27.13          314.13
2010-2015      106               138.84           15.36          154.19
2010-2015      107                55.52            8.06           63.58
2010-2015      108                19.91            3.44           23.34
2010-2015      109                 6.37            1.10            7.48
2010-2015      110+                1.15            0.08            1.23
