Estonia, Exposure to risk (period 1x10), 	Last modified: 26 Sep 2017;  Methods Protocol: v6 (2017)

  Year          Age             Female            Male           Total
1960-1969        0             93701.58        98976.34       192677.92
1960-1969        1             93908.28        98946.02       192854.30
1960-1969        2             94229.41        99329.32       193558.73
1960-1969        3             94801.01        99924.71       194725.71
1960-1969        4             95823.11       100768.31       196591.43
1960-1969        5             96653.19       101327.79       197980.98
1960-1969        6             97001.53       101433.77       198435.30
1960-1969        7             97089.49       101278.43       198367.92
1960-1969        8             96670.42       100800.86       197471.28
1960-1969        9             95982.61       100497.81       196480.42
1960-1969       10             95375.84       100290.55       195666.39
1960-1969       11             94990.22       100288.95       195279.16
1960-1969       12             94721.29       100489.20       195210.49
1960-1969       13             94171.76       100499.30       194671.06
1960-1969       14             92731.56        99596.17       192327.73
1960-1969       15             90500.77        97812.75       188313.52
1960-1969       16             88628.70        96349.84       184978.54
1960-1969       17             87506.40        95644.18       183150.58
1960-1969       18             87726.80        95425.44       183152.24
1960-1969       19             88534.67        94873.92       183408.58
1960-1969       20             88972.89        93659.68       182632.56
1960-1969       21             89812.68        93069.71       182882.39
1960-1969       22             91288.51        94096.40       185384.91
1960-1969       23             93231.11        95403.24       188634.35
1960-1969       24             95731.56        97128.27       192859.82
1960-1969       25             98425.10        99406.65       197831.75
1960-1969       26            101292.61       101533.89       202826.50
1960-1969       27            104101.13       103211.60       207312.73
1960-1969       28            105436.38       103375.15       208811.53
1960-1969       29            106442.22       103240.32       209682.54
1960-1969       30            107337.64       103076.38       210414.02
1960-1969       31            108025.41       102213.23       210238.64
1960-1969       32            108393.60       100924.90       209318.50
1960-1969       33            108512.97        99347.21       207860.18
1960-1969       34            109380.97        97461.22       206842.19
1960-1969       35            110389.49        95248.78       205638.27
1960-1969       36            111497.77        93197.15       204694.92
1960-1969       37            111559.84        90248.54       201808.38
1960-1969       38            110091.58        86134.85       196226.43
1960-1969       39            107485.84        81584.14       189069.98
1960-1969       40            103598.40        76544.66       180143.06
1960-1969       41             99299.35        71673.68       170973.02
1960-1969       42             94341.59        66225.47       160567.06
1960-1969       43             89088.72        61006.34       150095.07
1960-1969       44             85112.54        58012.23       143124.77
1960-1969       45             82307.28        56352.71       138660.00
1960-1969       46             80355.44        55324.83       135680.28
1960-1969       47             79057.34        54866.99       133924.33
1960-1969       48             78434.27        54839.04       133273.30
1960-1969       49             79320.70        55329.94       134650.64
1960-1969       50             81184.62        56215.53       137400.15
1960-1969       51             82833.85        56754.75       139588.60
1960-1969       52             85081.45        57626.95       142708.39
1960-1969       53             87830.01        59098.27       146928.28
1960-1969       54             89580.44        59738.28       149318.71
1960-1969       55             89732.13        59188.57       148920.70
1960-1969       56             89286.00        58315.52       147601.51
1960-1969       57             88564.61        57301.39       145865.99
1960-1969       58             87349.59        55806.48       143156.07
1960-1969       59             86429.47        54152.81       140582.27
1960-1969       60             85251.24        52420.30       137671.54
1960-1969       61             83694.61        50619.77       134314.38
1960-1969       62             81698.16        48461.47       130159.63
1960-1969       63             79240.85        45826.79       125067.64
1960-1969       64             77208.22        43315.44       120523.66
1960-1969       65             74900.62        40690.84       115591.46
1960-1969       66             72271.52        37857.68       110129.20
1960-1969       67             69598.17        35066.22       104664.39
1960-1969       68             66818.54        32495.29        99313.83
1960-1969       69             63797.85        30278.07        94075.92
1960-1969       70             60682.12        28199.87        88881.99
1960-1969       71             57919.86        26240.86        84160.72
1960-1969       72             54945.46        24267.37        79212.83
1960-1969       73             51753.69        22345.16        74098.85
1960-1969       74             48738.59        20613.17        69351.77
1960-1969       75             45706.30        18856.63        64562.93
1960-1969       76             42565.12        17179.87        59744.99
1960-1969       77             39210.78        15495.86        54706.64
1960-1969       78             35576.45        13690.04        49266.49
1960-1969       79             32024.36        11960.70        43985.06
1960-1969       80             28668.15        10442.65        39110.81
1960-1969       81             25218.95         8957.06        34176.01
1960-1969       82             21945.82         7591.65        29537.47
1960-1969       83             18810.30         6335.00        25145.29
1960-1969       84             15890.39         5212.44        21102.83
1960-1969       85             13253.35         4214.96        17468.31
1960-1969       86             10874.32         3349.40        14223.72
1960-1969       87              8751.52         2614.14        11365.65
1960-1969       88              6904.52         1994.15         8898.67
1960-1969       89              5328.46         1476.79         6805.24
1960-1969       90              3975.61         1077.83         5053.44
1960-1969       91              2875.23          788.06         3663.28
1960-1969       92              2050.40          554.88         2605.28
1960-1969       93              1448.01          363.23         1811.23
1960-1969       94              1014.08          230.32         1244.40
1960-1969       95               698.26          139.62          837.88
1960-1969       96               458.98           77.90          536.88
1960-1969       97               291.09           45.75          336.84
1960-1969       98               184.63           29.87          214.50
1960-1969       99               117.45           17.27          134.72
1960-1969      100                68.61            6.53           75.14
1960-1969      101                36.28            1.57           37.85
1960-1969      102                16.56            0.11           16.67
1960-1969      103                 6.24            0.00            6.24
1960-1969      104                 1.84            0.00            1.84
1960-1969      105                 0.28            0.00            0.28
1960-1969      106                 0.00            0.00            0.00
1960-1969      107                 0.00            0.00            0.00
1960-1969      108                 0.00            0.00            0.00
1960-1969      109                 0.00            0.00            0.00
1960-1969      110+                0.00            0.00            0.00
1970-1979        0            104332.20       109544.91       213877.11
1970-1979        1            103889.35       108670.25       212559.60
1970-1979        2            103399.57       107955.03       211354.61
1970-1979        3            102488.96       106824.55       209313.52
1970-1979        4            101366.00       105647.99       207013.99
1970-1979        5            100620.34       104928.85       205549.19
1970-1979        6             99990.10       104401.87       204391.96
1970-1979        7             99345.51       103765.58       203111.08
1970-1979        8             98924.79       103206.94       202131.73
1970-1979        9             98619.60       102673.43       201293.03
1970-1979       10             98294.61       102451.55       200746.16
1970-1979       11             98365.18       102763.13       201128.31
1970-1979       12             98601.71       103504.60       202106.31
1970-1979       13             99114.96       104665.98       203780.94
1970-1979       14             99994.96       106121.40       206116.37
1970-1979       15            100836.18       107452.24       208288.42
1970-1979       16            101369.14       108490.40       209859.54
1970-1979       17            101931.73       109507.75       211439.48
1970-1979       18            102498.02       111345.76       213843.78
1970-1979       19            103205.60       113391.47       216597.06
1970-1979       20            104340.98       114744.57       219085.55
1970-1979       21            105448.38       115797.47       221245.85
1970-1979       22            106514.18       116415.02       222929.19
1970-1979       23            107027.57       115922.24       222949.81
1970-1979       24            105857.32       113509.56       219366.88
1970-1979       25            103433.29       109561.62       212994.91
1970-1979       26            101105.08       105601.23       206706.32
1970-1979       27             99372.12       102445.67       201817.80
1970-1979       28             99134.67       101107.86       200242.53
1970-1979       29             99492.51       100473.80       199966.31
1970-1979       30             99560.18        99621.17       199181.34
1970-1979       31             99753.45        99167.82       198921.27
1970-1979       32            100543.35        99491.51       200034.86
1970-1979       33            101664.47        99909.18       201573.65
1970-1979       34            103236.90       100832.79       204069.69
1970-1979       35            105167.43       102195.98       207363.40
1970-1979       36            107078.99       103202.58       210281.57
1970-1979       37            109067.45       104070.84       213138.28
1970-1979       38            109684.64       103841.59       213526.23
1970-1979       39            109802.95       103243.03       213045.97
1970-1979       40            110161.42       102769.58       212931.00
1970-1979       41            109970.05       101571.03       211541.08
1970-1979       42            109610.50       100443.95       210054.45
1970-1979       43            109213.54        98909.34       208122.88
1970-1979       44            109370.14        96434.77       205804.91
1970-1979       45            110066.61        93912.54       203979.15
1970-1979       46            110671.10        91419.69       202090.79
1970-1979       47            110170.76        87967.01       198137.77
1970-1979       48            108538.32        83606.81       192145.13
1970-1979       49            105634.86        78601.35       184236.21
1970-1979       50            101684.46        73255.27       174939.73
1970-1979       51             97319.78        68103.29       165423.07
1970-1979       52             92294.97        62489.00       154783.98
1970-1979       53             87112.74        57251.88       144364.62
1970-1979       54             83023.76        53939.98       136963.74
1970-1979       55             80590.65        52135.63       132726.28
1970-1979       56             78806.96        50890.68       129697.64
1970-1979       57             77328.80        49957.75       127286.55
1970-1979       58             76624.43        49457.48       126081.91
1970-1979       59             77187.06        49328.11       126515.17
1970-1979       60             78814.78        49497.86       128312.64
1970-1979       61             80034.14        49249.06       129283.20
1970-1979       62             81802.45        49304.13       131106.58
1970-1979       63             83982.51        49820.22       133802.73
1970-1979       64             84811.01        49336.93       134147.94
1970-1979       65             84118.39        47857.83       131976.22
1970-1979       66             82674.45        46106.01       128780.46
1970-1979       67             80878.50        44258.03       125136.53
1970-1979       68             78569.52        42024.44       120593.95
1970-1979       69             76077.52        39475.49       115553.01
1970-1979       70             73446.96        36911.26       110358.22
1970-1979       71             70446.16        34341.00       104787.17
1970-1979       72             67136.88        31660.90        98797.79
1970-1979       73             63603.20        28775.84        92379.04
1970-1979       74             60032.54        25960.41        85992.95
1970-1979       75             56183.54        23321.68        79505.22
1970-1979       76             52019.28        20608.76        72628.04
1970-1979       77             47804.83        17965.95        65770.78
1970-1979       78             43658.95        15700.78        59359.74
1970-1979       79             39342.22        13723.66        53065.88
1970-1979       80             35895.63        12107.21        48002.84
1970-1979       81             31873.09        10393.17        42266.26
1970-1979       82             27989.32         8857.30        36846.62
1970-1979       83             24350.40         7522.29        31872.69
1970-1979       84             20964.31         6304.07        27268.38
1970-1979       85             17827.17         5203.60        23030.77
1970-1979       86             14902.62         4227.65        19130.27
1970-1979       87             12163.25         3365.50        15528.75
1970-1979       88              9740.74         2640.96        12381.69
1970-1979       89              7656.75         2000.32         9657.07
1970-1979       90              5893.31         1467.74         7361.05
1970-1979       91              4444.18         1062.39         5506.57
1970-1979       92              3254.09          758.96         4013.05
1970-1979       93              2314.45          540.26         2854.71
1970-1979       94              1613.90          377.71         1991.60
1970-1979       95              1109.74          255.67         1365.41
1970-1979       96               758.59          164.83          923.42
1970-1979       97               499.71          104.62          604.32
1970-1979       98               317.78           66.08          383.85
1970-1979       99               203.95           45.08          249.03
1970-1979      100               121.82           29.16          150.98
1970-1979      101                67.85           13.51           81.36
1970-1979      102                34.82            5.40           40.22
1970-1979      103                15.55            2.69           18.24
1970-1979      104                 5.15            1.29            6.44
1970-1979      105                 0.74            0.38            1.12
1970-1979      106                 0.00            0.00            0.00
1970-1979      107                 0.00            0.00            0.00
1970-1979      108                 0.00            0.00            0.00
1970-1979      109                 0.00            0.00            0.00
1970-1979      110+                0.00            0.00            0.00
1980-1989        0            114878.79       120439.59       235318.38
1980-1989        1            113772.76       118777.85       232550.61
1980-1989        2            112790.30       117549.04       230339.34
1980-1989        3            112133.08       116474.99       228608.07
1980-1989        4            111601.99       115761.97       227363.96
1980-1989        5            110700.56       114931.09       225631.65
1980-1989        6            109705.72       113984.03       223689.75
1980-1989        7            108951.79       113235.30       222187.09
1980-1989        8            108704.38       113056.46       221760.84
1980-1989        9            108356.16       112764.81       221120.97
1980-1989       10            108073.89       112729.15       220803.04
1980-1989       11            107317.43       112493.88       219811.32
1980-1989       12            106096.29       111578.27       217674.56
1980-1989       13            104630.82       110234.14       214864.95
1980-1989       14            103145.79       109067.87       212213.66
1980-1989       15            102167.80       108614.48       210782.28
1980-1989       16            101484.80       108538.00       210022.81
1980-1989       17            100874.34       108519.86       209394.20
1980-1989       18            100999.27       108823.37       209822.64
1980-1989       19            101732.20       109379.67       211111.87
1980-1989       20            102723.60       109928.70       212652.30
1980-1989       21            104585.23       111091.76       215676.99
1980-1989       22            106726.73       112895.39       219622.12
1980-1989       23            109195.25       115196.44       224391.69
1980-1989       24            112031.75       117651.67       229683.42
1980-1989       25            114588.38       119512.60       234100.98
1980-1989       26            116407.00       120602.66       237009.66
1980-1989       27            117745.76       120965.24       238711.00
1980-1989       28            118400.88       120477.59       238878.47
1980-1989       29            118428.48       119709.07       238137.55
1980-1989       30            118378.87       118855.12       237233.98
1980-1989       31            118057.31       117665.52       235722.83
1980-1989       32            117311.12       116059.66       233370.78
1980-1989       33            115916.66       113789.64       229706.29
1980-1989       34            113073.97       110186.58       223260.56
1980-1989       35            109115.72       105577.24       214692.96
1980-1989       36            105370.64       101292.52       206663.16
1980-1989       37            102508.21        98028.13       200536.34
1980-1989       38            101443.77        96493.20       197936.97
1980-1989       39            101101.73        95620.45       196722.18
1980-1989       40            100495.01        94545.38       195040.39
1980-1989       41            100406.78        93960.87       194367.65
1980-1989       42            100972.85        93927.97       194900.82
1980-1989       43            101825.65        94019.63       195845.29
1980-1989       44            103005.01        94627.92       197632.92
1980-1989       45            104626.79        95636.16       200262.95
1980-1989       46            106257.62        96306.53       202564.15
1980-1989       47            107813.90        96706.55       204520.45
1980-1989       48            107944.32        95940.20       203884.52
1980-1989       49            107540.94        94791.95       202332.88
1980-1989       50            107472.21        93727.87       201200.08
1980-1989       51            107077.82        92083.11       199160.93
1980-1989       52            106425.45        90368.26       196793.71
1980-1989       53            105752.00        88296.22       194048.21
1980-1989       54            105736.82        85561.65       191298.47
1980-1989       55            106103.90        82606.08       188709.97
1980-1989       56            106559.10        79734.88       186293.98
1980-1989       57            105982.91        76089.74       182072.65
1980-1989       58            104084.35        71625.82       175710.17
1980-1989       59            100838.82        66672.71       167511.53
1980-1989       60             96481.78        61433.24       157915.02
1980-1989       61             91962.37        56607.67       148570.03
1980-1989       62             86697.49        51305.09       138002.57
1980-1989       63             81154.53        46183.59       127338.11
1980-1989       64             76611.93        42772.06       119383.99
1980-1989       65             73440.41        40669.23       114109.64
1980-1989       66             70927.74        38937.25       109864.99
1980-1989       67             68937.70        37499.82       106437.52
1980-1989       68             67578.32        36357.82       103936.13
1980-1989       69             67163.46        35261.00       102424.47
1980-1989       70             67359.01        34328.69       101687.70
1980-1989       71             67180.53        33137.25       100317.78
1980-1989       72             67068.33        31976.56        99044.89
1980-1989       73             67009.76        31061.94        98071.70
1980-1989       74             65752.20        29498.75        95250.94
1980-1989       75             63163.46        27308.15        90471.61
1980-1989       76             59850.30        25092.79        84943.10
1980-1989       77             56163.29        22810.88        78974.17
1980-1989       78             52060.45        20320.27        72380.72
1980-1989       79             47845.12        17910.18        65755.30
1980-1989       80             43801.31        15637.70        59439.01
1980-1989       81             39298.78        13429.52        52728.31
1980-1989       82             34758.26        11334.63        46092.89
1980-1989       83             30306.46         9361.37        39667.83
1980-1989       84             26035.69         7658.35        33694.04
1980-1989       85             21968.71         6141.05        28109.76
1980-1989       86             18235.31         4812.35        23047.66
1980-1989       87             14909.60         3688.81        18598.41
1980-1989       88             12052.74         2820.16        14872.89
1980-1989       89              9554.01         2168.27        11722.28
1980-1989       90              7470.26         1618.22         9088.48
1980-1989       91              5736.08         1190.40         6926.47
1980-1989       92              4342.80          864.72         5207.52
1980-1989       93              3211.87          601.44         3813.31
1980-1989       94              2276.56          415.60         2692.16
1980-1989       95              1574.46          289.31         1863.76
1980-1989       96              1072.12          199.25         1271.37
1980-1989       97               716.58          136.00          852.58
1980-1989       98               470.03           85.08          555.11
1980-1989       99               311.77           53.00          364.77
1980-1989      100               195.17           30.60          225.77
1980-1989      101               115.64           15.33          130.97
1980-1989      102                66.29            6.99           73.28
1980-1989      103                35.06            2.96           38.02
1980-1989      104                16.24            1.73           17.97
1980-1989      105                 5.67            1.44            7.11
1980-1989      106                 0.81            0.77            1.59
1980-1989      107                 0.00            0.06            0.06
1980-1989      108                 0.00            0.00            0.00
1980-1989      109                 0.00            0.00            0.00
1980-1989      110+                0.00            0.00            0.00
1990-1999        0             75983.02        81158.03       157141.05
1990-1999        1             81012.30        86184.93       167197.23
1990-1999        2             86525.37        91708.45       178233.82
1990-1999        3             91352.56        96787.98       188140.54
1990-1999        4             95663.13       101274.54       196937.67
1990-1999        5            100042.68       105582.37       205625.05
1990-1999        6            104084.12       109770.43       213854.55
1990-1999        7            106885.69       112602.52       219488.21
1990-1999        8            108544.59       114378.92       222923.51
1990-1999        9            109251.67       115017.50       224269.17
1990-1999       10            108619.81       114248.15       222867.95
1990-1999       11            107682.52       113201.14       220883.66
1990-1999       12            106486.37       111922.60       218408.97
1990-1999       13            105511.22       110798.71       216309.93
1990-1999       14            104678.07       109967.31       214645.38
1990-1999       15            103356.95       108638.36       211995.31
1990-1999       16            101922.52       107259.34       209181.86
1990-1999       17            100486.06       105812.08       206298.15
1990-1999       18             99799.01       105116.51       204915.53
1990-1999       19             99397.81       104853.15       204250.97
1990-1999       20             99378.60       105789.75       205168.35
1990-1999       21             99107.38       106235.66       205343.04
1990-1999       22             98888.10       104126.19       203014.30
1990-1999       23             98573.17       101037.93       199611.10
1990-1999       24             98189.18        99809.57       197998.75
1990-1999       25             98376.66        99967.97       198344.63
1990-1999       26             98945.63       100442.52       199388.15
1990-1999       27             99721.83       100877.97       200599.81
1990-1999       28            100800.58       101428.12       202228.70
1990-1999       29            101948.68       102009.45       203958.13
1990-1999       30            102985.56       102645.85       205631.41
1990-1999       31            104707.77       103546.25       208254.02
1990-1999       32            106276.32       104551.67       210827.99
1990-1999       33            107962.19       105721.65       213683.85
1990-1999       34            109625.51       106729.57       216355.08
1990-1999       35            110906.18       107508.98       218415.16
1990-1999       36            111484.29       107577.08       219061.37
1990-1999       37            111767.19       107104.75       218871.95
1990-1999       38            111412.66       106125.59       217538.26
1990-1999       39            110717.34       105011.01       215728.35
1990-1999       40            110127.37       103807.93       213935.29
1990-1999       41            109532.58       102548.25       212080.83
1990-1999       42            108760.29       101174.56       209934.85
1990-1999       43            107493.40        99237.00       206730.40
1990-1999       44            104871.51        96066.76       200938.27
1990-1999       45            101009.79        91899.25       192909.04
1990-1999       46             97497.33        88045.48       185542.81
1990-1999       47             94892.04        85045.17       179937.21
1990-1999       48             94130.15        83743.63       177873.78
1990-1999       49             94179.85        83192.13       177371.98
1990-1999       50             93768.59        82166.09       175934.68
1990-1999       51             93833.44        81634.07       175467.51
1990-1999       52             94535.42        81368.73       175904.15
1990-1999       53             95221.04        81010.54       176231.58
1990-1999       54             96290.43        80996.55       177286.99
1990-1999       55             97480.98        81044.33       178525.32
1990-1999       56             98539.36        80671.70       179211.06
1990-1999       57             99657.27        80076.79       179734.06
1990-1999       58             99543.20        78652.34       178195.53
1990-1999       59             98985.71        77030.73       176016.44
1990-1999       60             98537.12        75315.59       173852.71
1990-1999       61             97688.74        73067.86       170756.60
1990-1999       62             96540.42        70842.85       167383.26
1990-1999       63             95296.92        68260.00       163556.92
1990-1999       64             94547.29        65011.58       159558.87
1990-1999       65             93980.88        61602.14       155583.02
1990-1999       66             93298.71        58164.44       151463.15
1990-1999       67             91510.70        54168.54       145679.23
1990-1999       68             88529.62        49780.21       138309.82
1990-1999       69             84394.58        45178.74       129573.33
1990-1999       70             79341.63        40402.16       119743.79
1990-1999       71             74078.01        36153.51       110231.53
1990-1999       72             68349.87        31744.03       100093.89
1990-1999       73             62541.90        27547.95        90089.85
1990-1999       74             57513.69        24693.95        82207.64
1990-1999       75             53569.32        22666.11        76235.43
1990-1999       76             50164.15        20796.95        70961.09
1990-1999       77             47108.59        19098.21        66206.80
1990-1999       78             44344.65        17556.83        61901.48
1990-1999       79             42228.10        16061.36        58289.46
1990-1999       80             40215.72        14576.21        54791.92
1990-1999       81             37833.47        13214.79        51048.26
1990-1999       82             35396.33        11902.98        47299.31
1990-1999       83             32861.16        10656.32        43517.49
1990-1999       84             29712.90         9229.39        38942.29
1990-1999       85             25979.79         7755.01        33734.80
1990-1999       86             22171.12         6406.75        28577.88
1990-1999       87             18547.46         5156.94        23704.40
1990-1999       88             15212.48         3970.93        19183.41
1990-1999       89             12228.77         3039.59        15268.36
1990-1999       90              9559.56         2262.13        11821.69
1990-1999       91              7271.25         1619.17         8890.42
1990-1999       92              5415.47         1121.76         6537.24
1990-1999       93              3923.11          771.47         4694.57
1990-1999       94              2804.06          511.93         3315.99
1990-1999       95              1912.21          329.18         2241.38
1990-1999       96              1282.37          206.30         1488.67
1990-1999       97               838.98          127.68          966.66
1990-1999       98               522.16           81.33          603.49
1990-1999       99               314.22           54.80          369.02
1990-1999      100               174.14           33.73          207.87
1990-1999      101                95.98           15.91          111.89
1990-1999      102                49.73            5.71           55.44
1990-1999      103                23.39            0.96           24.35
1990-1999      104                 8.84            0.04            8.88
1990-1999      105                 1.85            0.00            1.85
1990-1999      106                 0.20            0.00            0.20
1990-1999      107                 0.00            0.00            0.00
1990-1999      108                 0.00            0.00            0.00
1990-1999      109                 0.00            0.00            0.00
1990-1999      110+                0.00            0.00            0.00
2000-2009        0             68497.93        72558.18       141056.10
2000-2009        1             66563.82        70534.41       137098.23
2000-2009        2             64431.51        68335.61       132767.12
2000-2009        3             63086.62        66863.38       129950.00
2000-2009        4             62322.86        65861.16       128184.02
2000-2009        5             61916.55        65233.52       127150.08
2000-2009        6             61926.11        65416.72       127342.83
2000-2009        7             63103.34        66935.68       130039.02
2000-2009        8             65048.90        69174.11       134223.01
2000-2009        9             67829.08        72009.09       139838.17
2000-2009       10             71526.48        76077.61       147604.09
2000-2009       11             75743.99        80646.11       156390.10
2000-2009       12             80221.80        85428.41       165650.21
2000-2009       13             84074.06        89690.40       173764.46
2000-2009       14             87395.52        93399.17       180794.69
2000-2009       15             90742.21        97020.76       187762.97
2000-2009       16             93972.72       100376.66       194349.37
2000-2009       17             96219.33       102562.59       198781.92
2000-2009       18             97567.25       103950.59       201517.84
2000-2009       19             98135.51       104422.01       202557.52
2000-2009       20             97669.33       103565.85       201235.18
2000-2009       21             96771.07       102394.46       199165.53
2000-2009       22             95853.22       101188.39       197041.62
2000-2009       23             95291.32       100275.12       195566.44
2000-2009       24             94935.25        99785.73       194720.98
2000-2009       25             94314.13        99206.69       193520.82
2000-2009       26             93710.55        98377.18       192087.73
2000-2009       27             93298.34        97880.77       191179.11
2000-2009       28             93543.86        97941.29       191485.14
2000-2009       29             93812.23        97836.28       191648.51
2000-2009       30             94276.76        97834.66       192111.42
2000-2009       31             94442.85        97518.19       191961.04
2000-2009       32             94208.99        96590.68       190799.68
2000-2009       33             93721.77        95426.62       189148.39
2000-2009       34             93278.49        94331.65       187610.15
2000-2009       35             93263.61        93737.67       187001.28
2000-2009       36             93307.63        93352.75       186660.38
2000-2009       37             93653.49        93015.68       186669.18
2000-2009       38             94220.19        92857.21       187077.40
2000-2009       39             94952.26        92779.84       187732.10
2000-2009       40             95745.03        92863.56       188608.59
2000-2009       41             96824.19        93304.25       190128.44
2000-2009       42             98007.52        93755.31       191762.83
2000-2009       43             99345.46        94220.32       193565.79
2000-2009       44            100680.00        94740.27       195420.27
2000-2009       45            101693.37        94743.50       196436.87
2000-2009       46            102196.67        94087.31       196283.98
2000-2009       47            102384.25        93164.55       195548.80
2000-2009       48            102122.59        91919.08       194041.67
2000-2009       49            101621.09        90457.01       192078.09
2000-2009       50            101177.95        88975.44       190153.39
2000-2009       51            100726.51        87397.09       188123.60
2000-2009       52            100113.01        85774.84       185887.84
2000-2009       53             99058.33        83714.86       182773.19
2000-2009       54             96669.69        80585.77       177255.45
2000-2009       55             93391.83        76756.37       170148.20
2000-2009       56             90232.52        73173.43       163405.95
2000-2009       57             87950.00        70317.98       158267.98
2000-2009       58             87110.49        68672.56       155783.04
2000-2009       59             86759.85        67395.87       154155.72
2000-2009       60             86145.34        65790.81       151936.14
2000-2009       61             85732.68        64208.80       149941.48
2000-2009       62             85939.17        62851.88       148791.05
2000-2009       63             86146.18        61628.43       147774.61
2000-2009       64             86687.83        60562.06       147249.89
2000-2009       65             87384.83        59579.96       146964.79
2000-2009       66             87774.17        58150.15       145924.32
2000-2009       67             87974.83        56741.33       144716.16
2000-2009       68             86910.17        54448.26       141358.43
2000-2009       69             85471.83        52055.12       137526.95
2000-2009       70             84003.84        49623.03       133626.86
2000-2009       71             81939.16        46880.42       128819.58
2000-2009       72             79417.99        44166.79       123584.78
2000-2009       73             76845.83        41072.45       117918.28
2000-2009       74             74518.48        37677.40       112195.88
2000-2009       75             72258.16        34498.71       106756.87
2000-2009       76             69819.30        31467.25       101286.55
2000-2009       77             66417.50        28171.18        94588.68
2000-2009       78             62035.50        24754.72        86790.21
2000-2009       79             56954.82        21374.08        78328.90
2000-2009       80             51380.93        18120.27        69501.20
2000-2009       81             45744.23        15239.00        60983.23
2000-2009       82             39973.34        12484.08        52457.42
2000-2009       83             34300.61        10127.40        44428.01
2000-2009       84             29372.74         8400.88        37773.62
2000-2009       85             25330.82         7050.22        32381.04
2000-2009       86             21631.05         5903.03        27534.08
2000-2009       87             18196.06         4919.06        23115.12
2000-2009       88             15214.04         4045.57        19259.61
2000-2009       89             12741.69         3259.71        16001.40
2000-2009       90             10658.44         2595.17        13253.61
2000-2009       91              8669.04         2012.59        10681.63
2000-2009       92              6874.02         1544.71         8418.73
2000-2009       93              5344.27         1172.51         6516.78
2000-2009       94              4014.94          840.33         4855.27
2000-2009       95              2935.49          577.44         3512.93
2000-2009       96              1967.65          386.22         2353.87
2000-2009       97              1327.69          228.18         1555.87
2000-2009       98               836.74          131.38          968.13
2000-2009       99               526.79           89.62          616.41
2000-2009      100               327.93           52.23          380.16
2000-2009      101               193.80           26.35          220.15
2000-2009      102               109.21           12.28          121.49
2000-2009      103                58.31            4.36           62.67
2000-2009      104                28.05            1.41           29.46
2000-2009      105                10.81            0.35           11.16
2000-2009      106                 2.73            0.00            2.73
2000-2009      107                 0.23            0.00            0.23
2000-2009      108                 0.00            0.00            0.00
2000-2009      109                 0.00            0.00            0.00
2000-2009      110+                0.00            0.00            0.00
2010-2014        0             35523.29        37402.48        72925.77
2010-2014        1             36656.83        38649.15        75305.98
2010-2014        2             37520.22        39628.00        77148.22
2010-2014        3             37790.52        39938.64        77729.16
2010-2014        4             37285.05        39504.14        76789.19
2010-2014        5             36234.17        38531.84        74766.01
2010-2014        6             34968.72        37134.60        72103.31
2010-2014        7             33435.28        35351.74        68787.03
2010-2014        8             32224.35        33959.22        66183.56
2010-2014        9             31276.82        32941.61        64218.42
2010-2014       10             30467.42        32131.94        62599.35
2010-2014       11             29685.56        31431.59        61117.15
2010-2014       12             29064.46        31036.72        60101.17
2010-2014       13             28892.14        30930.71        59822.85
2010-2014       14             29102.98        30950.98        60053.96
2010-2014       15             29524.20        31169.27        60693.46
2010-2014       16             30412.90        32045.67        62458.57
2010-2014       17             32272.44        34000.90        66273.34
2010-2014       18             34415.97        36239.04        70655.01
2010-2014       19             36880.41        38972.25        75852.66
2010-2014       20             40128.37        42704.93        82833.30
2010-2014       21             43376.82        46240.19        89617.02
2010-2014       22             45797.66        48925.64        94723.30
2010-2014       23             47366.18        50783.10        98149.29
2010-2014       24             47958.92        51477.85        99436.77
2010-2014       25             47795.96        51034.81        98830.77
2010-2014       26             47476.99        50459.95        97936.94
2010-2014       27             46845.08        49652.24        96497.32
2010-2014       28             46266.94        48806.77        95073.72
2010-2014       29             45918.06        48445.10        94363.16
2010-2014       30             45323.97        47807.02        93130.99
2010-2014       31             44700.27        47134.36        91834.63
2010-2014       32             44242.56        46722.51        90965.07
2010-2014       33             44077.54        46616.27        90693.81
2010-2014       34             44145.96        46509.05        90655.01
2010-2014       35             44356.78        46464.32        90821.10
2010-2014       36             44541.37        46482.48        91023.85
2010-2014       37             44787.98        46537.45        91325.43
2010-2014       38             45278.11        46759.15        92037.26
2010-2014       39             45612.64        46823.93        92436.57
2010-2014       40             45971.98        46830.55        92802.53
2010-2014       41             45953.56        46542.77        92496.33
2010-2014       42             45528.69        45595.92        91124.62
2010-2014       43             44655.89        44144.99        88800.89
2010-2014       44             43885.62        42903.79        86789.41
2010-2014       45             43479.43        42147.69        85627.12
2010-2014       46             43594.98        41917.46        85512.44
2010-2014       47             44180.49        42260.09        86440.58
2010-2014       48             45520.68        43199.26        88719.95
2010-2014       49             46970.92        44014.71        90985.63
2010-2014       50             47934.08        44504.02        92438.10
2010-2014       51             48883.25        44739.87        93623.12
2010-2014       52             49355.69        44448.59        93804.28
2010-2014       53             49261.28        43657.76        92919.03
2010-2014       54             49192.64        42896.40        92089.04
2010-2014       55             49115.12        42101.71        91216.83
2010-2014       56             48625.67        40964.17        89589.84
2010-2014       57             48264.67        40030.68        88295.35
2010-2014       58             48091.34        39196.67        87288.01
2010-2014       59             47644.00        38043.35        85687.35
2010-2014       60             47294.00        36961.01        84255.01
2010-2014       61             47281.00        36084.50        83365.50
2010-2014       62             46942.33        34980.84        81923.17
2010-2014       63             45891.33        33520.18        79411.51
2010-2014       64             43772.84        31374.02        75146.85
2010-2014       65             40754.51        28676.51        69431.02
2010-2014       66             37661.00        25935.84        63596.85
2010-2014       67             35643.83        24015.48        59659.32
2010-2014       68             35625.00        23248.18        58873.18
2010-2014       69             36842.50        23388.84        60231.34
2010-2014       70             38649.17        23700.49        62349.66
2010-2014       71             40686.00        24029.50        64715.50
2010-2014       72             42121.83        23852.34        65974.17
2010-2014       73             41703.17        22644.34        64347.50
2010-2014       74             40232.00        21064.67        61296.67
2010-2014       75             38339.67        19309.33        57649.00
2010-2014       76             35901.17        17424.99        53326.16
2010-2014       77             33704.50        15800.50        49505.00
2010-2014       78             31993.17        14440.17        46433.33
2010-2014       79             30662.32        13296.33        43958.65
2010-2014       80             29333.77        12316.28        41650.05
2010-2014       81             28171.95        11252.92        39424.87
2010-2014       82             26438.98        10170.44        36609.42
2010-2014       83             24284.60         8820.82        33105.41
2010-2014       84             21981.13         7305.93        29287.06
2010-2014       85             19601.35         5966.73        25568.08
2010-2014       86             17175.97         4770.64        21946.61
2010-2014       87             14655.01         3663.85        18318.86
2010-2014       88             12241.06         2790.75        15031.81
2010-2014       89              9787.20         2114.88        11902.08
2010-2014       90              7522.85         1584.71         9107.57
2010-2014       91              5585.73         1142.41         6728.14
2010-2014       92              3988.13          792.04         4780.16
2010-2014       93              2753.57          514.77         3268.34
2010-2014       94              1922.85          360.27         2283.11
2010-2014       95              1418.75          280.69         1699.44
2010-2014       96              1049.64          206.48         1256.12
2010-2014       97               790.89          150.90          941.79
2010-2014       98               560.66          108.69          669.35
2010-2014       99               381.20           69.16          450.36
2010-2014      100               249.82           40.06          289.87
2010-2014      101               148.97           22.99          171.96
2010-2014      102                85.31           11.87           97.18
2010-2014      103                47.58            4.99           52.58
2010-2014      104                24.59            1.52           26.12
2010-2014      105                11.37            0.39           11.76
2010-2014      106                 4.26            0.05            4.31
2010-2014      107                 0.62            0.00            0.62
2010-2014      108                 0.00            0.00            0.00
2010-2014      109                 0.00            0.00            0.00
2010-2014      110+                0.00            0.00            0.00
