United Kingdom, Exposure to risk (period 1x10), 	Last modified: 28 May 2018;  Methods Protocol: v6 (2017)

  Year          Age             Female            Male           Total
1922-1929        0           3179187.39      3283694.80      6462882.19
1922-1929        1           3173381.75      3247471.01      6420852.76
1922-1929        2           3206932.32      3278575.45      6485507.78
1922-1929        3           3186040.48      3256604.07      6442644.55
1922-1929        4           3130859.74      3197835.88      6328695.62
1922-1929        5           3094715.46      3158559.71      6253275.17
1922-1929        6           3079767.53      3141381.85      6221149.38
1922-1929        7           3078721.94      3135375.87      6214097.80
1922-1929        8           3072618.11      3121220.04      6193838.14
1922-1929        9           3048026.73      3088202.94      6136229.67
1922-1929       10           3039655.68      3072060.26      6111715.94
1922-1929       11           3097866.67      3121972.57      6219839.24
1922-1929       12           3196158.11      3210771.99      6406930.10
1922-1929       13           3276587.63      3278665.27      6555252.90
1922-1929       14           3326040.84      3312962.30      6639003.13
1922-1929       15           3345005.83      3317665.91      6662671.74
1922-1929       16           3346378.93      3305946.82      6652325.74
1922-1929       17           3344916.01      3287803.25      6632719.26
1922-1929       18           3341122.48      3262618.60      6603741.08
1922-1929       19           3334199.96      3232824.61      6567024.56
1922-1929       20           3316158.67      3187429.93      6503588.60
1922-1929       21           3286304.01      3124658.07      6410962.08
1922-1929       22           3252417.22      3054742.44      6307159.65
1922-1929       23           3215730.94      2976363.75      6192094.69
1922-1929       24           3179666.01      2893246.71      6072912.72
1922-1929       25           3144319.08      2811647.46      5955966.54
1922-1929       26           3107697.20      2733340.68      5841037.88
1922-1929       27           3068983.04      2658639.41      5727622.45
1922-1929       28           3028531.49      2587526.25      5616057.74
1922-1929       29           2984355.49      2517985.67      5502341.16
1922-1929       30           2944463.35      2461204.55      5405667.90
1922-1929       31           2912044.62      2427009.29      5339053.91
1922-1929       32           2872319.09      2400831.76      5273150.85
1922-1929       33           2830952.02      2378014.60      5208966.62
1922-1929       34           2795381.51      2359541.52      5154923.02
1922-1929       35           2763119.74      2341263.15      5104382.89
1922-1929       36           2734774.44      2324908.58      5059683.02
1922-1929       37           2702924.52      2307017.02      5009941.54
1922-1929       38           2668640.06      2285984.21      4954624.27
1922-1929       39           2644314.67      2271100.55      4915415.22
1922-1929       40           2634527.84      2268732.92      4903260.77
1922-1929       41           2621371.60      2266712.94      4888084.54
1922-1929       42           2590928.54      2253490.92      4844419.46
1922-1929       43           2559702.25      2238977.67      4798679.92
1922-1929       44           2527032.94      2221432.43      4748465.37
1922-1929       45           2491770.34      2202733.65      4694503.99
1922-1929       46           2457029.40      2188550.79      4645580.19
1922-1929       47           2409310.58      2165510.05      4574820.63
1922-1929       48           2352132.92      2130674.16      4482807.07
1922-1929       49           2296798.53      2093008.40      4389806.93
1922-1929       50           2250038.28      2060239.64      4310277.92
1922-1929       51           2199383.37      2024333.97      4223717.34
1922-1929       52           2127483.16      1970544.01      4098027.17
1922-1929       53           2047666.03      1904711.14      3952377.17
1922-1929       54           1970906.94      1833981.25      3804888.19
1922-1929       55           1899083.65      1761883.50      3660967.15
1922-1929       56           1828012.80      1689295.43      3517308.23
1922-1929       57           1753315.89      1614160.86      3367476.74
1922-1929       58           1679251.71      1537938.48      3217190.18
1922-1929       59           1612004.48      1466548.11      3078552.60
1922-1929       60           1556213.33      1403849.48      2960062.81
1922-1929       61           1503571.42      1343229.94      2846801.36
1922-1929       62           1436650.18      1272398.87      2709049.05
1922-1929       63           1363854.70      1196361.00      2560215.69
1922-1929       64           1294104.83      1122744.80      2416849.63
1922-1929       65           1229104.30      1054120.54      2283224.83
1922-1929       66           1169400.45       990246.86      2159647.30
1922-1929       67           1107177.69       925141.97      2032319.66
1922-1929       68           1042410.06       858949.43      1901359.48
1922-1929       69            980553.83       796318.54      1776872.37
1922-1929       70            923393.67       737695.50      1661089.18
1922-1929       71            864824.32       677957.63      1542781.95
1922-1929       72            797745.37       612290.47      1410035.84
1922-1929       73            726859.66       544617.64      1271477.29
1922-1929       74            657545.55       480119.91      1137665.46
1922-1929       75            592248.27       421196.17      1013444.44
1922-1929       76            532603.88       368799.63       901403.50
1922-1929       77            476892.29       321326.01       798218.30
1922-1929       78            422280.07       276870.51       699150.58
1922-1929       79            369410.21       235834.07       605244.28
1922-1929       80            325428.19       198338.13       523766.33
1922-1929       81            281770.71       166786.21       448556.93
1922-1929       82            242232.19       138765.52       380997.71
1922-1929       83            203537.74       112685.80       316223.54
1922-1929       84            167088.36        89546.41       256634.77
1922-1929       85            134475.01        69742.16       204217.17
1922-1929       86            106560.27        53289.10       159849.37
1922-1929       87             83007.44        39858.31       122865.74
1922-1929       88             63668.33        29294.56        92962.89
1922-1929       89             47767.22        21069.18        68836.40
1922-1929       90             34991.82        14831.07        49822.88
1922-1929       91             25560.81        10412.19        35973.00
1922-1929       92             18516.64         7199.66        25716.29
1922-1929       93             13033.89         4836.01        17869.91
1922-1929       94              8994.88         3204.57        12199.44
1922-1929       95              6082.87         2092.90         8175.76
1922-1929       96              4040.35         1342.05         5382.39
1922-1929       97              2592.98          825.73         3418.71
1922-1929       98              1582.23          493.49         2075.72
1922-1929       99               922.54          281.32         1203.86
1922-1929      100               528.26          149.29          677.55
1922-1929      101               307.26           77.66          384.92
1922-1929      102               171.87           43.89          215.76
1922-1929      103                92.15           22.51          114.66
1922-1929      104                49.61           12.53           62.14
1922-1929      105                23.72            7.35           31.07
1922-1929      106                10.12            2.42           12.54
1922-1929      107                 2.67            0.47            3.15
1922-1929      108                 0.00            0.00            0.00
1922-1929      109                 0.00            0.00            0.00
1922-1929      110+                0.00            0.00            0.00
1930-1939        0           3420223.03      3555307.28      6975530.31
1930-1939        1           3353039.90      3458728.40      6811768.29
1930-1939        2           3343129.93      3439911.93      6783041.86
1930-1939        3           3362906.72      3453002.03      6815908.75
1930-1939        4           3398558.39      3482327.09      6880885.48
1930-1939        5           3444618.55      3522577.94      6967196.49
1930-1939        6           3500003.24      3572126.46      7072129.69
1930-1939        7           3564155.31      3631951.46      7196106.76
1930-1939        8           3642000.53      3707673.78      7349674.31
1930-1939        9           3738964.95      3806174.20      7545139.15
1930-1939       10           3819005.96      3887935.97      7706941.93
1930-1939       11           3827664.61      3894998.49      7722663.10
1930-1939       12           3787668.24      3850776.74      7638444.98
1930-1939       13           3776162.24      3834897.73      7611059.97
1930-1939       14           3799088.70      3851730.68      7650819.38
1930-1939       15           3825605.88      3865576.21      7691182.08
1930-1939       16           3851814.21      3872532.36      7724346.56
1930-1939       17           3863439.58      3855637.18      7719076.76
1930-1939       18           3852090.78      3806989.52      7659080.30
1930-1939       19           3830620.45      3743308.93      7573929.38
1930-1939       20           3835105.65      3704586.96      7539692.62
1930-1939       21           3893061.36      3726235.24      7619296.61
1930-1939       22           3977477.89      3780488.81      7757966.70
1930-1939       23           4043163.82      3823590.09      7866753.91
1930-1939       24           4075393.84      3846163.96      7921557.80
1930-1939       25           4081493.66      3851807.13      7933300.79
1930-1939       26           4072707.81      3846584.92      7919292.74
1930-1939       27           4055260.16      3833336.91      7888597.07
1930-1939       28           4032072.79      3814281.24      7846354.03
1930-1939       29           4006822.37      3791210.98      7798033.35
1930-1939       30           3974421.99      3753882.72      7728304.71
1930-1939       31           3923604.26      3687053.46      7610657.71
1930-1939       32           3865207.39      3601534.66      7466742.06
1930-1939       33           3811183.86      3514748.89      7325932.75
1930-1939       34           3758615.85      3426300.74      7184916.58
1930-1939       35           3704478.15      3333318.29      7037796.44
1930-1939       36           3651113.08      3240543.53      6891656.61
1930-1939       37           3602320.05      3152975.20      6755295.25
1930-1939       38           3556367.79      3071759.94      6628127.73
1930-1939       39           3503664.32      2992393.06      6496057.38
1930-1939       40           3444469.57      2920341.35      6364810.92
1930-1939       41           3394082.92      2869042.55      6263125.47
1930-1939       42           3359703.84      2839088.26      6198792.09
1930-1939       43           3323276.35      2811787.58      6135063.93
1930-1939       44           3282754.93      2785894.58      6068649.51
1930-1939       45           3246832.76      2766015.20      6012847.96
1930-1939       46           3207999.09      2741591.47      5949590.55
1930-1939       47           3169393.39      2714371.49      5883764.87
1930-1939       48           3133788.38      2690939.13      5824727.51
1930-1939       49           3097299.26      2667466.55      5764765.81
1930-1939       50           3053074.98      2634367.13      5687442.11
1930-1939       51           2999198.36      2592090.24      5591288.60
1930-1939       52           2948495.38      2554271.23      5502766.61
1930-1939       53           2899711.18      2520792.17      5420503.35
1930-1939       54           2844547.48      2485010.89      5329558.37
1930-1939       55           2782598.89      2444797.42      5227396.31
1930-1939       56           2713198.56      2397803.21      5111001.77
1930-1939       57           2638593.42      2342014.11      4980607.54
1930-1939       58           2557059.00      2274700.08      4831759.08
1930-1939       59           2467772.81      2195220.81      4662993.62
1930-1939       60           2374911.64      2109666.75      4484578.39
1930-1939       61           2281323.86      2024337.96      4305661.82
1930-1939       62           2191810.38      1940400.04      4132210.41
1930-1939       63           2102568.53      1852447.91      3955016.44
1930-1939       64           2011584.52      1759626.04      3771210.56
1930-1939       65           1922866.96      1664535.19      3587402.15
1930-1939       66           1831065.35      1567068.77      3398134.13
1930-1939       67           1736873.51      1468503.19      3205376.70
1930-1939       68           1639523.68      1365679.00      3005202.68
1930-1939       69           1541798.13      1261618.72      2803416.85
1930-1939       70           1447097.09      1160275.80      2607372.89
1930-1939       71           1352343.37      1061241.92      2413585.29
1930-1939       72           1256365.41       964122.07      2220487.48
1930-1939       73           1158308.30       868957.23      2027265.53
1930-1939       74           1059056.87       776843.51      1835900.38
1930-1939       75            959950.26       687889.66      1647839.92
1930-1939       76            860384.46       601164.07      1461548.54
1930-1939       77            763837.21       518590.05      1282427.25
1930-1939       78            672535.80       442653.12      1115188.92
1930-1939       79            585692.93       373731.63       959424.55
1930-1939       80            517181.72       321523.98       838705.70
1930-1939       81            443936.82       266814.51       710751.33
1930-1939       82            376375.57       217944.43       594320.00
1930-1939       83            313525.28       174241.79       487767.07
1930-1939       84            257277.48       137025.96       394303.44
1930-1939       85            207772.99       105803.73       313576.72
1930-1939       86            165635.66        80464.19       246099.85
1930-1939       87            129454.33        59959.49       189413.81
1930-1939       88             99301.21        43930.95       143232.15
1930-1939       89             74949.12        31624.00       106573.11
1930-1939       90             55507.51        22232.01        77739.52
1930-1939       91             40585.70        15395.57        55981.27
1930-1939       92             29193.25        10537.09        39730.34
1930-1939       93             20418.16         7044.20        27462.37
1930-1939       94             13888.16         4509.77        18397.93
1930-1939       95              9154.91         2795.19        11950.09
1930-1939       96              5929.04         1700.87         7629.91
1930-1939       97              3784.08         1008.43         4792.51
1930-1939       98              2323.67          602.00         2925.68
1930-1939       99              1353.62          336.76         1690.38
1930-1939      100               762.29          173.88          936.17
1930-1939      101               415.72           97.04          512.76
1930-1939      102               218.87           53.58          272.45
1930-1939      103               118.35           27.32          145.67
1930-1939      104                62.61           12.91           75.52
1930-1939      105                32.25            4.84           37.10
1930-1939      106                16.87            1.72           18.58
1930-1939      107                10.68            0.47           11.15
1930-1939      108                 4.64            0.00            4.64
1930-1939      109                 0.49            0.00            0.49
1930-1939      110+                0.00            0.00            0.00
1940-1949        0           3918790.07      4128591.34      8047381.42
1940-1949        1           3780410.96      3970283.53      7750694.50
1940-1949        2           3653899.55      3823344.40      7477243.95
1940-1949        3           3504348.68      3648182.20      7152530.88
1940-1949        4           3423720.21      3551498.92      6975219.14
1940-1949        5           3355721.98      3473545.89      6829267.87
1940-1949        6           3301171.13      3413478.72      6714649.85
1940-1949        7           3264853.15      3375962.44      6640815.58
1940-1949        8           3263152.51      3378197.88      6641350.40
1940-1949        9           3281612.58      3403317.03      6684929.61
1940-1949       10           3291380.94      3415847.64      6707228.58
1940-1949       11           3297674.97      3412703.02      6710377.99
1940-1949       12           3306577.19      3394817.43      6701394.63
1940-1949       13           3330096.61      3374540.27      6704636.88
1940-1949       14           3364780.85      3349543.80      6714324.65
1940-1949       15           3409348.89      3324845.23      6734194.12
1940-1949       16           3465041.10      3310832.30      6775873.40
1940-1949       17           3520055.14      3140532.98      6660588.12
1940-1949       18           3561519.47      2738579.09      6300098.56
1940-1949       19           3586925.28      2380846.99      5967772.28
1940-1949       20           3588284.74      2158391.53      5746676.27
1940-1949       21           3558871.12      1988871.02      5547742.14
1940-1949       22           3524417.97      1897919.93      5422337.90
1940-1949       23           3522706.92      1910068.64      5432775.55
1940-1949       24           3565267.68      2028866.52      5594134.20
1940-1949       25           3636333.07      2224590.60      5860923.67
1940-1949       26           3706108.51      2424409.43      6130517.94
1940-1949       27           3753129.80      2572055.71      6325185.50
1940-1949       28           3768046.50      2656698.51      6424745.01
1940-1949       29           3757438.75      2692768.72      6450207.48
1940-1949       30           3757921.33      2724803.66      6482724.98
1940-1949       31           3804068.69      2800280.49      6604349.18
1940-1949       32           3879356.68      2911571.45      6790928.13
1940-1949       33           3942653.71      3020739.45      6963393.16
1940-1949       34           3974865.30      3111716.78      7086582.08
1940-1949       35           3979022.16      3186269.13      7165291.30
1940-1949       36           3965662.08      3247827.52      7213489.61
1940-1949       37           3942882.35      3297366.84      7240249.19
1940-1949       38           3915205.25      3335801.97      7251007.23
1940-1949       39           3882051.79      3361076.38      7243128.16
1940-1949       40           3837961.50      3363271.12      7201232.61
1940-1949       41           3782447.80      3336837.95      7119285.75
1940-1949       42           3723249.52      3289967.05      7013216.57
1940-1949       43           3667799.01      3232459.43      6900258.44
1940-1949       44           3616187.62      3166575.93      6782763.55
1940-1949       45           3566280.74      3094977.88      6661258.62
1940-1949       46           3517366.28      3022460.40      6539826.68
1940-1949       47           3468483.08      2952092.68      6420575.77
1940-1949       48           3416393.12      2884276.17      6300669.29
1940-1949       49           3355380.10      2816665.32      6172045.42
1940-1949       50           3290389.00      2754749.09      6045138.09
1940-1949       51           3232554.25      2706394.72      5938948.98
1940-1949       52           3179809.11      2664889.58      5844698.68
1940-1949       53           3125544.89      2620633.89      5746178.78
1940-1949       54           3069286.51      2572127.85      5641414.36
1940-1949       55           3012972.52      2520690.42      5533662.94
1940-1949       56           2957302.43      2466695.77      5423998.19
1940-1949       57           2901830.38      2411754.20      5313584.58
1940-1949       58           2846585.23      2358320.88      5204906.12
1940-1949       59           2790248.04      2305059.54      5095307.57
1940-1949       60           2730171.99      2248285.18      4978457.17
1940-1949       61           2664158.53      2186052.51      4850211.04
1940-1949       62           2592871.00      2120067.82      4712938.81
1940-1949       63           2517943.61      2052161.23      4570104.84
1940-1949       64           2437069.00      1979946.78      4417015.79
1940-1949       65           2349947.27      1903696.29      4253643.56
1940-1949       66           2259760.28      1826531.69      4086291.97
1940-1949       67           2164653.33      1745395.76      3910049.09
1940-1949       68           2062737.76      1656167.02      3718904.78
1940-1949       69           1956050.71      1560382.29      3516433.00
1940-1949       70           1847282.50      1463162.97      3310445.46
1940-1949       71           1737312.35      1365767.76      3103080.11
1940-1949       72           1623892.43      1263600.63      2887493.05
1940-1949       73           1506712.68      1155060.07      2661772.75
1940-1949       74           1387847.29      1042281.98      2430129.28
1940-1949       75           1268438.55       928801.15      2197239.70
1940-1949       76           1149018.64       818498.51      1967517.15
1940-1949       77           1030446.44       712732.67      1743179.11
1940-1949       78            914290.88       612027.55      1526318.42
1940-1949       79            803090.99       518601.20      1321692.19
1940-1949       80            714363.55       445315.53      1159679.08
1940-1949       81            618086.83       372376.36       990463.19
1940-1949       82            526974.61       306435.63       833410.24
1940-1949       83            442576.01       247310.79       689886.80
1940-1949       84            365784.36       195694.46       561478.82
1940-1949       85            296861.79       151693.31       448555.10
1940-1949       86            236623.02       115242.04       351865.06
1940-1949       87            185255.79        85434.54       270690.33
1940-1949       88            143010.40        62307.14       205317.55
1940-1949       89            108311.99        44525.06       152837.05
1940-1949       90             79893.60        30907.60       110801.19
1940-1949       91             58036.30        21190.32        79226.61
1940-1949       92             41392.61        14232.87        55625.47
1940-1949       93             28656.93         9316.23        37973.16
1940-1949       94             19320.30         5934.40        25254.70
1940-1949       95             12650.43         3629.99        16280.41
1940-1949       96              8058.62         2157.13        10215.74
1940-1949       97              4962.63         1239.70         6202.33
1940-1949       98              2932.21          685.78         3617.99
1940-1949       99              1667.16          362.87         2030.02
1940-1949      100               923.05          190.43         1113.48
1940-1949      101               509.48          101.38          610.86
1940-1949      102               273.27           47.23          320.49
1940-1949      103               129.68           23.26          152.94
1940-1949      104                54.49           14.82           69.31
1940-1949      105                25.42            9.14           34.56
1940-1949      106                13.28            5.94           19.22
1940-1949      107                 6.88            3.95           10.83
1940-1949      108                 2.41            1.95            4.36
1940-1949      109                 0.00            0.47            0.47
1940-1949      110+                0.00            0.00            0.00
1950-1959        0           3920183.49      4132002.96      8052186.44
1950-1959        1           3877293.51      4077743.38      7955036.89
1950-1959        2           3891988.45      4090877.27      7982865.73
1950-1959        3           3948756.71      4146696.23      8095452.94
1950-1959        4           3963906.16      4157824.75      8121730.92
1950-1959        5           3985968.89      4178596.89      8164565.78
1950-1959        6           3964197.38      4154987.05      8119184.44
1950-1959        7           3951059.44      4140092.68      8091152.12
1950-1959        8           3913771.50      4097962.14      8011733.64
1950-1959        9           3858485.40      4035039.56      7893524.96
1950-1959       10           3794151.01      3961487.05      7755638.06
1950-1959       11           3720074.64      3874744.19      7594818.83
1950-1959       12           3631183.15      3768040.72      7399223.87
1950-1959       13           3497575.92      3609116.14      7106692.06
1950-1959       14           3429076.01      3514496.35      6943572.36
1950-1959       15           3372475.80      3428949.24      6801425.04
1950-1959       16           3320949.65      3350750.86      6671700.51
1950-1959       17           3280046.40      3289537.98      6569584.39
1950-1959       18           3269290.92      3221405.47      6490696.39
1950-1959       19           3286743.06      3182805.17      6469548.22
1950-1959       20           3300805.67      3185582.49      6486388.16
1950-1959       21           3317545.69      3210242.24      6527787.93
1950-1959       22           3331202.26      3228627.28      6559829.54
1950-1959       23           3352675.96      3266305.24      6618981.20
1950-1959       24           3380867.12      3304673.81      6685540.93
1950-1959       25           3420424.73      3353894.17      6774318.90
1950-1959       26           3469958.90      3410402.88      6880361.78
1950-1959       27           3525045.16      3471234.46      6996279.61
1950-1959       28           3588443.29      3539455.49      7127898.78
1950-1959       29           3654210.80      3604971.80      7259182.60
1950-1959       30           3706633.00      3653678.68      7360311.68
1950-1959       31           3722917.73      3661560.23      7384477.96
1950-1959       32           3698198.79      3627918.12      7326116.91
1950-1959       33           3658608.15      3579000.89      7237609.04
1950-1959       34           3648487.56      3560523.40      7209010.95
1950-1959       35           3667575.35      3569615.91      7237191.26
1950-1959       36           3687915.10      3579391.73      7267306.83
1950-1959       37           3706453.49      3590154.44      7296607.93
1950-1959       38           3697776.66      3576641.06      7274417.71
1950-1959       39           3671730.83      3546795.56      7218526.39
1950-1959       40           3660707.85      3535261.11      7195968.96
1950-1959       41           3705017.17      3576411.82      7281428.99
1950-1959       42           3770470.71      3638199.75      7408670.45
1950-1959       43           3825656.55      3686885.06      7512541.61
1950-1959       44           3841417.81      3696415.10      7537832.90
1950-1959       45           3827748.56      3679332.19      7507080.75
1950-1959       46           3801646.24      3650108.01      7451754.25
1950-1959       47           3769597.34      3612175.56      7381772.90
1950-1959       48           3736825.57      3571669.02      7308494.58
1950-1959       49           3703737.28      3528538.47      7232275.75
1950-1959       50           3663321.28      3471634.26      7134955.54
1950-1959       51           3621544.41      3396222.98      7017767.39
1950-1959       52           3554535.10      3291749.06      6846284.16
1950-1959       53           3488537.97      3180079.12      6668617.09
1950-1959       54           3421760.78      3066156.05      6487916.83
1950-1959       55           3349248.17      2948923.75      6298171.92
1950-1959       56           3268997.20      2825155.07      6094152.26
1950-1959       57           3193751.18      2705931.81      5899682.99
1950-1959       58           3122978.50      2592575.55      5715554.05
1950-1959       59           3052189.96      2482490.89      5534680.85
1950-1959       60           2976309.19      2376081.22      5352390.41
1950-1959       61           2906673.43      2283428.26      5190101.69
1950-1959       62           2832780.50      2196575.17      5029355.67
1950-1959       63           2760865.76      2112941.88      4873807.64
1950-1959       64           2685023.99      2029924.22      4714948.21
1950-1959       65           2607721.67      1948977.84      4556699.51
1950-1959       66           2531184.27      1867524.86      4398709.13
1950-1959       67           2450390.75      1784403.83      4234794.58
1950-1959       68           2366769.44      1703005.86      4069775.30
1950-1959       69           2279502.92      1620378.16      3899881.08
1950-1959       70           2182536.84      1531690.26      3714227.10
1950-1959       71           2082502.67      1439890.15      3522392.83
1950-1959       72           1975623.97      1347840.32      3323464.29
1950-1959       73           1865592.48      1256243.29      3121835.77
1950-1959       74           1745528.85      1162289.38      2907818.22
1950-1959       75           1621828.79      1068042.81      2689871.60
1950-1959       76           1497047.79       972479.68      2469527.47
1950-1959       77           1371457.74       877545.70      2249003.44
1950-1959       78           1239588.86       780484.03      2020072.88
1950-1959       79           1101975.58       680388.56      1782364.13
1950-1959       80            990726.94       598331.30      1589058.24
1950-1959       81            865501.58       509954.84      1375456.42
1950-1959       82            747090.05       427111.82      1174201.87
1950-1959       83            633542.34       349717.56       983259.90
1950-1959       84            527888.16       280045.62       807933.78
1950-1959       85            432740.89       219554.35       652295.24
1950-1959       86            349618.57       168909.58       518528.15
1950-1959       87            277801.00       126995.25       404796.25
1950-1959       88            217335.72        93559.51       310895.23
1950-1959       89            166780.47        67483.50       234263.97
1950-1959       90            125250.32        47510.94       172761.25
1950-1959       91             92508.91        32756.01       125264.92
1950-1959       92             66770.53        21972.31        88742.85
1950-1959       93             46971.96        14346.27        61318.23
1950-1959       94             32218.82         9132.25        41351.06
1950-1959       95             21438.58         5578.67        27017.25
1950-1959       96             13820.70         3288.08        17108.78
1950-1959       97              8566.68         1901.19        10467.87
1950-1959       98              5149.64         1067.21         6216.84
1950-1959       99              3018.42          557.97         3576.39
1950-1959      100              1702.06          274.33         1976.39
1950-1959      101               929.18          140.59         1069.77
1950-1959      102               481.10           68.95          550.05
1950-1959      103               231.46           31.49          262.95
1950-1959      104               110.97           14.84          125.81
1950-1959      105                54.34            5.54           59.88
1950-1959      106                24.68            1.42           26.10
1950-1959      107                11.20            0.23           11.43
1950-1959      108                 3.69            0.00            3.69
1950-1959      109                 0.95            0.00            0.95
1950-1959      110+                0.00            0.00            0.00
1960-1969        0           4599947.11      4822554.51      9422501.62
1960-1969        1           4551148.71      4764586.63      9315735.34
1960-1969        2           4496182.90      4711522.69      9207705.59
1960-1969        3           4419247.18      4637165.72      9056412.90
1960-1969        4           4326656.46      4547135.68      8873792.14
1960-1969        5           4212671.16      4433787.32      8646458.48
1960-1969        6           4110298.47      4331354.50      8441652.97
1960-1969        7           4013478.28      4236822.14      8250300.42
1960-1969        8           3924173.49      4150858.39      8075031.88
1960-1969        9           3858735.74      4086540.65      7945276.39
1960-1969       10           3827863.92      4055291.04      7883154.96
1960-1969       11           3820033.90      4044297.89      7864331.79
1960-1969       12           3848512.31      4066496.63      7915008.94
1960-1969       13           3930490.65      4141413.49      8071904.14
1960-1969       14           3956552.00      4158197.28      8114749.28
1960-1969       15           3980929.28      4174221.69      8155150.96
1960-1969       16           3959711.87      4151762.21      8111474.07
1960-1969       17           3951918.55      4123830.73      8075749.28
1960-1969       18           3938351.64      4036814.52      7975166.16
1960-1969       19           3887148.70      3932549.47      7819698.16
1960-1969       20           3826577.41      3839866.23      7666443.63
1960-1969       21           3757195.82      3757699.61      7514895.43
1960-1969       22           3665467.51      3658793.75      7324261.26
1960-1969       23           3535585.33      3538672.37      7074257.70
1960-1969       24           3469960.54      3497189.59      6967150.13
1960-1969       25           3405453.84      3457861.34      6863315.18
1960-1969       26           3339178.86      3403576.35      6742755.21
1960-1969       27           3284378.42      3355556.39      6639934.81
1960-1969       28           3267815.04      3340051.58      6607866.63
1960-1969       29           3278802.61      3351843.70      6630646.30
1960-1969       30           3276571.22      3362675.52      6639246.74
1960-1969       31           3276199.08      3357028.34      6633227.42
1960-1969       32           3276828.14      3348240.72      6625068.86
1960-1969       33           3291051.88      3351244.57      6642296.45
1960-1969       34           3317532.93      3375855.10      6693388.03
1960-1969       35           3354889.39      3390147.31      6745036.71
1960-1969       36           3401565.02      3422770.17      6824335.19
1960-1969       37           3452955.72      3459446.69      6912402.41
1960-1969       38           3513938.93      3504357.50      7018296.43
1960-1969       39           3584108.88      3561417.99      7145526.87
1960-1969       40           3642280.57      3611703.34      7253983.91
1960-1969       41           3648251.76      3602783.70      7251035.47
1960-1969       42           3613063.49      3551287.35      7164350.84
1960-1969       43           3581625.25      3500979.01      7082604.27
1960-1969       44           3570968.60      3471984.13      7042952.73
1960-1969       45           3584472.30      3474234.53      7058706.83
1960-1969       46           3591948.00      3472737.28      7064685.28
1960-1969       47           3600762.97      3463898.06      7064661.03
1960-1969       48           3584499.95      3434782.23      7019282.17
1960-1969       49           3553315.90      3382931.85      6936247.75
1960-1969       50           3516889.81      3350057.12      6866946.93
1960-1969       51           3551320.22      3375935.04      6927255.26
1960-1969       52           3615261.54      3428467.83      7043729.37
1960-1969       53           3651924.71      3451957.40      7103882.11
1960-1969       54           3658317.27      3440971.13      7099288.40
1960-1969       55           3636308.70      3404314.51      7040623.21
1960-1969       56           3602785.81      3350969.83      6953755.64
1960-1969       57           3566167.77      3290873.49      6857041.26
1960-1969       58           3521980.03      3222597.13      6744577.16
1960-1969       59           3466702.05      3139025.53      6605727.57
1960-1969       60           3399901.61      3033843.93      6433745.54
1960-1969       61           3324912.31      2903870.65      6228782.96
1960-1969       62           3248154.39      2761741.38      6009895.76
1960-1969       63           3165891.90      2613427.61      5779319.50
1960-1969       64           3075469.77      2464570.97      5540040.75
1960-1969       65           2974340.07      2312463.83      5286803.90
1960-1969       66           2872952.19      2163644.83      5036597.02
1960-1969       67           2774600.68      2020291.46      4794892.14
1960-1969       68           2672435.96      1880455.21      4552891.17
1960-1969       69           2558971.65      1746444.46      4305416.11
1960-1969       70           2441847.35      1619587.85      4061435.21
1960-1969       71           2328487.64      1503830.45      3832318.09
1960-1969       72           2219910.69      1397701.12      3617611.81
1960-1969       73           2107323.34      1293221.09      3400544.43
1960-1969       74           1989480.94      1190867.84      3180348.77
1960-1969       75           1866132.72      1088800.89      2954933.61
1960-1969       76           1740886.63       990786.55      2731673.17
1960-1969       77           1620437.45       896388.26      2516825.71
1960-1969       78           1495497.25       805652.77      2301150.02
1960-1969       79           1368535.43       713706.51      2082241.94
1960-1969       80           1240168.07       629965.64      1870133.71
1960-1969       81           1109069.05       549196.14      1658265.19
1960-1969       82            980752.94       473055.74      1453808.68
1960-1969       83            855524.00       401674.57      1257198.57
1960-1969       84            734474.81       335302.49      1069777.29
1960-1969       85            619719.75       274500.71       894220.46
1960-1969       86            513460.03       220521.59       733981.62
1960-1969       87            417033.46       172705.25       589738.71
1960-1969       88            332593.55       132182.79       464776.34
1960-1969       89            259752.39        98688.04       358440.44
1960-1969       90            198047.30        71718.73       269766.03
1960-1969       91            148382.38        51113.92       199496.29
1960-1969       92            108667.22        35336.28       144003.50
1960-1969       93             77061.44        23558.78       100620.21
1960-1969       94             53255.65        15231.27        68486.92
1960-1969       95             35907.91         9501.99        45409.90
1960-1969       96             23530.35         5746.51        29276.86
1960-1969       97             15015.52         3336.40        18351.92
1960-1969       98              9349.08         1887.84        11236.93
1960-1969       99              5640.22         1040.41         6680.63
1960-1969      100              3304.11          547.86         3851.96
1960-1969      101              1869.34          271.42         2140.77
1960-1969      102              1047.28          127.57         1174.84
1960-1969      103               562.67           60.58          623.25
1960-1969      104               282.39           28.69          311.08
1960-1969      105               129.95           13.98          143.93
1960-1969      106                51.28            6.78           58.07
1960-1969      107                22.46            3.24           25.70
1960-1969      108                 9.49            2.47           11.96
1960-1969      109                 3.43            2.00            5.43
1960-1969      110+                1.43            1.93            3.36
1970-1979        0           3681263.87      3887460.44      7568724.31
1970-1979        1           3759857.93      3960750.86      7720608.80
1970-1979        2           3877692.20      4082191.77      7959883.97
1970-1979        3           4012332.08      4226453.99      8238786.07
1970-1979        4           4140524.87      4361144.55      8501669.43
1970-1979        5           4249237.75      4476495.26      8725733.00
1970-1979        6           4348159.27      4579591.25      8927750.51
1970-1979        7           4421138.34      4655592.99      9076731.33
1970-1979        8           4459371.22      4697893.85      9157265.07
1970-1979        9           4462871.96      4703893.72      9166765.68
1970-1979       10           4456480.60      4702193.02      9158673.62
1970-1979       11           4437938.19      4685003.66      9122941.85
1970-1979       12           4402308.04      4648769.18      9051077.22
1970-1979       13           4339625.85      4588064.27      8927690.12
1970-1979       14           4266663.51      4514510.41      8781173.92
1970-1979       15           4191295.50      4425831.28      8617126.78
1970-1979       16           4113686.52      4322189.49      8435876.01
1970-1979       17           4040690.85      4215125.13      8255815.98
1970-1979       18           3972598.95      4127945.48      8100544.43
1970-1979       19           3930544.29      4073916.07      8004460.36
1970-1979       20           3913132.91      4050897.40      7964030.31
1970-1979       21           3912628.42      4043107.25      7955735.67
1970-1979       22           3945780.85      4063300.59      8009081.44
1970-1979       23           4022605.99      4121984.68      8144590.67
1970-1979       24           4028491.88      4112422.26      8140914.14
1970-1979       25           4018719.77      4098883.55      8117603.32
1970-1979       26           3997613.55      4075613.81      8073227.36
1970-1979       27           3964986.86      4048237.09      8013223.94
1970-1979       28           3909453.08      3993280.08      7902733.16
1970-1979       29           3831729.75      3915602.01      7747331.77
1970-1979       30           3752840.11      3841392.00      7594232.11
1970-1979       31           3667182.10      3756281.55      7423463.66
1970-1979       32           3559299.70      3649056.02      7208355.72
1970-1979       33           3419832.32      3506854.35      6926686.67
1970-1979       34           3349294.66      3433938.49      6783233.15
1970-1979       35           3285073.27      3367438.83      6652512.10
1970-1979       36           3228886.49      3306322.04      6535208.53
1970-1979       37           3182153.40      3253363.84      6435517.24
1970-1979       38           3171662.20      3237372.51      6409034.71
1970-1979       39           3187349.64      3246974.77      6434324.41
1970-1979       40           3195750.51      3246328.26      6442078.77
1970-1979       41           3200798.62      3241084.29      6441882.91
1970-1979       42           3204241.87      3232724.27      6436966.15
1970-1979       43           3219777.02      3236471.57      6456248.58
1970-1979       44           3242754.21      3249039.62      6491793.83
1970-1979       45           3275791.63      3267468.68      6543260.31
1970-1979       46           3316404.92      3291412.21      6607817.13
1970-1979       47           3365852.12      3321961.30      6687813.42
1970-1979       48           3420075.98      3355373.13      6775449.11
1970-1979       49           3483319.39      3402817.78      6886137.18
1970-1979       50           3528186.20      3430159.48      6958345.68
1970-1979       51           3504522.73      3387998.87      6892521.60
1970-1979       52           3456710.66      3323174.20      6779884.85
1970-1979       53           3419983.83      3264712.47      6684696.30
1970-1979       54           3401654.24      3223805.11      6625459.35
1970-1979       55           3403711.64      3199801.65      6603513.29
1970-1979       56           3401242.75      3171279.96      6572522.71
1970-1979       57           3389990.33      3134921.61      6524911.93
1970-1979       58           3357426.71      3077629.73      6435056.44
1970-1979       59           3305459.16      3001883.59      6307342.75
1970-1979       60           3266347.34      2937494.93      6203842.27
1970-1979       61           3285926.31      2923920.09      6209846.40
1970-1979       62           3323408.56      2923648.32      6247056.87
1970-1979       63           3334318.46      2894553.23      6228871.69
1970-1979       64           3311215.24      2830799.69      6142014.92
1970-1979       65           3261332.67      2739429.45      6000762.12
1970-1979       66           3196411.25      2630707.35      5827118.60
1970-1979       67           3121878.03      2511826.12      5633704.15
1970-1979       68           3040471.21      2383717.75      5424188.95
1970-1979       69           2954463.06      2246493.39      5200956.45
1970-1979       70           2854323.74      2095380.97      4949704.71
1970-1979       71           2743038.01      1935229.90      4678267.91
1970-1979       72           2612779.27      1765177.30      4377956.56
1970-1979       73           2481728.80      1599969.90      4081698.70
1970-1979       74           2343531.77      1439559.51      3783091.28
1970-1979       75           2200940.87      1288183.43      3489124.30
1970-1979       76           2049496.88      1143191.64      3192688.52
1970-1979       77           1899110.46      1009636.32      2908746.79
1970-1979       78           1749037.07       885389.69      2634426.76
1970-1979       79           1599941.39       772683.63      2372625.01
1970-1979       80           1458556.04       669332.86      2127888.90
1970-1979       81           1317141.85       579623.18      1896765.02
1970-1979       82           1177902.70       498065.45      1675968.15
1970-1979       83           1040055.59       422646.96      1462702.54
1970-1979       84            906576.07       354130.37      1260706.44
1970-1979       85            780111.48       292632.01      1072743.49
1970-1979       86            661533.41       238209.16       899742.57
1970-1979       87            552072.34       190562.52       742634.86
1970-1979       88            454155.54       150058.15       604213.69
1970-1979       89            367369.42       116153.93       483523.35
1970-1979       90            290660.47        87884.09       378544.56
1970-1979       91            224756.12        64956.72       289712.84
1970-1979       92            170037.10        46800.76       216837.86
1970-1979       93            125432.18        32860.15       158292.33
1970-1979       94             90079.45        22502.77       112582.22
1970-1979       95             62771.35        14845.26        77616.61
1970-1979       96             42486.11         9457.17        51943.28
1970-1979       97             27903.70         5814.08        33717.78
1970-1979       98             17807.95         3439.58        21247.53
1970-1979       99             11047.76         1968.84        13016.61
1970-1979      100              6634.23         1082.28         7716.52
1970-1979      101              3838.19          562.72         4400.91
1970-1979      102              2148.56          283.59         2432.15
1970-1979      103              1178.33          144.04         1322.37
1970-1979      104               602.12           61.63          663.75
1970-1979      105               289.68           22.15          311.83
1970-1979      106               138.76            8.24          147.00
1970-1979      107                65.26            3.39           68.65
1970-1979      108                27.17            2.00           29.17
1970-1979      109                 8.90            1.47           10.37
1970-1979      110+                4.91            5.47           10.37
1980-1989        0           3611046.60      3791218.28      7402264.88
1980-1989        1           3566383.05      3742567.08      7308950.13
1980-1989        2           3506980.18      3682699.25      7189679.43
1980-1989        3           3454734.00      3629997.55      7084731.55
1980-1989        4           3417272.73      3592224.25      7009496.98
1980-1989        5           3395276.85      3571250.31      6966527.17
1980-1989        6           3399163.96      3577862.59      6977026.55
1980-1989        7           3426693.21      3608787.47      7035480.68
1980-1989        8           3476494.58      3663644.09      7140138.66
1980-1989        9           3545114.88      3738093.22      7283208.10
1980-1989       10           3612736.06      3808785.52      7421521.58
1980-1989       11           3707868.56      3906345.66      7614214.22
1980-1989       12           3827429.02      4029801.87      7857230.89
1980-1989       13           3964826.06      4171789.94      8136616.01
1980-1989       14           4096011.39      4307770.50      8403781.89
1980-1989       15           4224163.28      4441197.82      8665361.09
1980-1989       16           4338938.56      4566436.34      8905374.90
1980-1989       17           4437260.80      4648870.04      9086130.84
1980-1989       18           4499865.52      4680641.63      9180507.16
1980-1989       19           4541143.35      4697202.74      9238346.09
1980-1989       20           4561797.18      4688033.09      9249830.27
1980-1989       21           4551470.32      4662233.32      9213703.64
1980-1989       22           4517532.78      4611252.15      9128784.93
1980-1989       23           4453179.18      4529557.65      8982736.83
1980-1989       24           4370172.78      4433280.37      8803453.15
1980-1989       25           4269504.79      4320877.18      8590381.97
1980-1989       26           4173293.84      4215955.12      8389248.96
1980-1989       27           4077309.51      4122280.69      8199590.20
1980-1989       28           3986538.53      4032192.11      8018730.64
1980-1989       29           3915747.67      3960592.25      7876339.92
1980-1989       30           3877638.29      3919660.70      7797298.99
1980-1989       31           3862816.31      3901520.86      7764337.17
1980-1989       32           3883962.49      3922563.48      7806525.97
1980-1989       33           3946146.77      3984638.32      7930785.09
1980-1989       34           3948179.26      3977865.91      7926045.17
1980-1989       35           3946008.07      3965682.53      7911690.60
1980-1989       36           3932661.84      3947488.47      7880150.31
1980-1989       37           3907500.64      3920865.28      7828365.92
1980-1989       38           3854839.84      3871891.31      7726731.15
1980-1989       39           3777731.45      3798136.25      7575867.70
1980-1989       40           3699229.20      3727792.83      7427022.04
1980-1989       41           3611051.65      3643497.84      7254549.49
1980-1989       42           3501888.57      3535616.75      7037505.32
1980-1989       43           3359797.53      3393451.41      6753248.93
1980-1989       44           3288106.31      3319445.90      6607552.21
1980-1989       45           3224469.53      3253713.58      6478183.11
1980-1989       46           3164809.37      3187830.08      6352639.44
1980-1989       47           3117070.33      3132095.10      6249165.43
1980-1989       48           3103587.07      3110702.34      6214289.41
1980-1989       49           3115361.16      3113485.75      6228846.91
1980-1989       50           3117825.54      3106066.66      6223892.20
1980-1989       51           3114112.23      3089957.97      6204070.21
1980-1989       52           3107798.48      3071880.04      6179678.52
1980-1989       53           3110355.17      3060138.64      6170493.81
1980-1989       54           3120432.70      3054743.43      6175176.12
1980-1989       55           3138445.59      3052181.94      6190627.53
1980-1989       56           3161982.58      3051298.02      6213280.60
1980-1989       57           3190218.12      3051327.96      6241546.08
1980-1989       58           3225684.52      3053193.43      6278877.95
1980-1989       59           3270336.91      3060592.17      6330929.08
1980-1989       60           3291925.17      3046815.95      6338741.12
1980-1989       61           3255435.25      2976650.78      6232086.03
1980-1989       62           3188371.32      2874735.01      6063106.33
1980-1989       63           3131376.23      2780869.00      5912245.23
1980-1989       64           3091048.90      2699746.00      5790794.90
1980-1989       65           3062548.21      2626903.42      5689451.64
1980-1989       66           3035566.96      2557657.99      5593224.95
1980-1989       67           2993929.47      2476475.76      5470405.23
1980-1989       68           2928867.35      2372704.54      5301571.88
1980-1989       69           2842116.07      2250032.00      5092148.07
1980-1989       70           2766233.70      2136780.88      4903014.58
1980-1989       71           2736482.19      2060282.09      4796764.28
1980-1989       72           2719170.11      1990574.96      4709745.07
1980-1989       73           2672727.80      1895846.38      4568574.17
1980-1989       74           2593885.54      1776231.52      4370117.06
1980-1989       75           2490156.86      1639255.95      4129412.81
1980-1989       76           2369496.80      1496671.47      3866168.26
1980-1989       77           2240675.94      1351495.37      3592171.31
1980-1989       78           2105646.53      1207590.93      3313237.46
1980-1989       79           1963512.64      1066538.24      3030050.88
1980-1989       80           1805625.13       921167.29      2726792.42
1980-1989       81           1643105.74       786831.89      2429937.63
1980-1989       82           1478733.53       662624.96      2141358.49
1980-1989       83           1317119.48       551052.56      1868172.04
1980-1989       84           1159375.48       452419.65      1611795.12
1980-1989       85           1006466.28       365945.12      1372411.41
1980-1989       86            861014.99       291624.15      1152639.14
1980-1989       87            725941.58       229480.93       955422.51
1980-1989       88            603122.83       178195.71       781318.54
1980-1989       89            491872.82       136182.76       628055.57
1980-1989       90            392960.00       102562.72       495522.72
1980-1989       91            309255.21        76446.20       385701.41
1980-1989       92            238356.24        55848.11       294204.34
1980-1989       93            179179.04        39783.68       218962.72
1980-1989       94            131508.13        27586.05       159094.18
1980-1989       95             94175.25        18582.02       112757.27
1980-1989       96             65880.10        12227.66        78107.76
1980-1989       97             44875.87         7839.54        52715.41
1980-1989       98             29869.90         4908.17        34778.06
1980-1989       99             19449.08         2988.38        22437.46
1980-1989      100             12170.20         1743.68        13913.88
1980-1989      101              7278.81          968.02         8246.83
1980-1989      102              4194.60          524.94         4719.54
1980-1989      103              2366.26          278.91         2645.17
1980-1989      104              1301.01          144.68         1445.69
1980-1989      105               663.82           74.42          738.24
1980-1989      106               325.59           34.56          360.15
1980-1989      107               158.81           15.83          174.63
1980-1989      108                61.34            6.90           68.24
1980-1989      109                17.77            1.37           19.15
1980-1989      110+                9.93            0.00            9.93
1990-1999        0           3638825.48      3821269.43      7460094.91
1990-1999        1           3664215.70      3842685.56      7506901.25
1990-1999        2           3693825.79      3871439.12      7565264.91
1990-1999        3           3710921.52      3888149.78      7599071.31
1990-1999        4           3726555.44      3902340.99      7628896.43
1990-1999        5           3731766.09      3910091.47      7641857.56
1990-1999        6           3722247.42      3897169.83      7619417.25
1990-1999        7           3706155.75      3880474.42      7586630.17
1990-1999        8           3679866.71      3853810.28      7533676.99
1990-1999        9           3655106.70      3825976.66      7481083.36
1990-1999       10           3632660.19      3803749.53      7436409.72
1990-1999       11           3606438.35      3776328.75      7382767.10
1990-1999       12           3551175.47      3718653.92      7269829.40
1990-1999       13           3499587.51      3663507.53      7163095.03
1990-1999       14           3462179.49      3623857.64      7086037.13
1990-1999       15           3443043.95      3600092.42      7043136.37
1990-1999       16           3448097.96      3604030.29      7052128.25
1990-1999       17           3478221.31      3628784.47      7107005.77
1990-1999       18           3514513.67      3633241.89      7147755.55
1990-1999       19           3626677.04      3660998.95      7287675.99
1990-1999       20           3698233.02      3793939.19      7492172.21
1990-1999       21           3807621.44      3884288.06      7691909.50
1990-1999       22           3944801.64      4001335.06      7946136.70
1990-1999       23           4093321.72      4127162.60      8220484.32
1990-1999       24           4230195.31      4241679.12      8471874.42
1990-1999       25           4362541.51      4356427.47      8718968.98
1990-1999       26           4475953.81      4453285.85      8929239.66
1990-1999       27           4557152.82      4520430.40      9077583.22
1990-1999       28           4602383.03      4557070.16      9159453.19
1990-1999       29           4611185.61      4564874.94      9176060.54
1990-1999       30           4603207.83      4556192.19      9159400.02
1990-1999       31           4573321.18      4522559.13      9095880.32
1990-1999       32           4527448.46      4468930.70      8996379.16
1990-1999       33           4457266.28      4396089.28      8853355.56
1990-1999       34           4372260.07      4310669.96      8682930.02
1990-1999       35           4269596.31      4212297.83      8481894.14
1990-1999       36           4178403.67      4122032.54      8300436.21
1990-1999       37           4088733.17      4036230.87      8124964.05
1990-1999       38           4005153.05      3955093.20      7960246.25
1990-1999       39           3943772.31      3896792.53      7840564.84
1990-1999       40           3906919.86      3863896.41      7770816.27
1990-1999       41           3890911.37      3850942.78      7741854.15
1990-1999       42           3906350.45      3868674.90      7775025.35
1990-1999       43           3959380.18      3924563.11      7883943.30
1990-1999       44           3948772.52      3916235.42      7865007.95
1990-1999       45           3927842.73      3897499.52      7825342.24
1990-1999       46           3901472.68      3872542.06      7774014.75
1990-1999       47           3866538.96      3840356.82      7706895.78
1990-1999       48           3808009.39      3782472.44      7590481.83
1990-1999       49           3724527.61      3698938.11      7423465.72
1990-1999       50           3639697.67      3613288.94      7252986.61
1990-1999       51           3545768.48      3517870.08      7063638.57
1990-1999       52           3431994.64      3402592.49      6834587.14
1990-1999       53           3287468.54      3255439.52      6542908.06
1990-1999       54           3208422.26      3172273.60      6380695.86
1990-1999       55           3135052.45      3093663.55      6228716.00
1990-1999       56           3067376.70      3016713.25      6084089.95
1990-1999       57           3008511.71      2948845.93      5957357.64
1990-1999       58           2981024.80      2911242.21      5892267.02
1990-1999       59           2976536.49      2891994.42      5868530.90
1990-1999       60           2964999.71      2857400.39      5822400.10
1990-1999       61           2945801.35      2812853.54      5758654.89
1990-1999       62           2920155.92      2759814.47      5679970.40
1990-1999       63           2902341.18      2711884.43      5614225.61
1990-1999       64           2890359.80      2667008.86      5557368.66
1990-1999       65           2880608.31      2621527.67      5502135.99
1990-1999       66           2874179.01      2572742.12      5446921.13
1990-1999       67           2868762.41      2520376.71      5389139.12
1990-1999       68           2866696.33      2467787.97      5334484.30
1990-1999       69           2868655.87      2416523.76      5285179.64
1990-1999       70           2847541.05      2343569.13      5191110.18
1990-1999       71           2772545.82      2225647.05      4998192.88
1990-1999       72           2671037.55      2085534.06      4756571.61
1990-1999       73           2578105.27      1954644.34      4532749.61
1990-1999       74           2496222.24      1832883.17      4329105.41
1990-1999       75           2420661.21      1716321.34      4136982.55
1990-1999       76           2339736.73      1600923.26      3940660.00
1990-1999       77           2242856.33      1477901.01      3720757.34
1990-1999       78           2127171.79      1346306.99      3473478.78
1990-1999       79           1993856.54      1208133.87      3201990.40
1990-1999       80           1851533.78      1059962.03      2911495.81
1990-1999       81           1762145.91       959871.10      2722017.00
1990-1999       82           1670602.95       863714.29      2534317.24
1990-1999       83           1555622.74       759998.39      2315621.14
1990-1999       84           1420728.94       652696.82      2073425.76
1990-1999       85           1274310.30       548610.77      1822921.07
1990-1999       86           1123862.57       452465.88      1576328.45
1990-1999       87            976391.21       365976.40      1342367.61
1990-1999       88            835115.68       290072.30      1125187.98
1990-1999       89            701577.27       225125.27       926702.54
1990-1999       90            576179.95       170146.05       746325.99
1990-1999       91            462048.55       125298.66       587347.20
1990-1999       92            361876.45        89855.85       451732.30
1990-1999       93            276772.02        62644.74       339416.76
1990-1999       94            206424.22        42631.13       249055.36
1990-1999       95            149764.90        28211.08       177975.99
1990-1999       96            105705.27        18192.06       123897.33
1990-1999       97             72404.30        11434.48        83838.78
1990-1999       98             48439.74         7033.50        55473.24
1990-1999       99             31559.21         4211.67        35770.88
1990-1999      100             19716.89         2415.07        22131.97
1990-1999      101             12002.88         1371.85        13374.73
1990-1999      102              7106.11          746.36         7852.46
1990-1999      103              4084.41          393.48         4477.89
1990-1999      104              2273.22          206.79         2480.01
1990-1999      105              1218.75          106.94         1325.69
1990-1999      106               625.47           54.34          679.81
1990-1999      107               308.96           26.44          335.41
1990-1999      108               150.96           11.33          162.29
1990-1999      109                69.01            3.00           72.01
1990-1999      110+               61.60            0.00           61.60
2000-2009        0           3500977.88      3676336.17      7177314.05
2000-2009        1           3460826.10      3632569.81      7093395.92
2000-2009        2           3432470.13      3602073.43      7034543.56
2000-2009        3           3424518.97      3593663.41      7018182.38
2000-2009        4           3423094.76      3593822.63      7016917.39
2000-2009        5           3436297.84      3609144.56      7045442.40
2000-2009        6           3468492.08      3642984.72      7111476.79
2000-2009        7           3514426.30      3689427.38      7203853.68
2000-2009        8           3579566.90      3756833.57      7336400.47
2000-2009        9           3642436.36      3821349.55      7463785.91
2000-2009       10           3689306.33      3873115.74      7562422.07
2000-2009       11           3725679.35      3911838.89      7637518.24
2000-2009       12           3754366.06      3942108.03      7696474.09
2000-2009       13           3766521.62      3951532.12      7718053.74
2000-2009       14           3776639.15      3955130.64      7731769.79
2000-2009       15           3788832.08      3963955.38      7752787.46
2000-2009       16           3784969.64      3954255.38      7739225.01
2000-2009       17           3780047.59      3941686.98      7721734.57
2000-2009       18           3769815.31      3916029.56      7685844.87
2000-2009       19           3800387.26      3901927.55      7702314.81
2000-2009       20           3824467.68      3891524.45      7715992.14
2000-2009       21           3850020.74      3878512.80      7728533.55
2000-2009       22           3865668.45      3860934.64      7726603.09
2000-2009       23           3874674.38      3856823.45      7731497.83
2000-2009       24           3891477.11      3864179.86      7755656.97
2000-2009       25           3890512.83      3861313.01      7751825.84
2000-2009       26           3910393.89      3879882.41      7790276.30
2000-2009       27           3946107.59      3921076.52      7867184.11
2000-2009       28           3996258.04      3977930.21      7974188.26
2000-2009       29           4054842.82      4039927.90      8094770.72
2000-2009       30           4100809.24      4072197.48      8173006.71
2000-2009       31           4168497.58      4127069.53      8295567.11
2000-2009       32           4264240.25      4209347.73      8473587.98
2000-2009       33           4373380.90      4307407.31      8680788.21
2000-2009       34           4472950.70      4397679.21      8870629.91
2000-2009       35           4558930.08      4481649.91      9040579.99
2000-2009       36           4629395.19      4549240.99      9178636.18
2000-2009       37           4674140.30      4591508.35      9265648.65
2000-2009       38           4692195.80      4607573.21      9299769.00
2000-2009       39           4677873.28      4594281.56      9272154.84
2000-2009       40           4649139.00      4563794.85      9212933.85
2000-2009       41           4603456.63      4517650.10      9121106.73
2000-2009       42           4545862.06      4459874.95      9005737.01
2000-2009       43           4468585.66      4383327.01      8851912.67
2000-2009       44           4379520.14      4298542.91      8678063.04
2000-2009       45           4274030.07      4198521.19      8472551.26
2000-2009       46           4173484.98      4102909.93      8276394.91
2000-2009       47           4075668.04      4009376.99      8085045.03
2000-2009       48           3983348.42      3919156.09      7902504.51
2000-2009       49           3911819.90      3847036.69      7758856.59
2000-2009       50           3864437.97      3799555.80      7663993.76
2000-2009       51           3836499.15      3770923.45      7607422.60
2000-2009       52           3838324.49      3771877.61      7610202.10
2000-2009       53           3875646.40      3807669.28      7683315.68
2000-2009       54           3851955.16      3783153.00      7635108.16
2000-2009       55           3828210.87      3754623.41      7582834.28
2000-2009       56           3790828.96      3712095.34      7502924.30
2000-2009       57           3744649.81      3660581.61      7405231.42
2000-2009       58           3677837.40      3587086.34      7264923.74
2000-2009       59           3586739.05      3489853.49      7076592.54
2000-2009       60           3495186.01      3388202.15      6883388.16
2000-2009       61           3391636.01      3275135.22      6666771.24
2000-2009       62           3268279.57      3142225.80      6410505.37
2000-2009       63           3113360.83      2977187.95      6090548.78
2000-2009       64           3021031.42      2870577.44      5891608.86
2000-2009       65           2935508.17      2768630.64      5704138.82
2000-2009       66           2851582.23      2664990.83      5516573.06
2000-2009       67           2774786.10      2567896.61      5342682.72
2000-2009       68           2726523.37      2494727.47      5221250.84
2000-2009       69           2696100.72      2434393.54      5130494.26
2000-2009       70           2655062.54      2360739.93      5015802.47
2000-2009       71           2602309.33      2273748.85      4876058.18
2000-2009       72           2541969.01      2177910.32      4719879.33
2000-2009       73           2483707.55      2083324.51      4567032.05
2000-2009       74           2426061.36      1987533.69      4413595.05
2000-2009       75           2367051.78      1888993.31      4256045.08
2000-2009       76           2306200.22      1787828.62      4094028.85
2000-2009       77           2243090.66      1683479.61      3926570.27
2000-2009       78           2177871.68      1577594.69      3755466.37
2000-2009       79           2110646.80      1471871.75      3582518.55
2000-2009       80           2019693.04      1352465.41      3372158.44
2000-2009       81           1883741.10      1209060.34      3092801.44
2000-2009       82           1736242.76      1064434.05      2800676.81
2000-2009       83           1596339.45       930456.18      2526795.63
2000-2009       84           1464462.93       807720.74      2272183.67
2000-2009       85           1334829.14       693913.22      2028742.36
2000-2009       86           1204119.51       588109.46      1792228.97
2000-2009       87           1068190.45       489301.95      1557492.40
2000-2009       88            928086.63       397660.20      1325746.83
2000-2009       89            784791.04       312917.75      1097708.80
2000-2009       90            657956.28       242982.76       900939.03
2000-2009       91            555439.29       189976.28       745415.57
2000-2009       92            461086.00       145945.81       607031.81
2000-2009       93            370112.63       108036.40       478149.03
2000-2009       94            286613.70        76987.75       363601.45
2000-2009       95            214328.82        52696.33       267025.15
2000-2009       96            155391.41        34776.08       190167.49
2000-2009       97            109512.52        22125.42       131637.94
2000-2009       98             74835.10        13525.48        88360.58
2000-2009       99             49552.60         8068.45        57621.05
2000-2009      100             31597.66         4613.66        36211.31
2000-2009      101             19385.51         2514.86        21900.37
2000-2009      102             11363.60         1309.32        12672.93
2000-2009      103              6388.87          667.23         7056.09
2000-2009      104              3464.87          340.58         3805.46
2000-2009      105              1822.98          160.59         1983.57
2000-2009      106               926.42           70.50          996.93
2000-2009      107               464.93           36.39          501.32
2000-2009      108               232.83           20.26          253.09
2000-2009      109               102.51            9.57          112.08
2000-2009      110+               54.08            2.62           56.70
2010-2016        0           2696216.03      2835818.78      5532034.81
2010-2016        1           2708451.72      2844841.01      5553292.73
2010-2016        2           2724702.34      2859014.64      5583716.98
2010-2016        3           2724800.87      2857714.85      5582515.72
2010-2016        4           2704668.00      2835540.56      5540208.56
2010-2016        5           2664621.72      2792700.52      5457322.24
2010-2016        6           2613177.35      2739428.28      5352605.64
2010-2016        7           2559985.14      2684815.16      5244800.30
2010-2016        8           2506414.44      2629412.86      5135827.30
2010-2016        9           2459632.23      2579823.00      5039455.23
2010-2016       10           2432386.47      2551372.39      4983758.86
2010-2016       11           2426303.32      2545266.79      4971570.11
2010-2016       12           2438090.59      2557256.73      4995347.32
2010-2016       13           2467978.04      2589967.67      5057945.71
2010-2016       14           2501047.49      2628341.98      5129389.48
2010-2016       15           2544117.80      2678493.46      5222611.26
2010-2016       16           2589891.27      2730013.86      5319905.13
2010-2016       17           2633877.39      2775698.17      5409575.56
2010-2016       18           2693150.25      2828108.65      5521258.91
2010-2016       19           2770054.77      2895847.35      5665902.12
2010-2016       20           2828741.79      2948178.11      5776919.90
2010-2016       21           2888508.52      2996502.59      5885011.10
2010-2016       22           2955409.77      3038953.08      5994362.85
2010-2016       23           3004069.27      3061523.61      6065592.88
2010-2016       24           3039106.97      3078900.92      6118007.89
2010-2016       25           3050155.84      3080313.75      6130469.59
2010-2016       26           3045899.03      3060773.93      6106672.96
2010-2016       27           3049622.90      3045064.52      6094687.42
2010-2016       28           3055302.18      3035403.17      6090705.34
2010-2016       29           3057796.80      3034786.59      6092583.39
2010-2016       30           3057387.16      3032352.65      6089739.81
2010-2016       31           3043574.17      3018615.11      6062189.28
2010-2016       32           3001201.47      2974621.63      5975823.09
2010-2016       33           2956376.24      2929999.07      5886375.31
2010-2016       34           2917494.16      2892150.74      5809644.90
2010-2016       35           2884684.16      2860098.12      5744782.28
2010-2016       36           2858971.07      2833319.16      5692290.23
2010-2016       37           2854281.69      2825599.27      5679880.96
2010-2016       38           2879456.67      2845963.78      5725420.45
2010-2016       39           2947918.87      2907607.49      5855526.36
2010-2016       40           3019122.76      2966577.35      5985700.11
2010-2016       41           3091646.46      3029086.32      6120732.78
2010-2016       42           3156201.46      3086451.41      6242652.87
2010-2016       43           3217456.38      3142393.21      6359849.59
2010-2016       44           3261850.98      3179729.24      6441580.22
2010-2016       45           3292273.47      3205028.32      6497301.80
2010-2016       46           3300579.48      3211577.04      6512156.52
2010-2016       47           3309693.01      3221138.97      6530831.98
2010-2016       48           3296313.64      3210913.43      6507227.08
2010-2016       49           3266939.56      3185969.76      6452909.32
2010-2016       50           3212389.64      3134447.14      6346836.77
2010-2016       51           3151898.03      3078719.17      6230617.20
2010-2016       52           3076455.19      3009203.81      6085659.00
2010-2016       53           2992263.74      2930561.05      5922824.79
2010-2016       54           2904118.60      2845093.29      5749211.89
2010-2016       55           2815182.20      2756140.64      5571322.84
2010-2016       56           2740505.58      2679224.84      5419730.41
2010-2016       57           2680002.11      2616160.89      5296163.00
2010-2016       58           2618506.81      2549721.80      5168228.60
2010-2016       59           2573313.05      2497591.40      5070904.45
2010-2016       60           2548043.26      2464882.31      5012925.57
2010-2016       61           2545875.41      2454562.70      5000438.11
2010-2016       62           2572596.59      2472676.64      5045273.23
2010-2016       63           2621415.26      2512995.80      5134411.06
2010-2016       64           2603849.91      2487994.20      5091844.11
2010-2016       65           2573990.47      2450790.17      5024780.64
2010-2016       66           2529537.61      2400868.48      4930406.09
2010-2016       67           2467150.55      2331151.95      4798302.49
2010-2016       68           2365094.75      2220370.80      4585465.55
2010-2016       69           2226437.20      2072564.24      4299001.44
2010-2016       70           2071598.72      1909546.06      3981144.78
2010-2016       71           1985416.14      1810239.21      3795655.34
2010-2016       72           1911119.08      1722050.14      3633169.22
2010-2016       73           1835644.24      1632894.90      3468539.14
2010-2016       74           1762936.93      1546775.26      3309712.20
2010-2016       75           1706221.16      1476258.73      3182479.88
2010-2016       76           1658215.12      1412485.78      3070700.90
2010-2016       77           1599227.75      1337245.21      2936472.95
2010-2016       78           1536353.42      1256161.62      2792515.03
2010-2016       79           1471157.99      1171786.89      2642944.88
2010-2016       80           1405023.79      1086251.09      2491274.89
2010-2016       81           1333698.14       998244.64      2331942.78
2010-2016       82           1258346.57       909231.87      2167578.44
2010-2016       83           1181635.08       822341.65      2003976.73
2010-2016       84           1100572.51       735532.35      1836104.86
2010-2016       85           1013470.64       647737.65      1661208.29
2010-2016       86            923868.21       562376.40      1486244.61
2010-2016       87            834438.87       481488.86      1315927.74
2010-2016       88            749458.50       408061.57      1157520.06
2010-2016       89            672146.87       343139.04      1015285.91
2010-2016       90            584361.49       278366.47       862727.97
2010-2016       91            484671.48       214674.45       699345.92
2010-2016       92            390431.97       160187.28       550619.24
2010-2016       93            308958.23       116769.06       425727.29
2010-2016       94            240112.21        83281.75       323393.96
2010-2016       95            181131.44        57337.20       238468.65
2010-2016       96            131405.31        37663.50       169068.81
2010-2016       97             93591.93        24227.98       117819.91
2010-2016       98             67032.79        15737.64        82770.43
2010-2016       99             46751.60         9999.64        56751.23
2010-2016      100             30999.32         5999.11        36998.43
2010-2016      101             19631.95         3415.39        23047.34
2010-2016      102             11863.16         1867.14        13730.30
2010-2016      103              6899.01          998.82         7897.84
2010-2016      104              3858.32          507.14         4365.45
2010-2016      105              2074.27          238.32         2312.59
2010-2016      106              1096.97          117.63         1214.60
2010-2016      107               572.98           58.76          631.75
2010-2016      108               278.51           24.51          303.01
2010-2016      109               129.34            9.59          138.93
2010-2016      110+               90.25            4.08           94.32
