Greece, Exposure to risk (period 1x10), 	Last modified: 17 Apr 2018;  Methods Protocol: v6 (2017)

  Year          Age             Female            Male           Total
1981-1989        0            541952.31       580459.75      1122412.07
1981-1989        1            570441.28       609423.65      1179864.93
1981-1989        2            590312.37       629314.28      1219626.65
1981-1989        3            609263.60       648528.54      1257792.14
1981-1989        4            625829.19       664777.10      1290606.29
1981-1989        5            639848.80       679144.66      1318993.46
1981-1989        6            650963.16       690231.27      1341194.43
1981-1989        7            657087.97       695531.24      1352619.21
1981-1989        8            660443.96       698359.40      1358803.36
1981-1989        9            659295.60       695587.13      1354882.73
1981-1989       10            659425.87       694589.10      1354014.97
1981-1989       11            663127.32       698070.13      1361197.45
1981-1989       12            668367.98       703782.77      1372150.74
1981-1989       13            674887.55       710807.53      1385695.09
1981-1989       14            678152.23       713715.18      1391867.41
1981-1989       15            678856.64       714250.30      1393106.94
1981-1989       16            678517.67       712836.61      1391354.28
1981-1989       17            675754.89       706980.60      1382735.49
1981-1989       18            672865.60       697661.52      1370527.12
1981-1989       19            670098.89       689191.75      1359290.64
1981-1989       20            666764.04       682841.64      1349605.68
1981-1989       21            662630.03       674722.66      1337352.69
1981-1989       22            654155.28       662083.98      1316239.25
1981-1989       23            648161.63       651074.91      1299236.54
1981-1989       24            644427.69       641797.02      1286224.71
1981-1989       25            643117.63       636027.32      1279144.94
1981-1989       26            641830.83       632716.15      1274546.98
1981-1989       27            638235.90       628976.83      1267212.73
1981-1989       28            633259.42       624398.93      1257658.35
1981-1989       29            628292.64       620514.70      1248807.34
1981-1989       30            620837.69       615198.47      1236036.16
1981-1989       31            610721.97       606700.13      1217422.10
1981-1989       32            603123.55       598741.56      1201865.11
1981-1989       33            601452.28       595921.39      1197373.67
1981-1989       34            599848.23       593727.71      1193575.94
1981-1989       35            599710.63       592097.99      1191808.62
1981-1989       36            597224.42       587774.43      1184998.86
1981-1989       37            586286.20       576768.92      1163055.12
1981-1989       38            570942.70       560734.45      1131677.15
1981-1989       39            559619.85       547085.05      1106704.89
1981-1989       40            559326.26       543664.92      1102991.18
1981-1989       41            563325.51       545350.89      1108676.40
1981-1989       42            562023.17       542278.79      1104301.96
1981-1989       43            558399.63       535314.58      1093714.21
1981-1989       44            556798.64       530098.88      1086897.52
1981-1989       45            562940.01       533420.14      1096360.15
1981-1989       46            577847.55       546315.20      1124162.74
1981-1989       47            594262.68       562071.56      1156334.24
1981-1989       48            607621.01       577006.98      1184627.99
1981-1989       49            609648.47       585181.61      1194830.09
1981-1989       50            610382.76       589129.73      1199512.49
1981-1989       51            614584.70       593081.51      1207666.21
1981-1989       52            614707.12       594059.30      1208766.42
1981-1989       53            614055.01       593140.16      1207195.18
1981-1989       54            608056.66       587691.29      1195747.95
1981-1989       55            600717.87       577377.30      1178095.17
1981-1989       56            588866.03       560779.41      1149645.44
1981-1989       57            571617.42       540837.39      1112454.81
1981-1989       58            554421.79       516927.50      1071349.29
1981-1989       59            533027.12       491503.07      1024530.19
1981-1989       60            512650.82       469156.59       981807.40
1981-1989       61            488168.45       441690.87       929859.32
1981-1989       62            461225.06       411153.88       872378.94
1981-1989       63            438869.00       383691.09       822560.10
1981-1989       64            415089.81       359057.81       774147.62
1981-1989       65            400722.47       344425.82       745148.28
1981-1989       66            395190.73       337312.97       732503.70
1981-1989       67            387540.77       330762.35       718303.12
1981-1989       68            384888.23       324498.71       709386.94
1981-1989       69            383166.33       317249.27       700415.60
1981-1989       70            382204.71       311168.94       693373.65
1981-1989       71            376557.02       304835.10       681392.12
1981-1989       72            362349.62       295342.95       657692.57
1981-1989       73            350582.37       284675.24       635257.61
1981-1989       74            335652.44       270650.20       606302.64
1981-1989       75            320315.14       254025.50       574340.65
1981-1989       76            304693.11       237790.77       542483.88
1981-1989       77            279805.72       218776.07       498581.79
1981-1989       78            252877.09       198384.38       451261.47
1981-1989       79            231510.40       178871.71       410382.11
1981-1989       80            216083.88       159155.51       375239.38
1981-1989       81            196839.76       140196.56       337036.32
1981-1989       82            175501.72       122266.01       297767.74
1981-1989       83            153510.74       105199.93       258710.67
1981-1989       84            132567.76        89203.58       221771.33
1981-1989       85            113178.69        74335.03       187513.72
1981-1989       86             95579.55        60785.96       156365.50
1981-1989       87             79257.47        48959.05       128216.52
1981-1989       88             64152.23        39132.18       103284.41
1981-1989       89             50415.86        30910.92        81326.78
1981-1989       90             39635.14        23977.31        63612.45
1981-1989       91             31934.69        18443.47        50378.16
1981-1989       92             25345.70        14073.26        39418.97
1981-1989       93             19483.13        10595.92        30079.05
1981-1989       94             14821.96         7939.74        22761.70
1981-1989       95             11404.39         5931.63        17336.02
1981-1989       96              8805.42         4410.80        13216.23
1981-1989       97              6671.62         3233.82         9905.45
1981-1989       98              4894.84         2309.84         7204.68
1981-1989       99              3344.91         1535.33         4880.24
1981-1989      100              2175.83          968.79         3144.62
1981-1989      101              1473.82          641.96         2115.78
1981-1989      102              1000.10          418.55         1418.65
1981-1989      103               660.35          266.39          926.74
1981-1989      104               420.04          165.76          585.80
1981-1989      105               260.40          100.05          360.45
1981-1989      106               160.99           58.14          219.13
1981-1989      107                97.08           32.24          129.33
1981-1989      108                55.76           16.25           72.01
1981-1989      109                30.26            6.52           36.78
1981-1989      110+               20.53            1.42           21.95
1990-1999        0            496618.31       526957.28      1023575.59
1990-1999        1            503731.52       532733.61      1036465.13
1990-1999        2            511749.30       539767.30      1051516.60
1990-1999        3            519904.16       547548.01      1067452.17
1990-1999        4            531702.76       559441.45      1091144.21
1990-1999        5            546253.14       574258.18      1120511.32
1990-1999        6            562473.70       591927.39      1154401.10
1990-1999        7            582338.91       613581.77      1195920.68
1990-1999        8            602499.88       635471.41      1237971.29
1990-1999        9            625412.26       661926.21      1287338.47
1990-1999       10            647053.05       687362.30      1334415.34
1990-1999       11            666945.20       710789.27      1377734.47
1990-1999       12            685196.36       732200.77      1417397.13
1990-1999       13            704922.35       754113.87      1459036.22
1990-1999       14            721989.20       772574.76      1494563.95
1990-1999       15            737422.19       787579.10      1525001.28
1990-1999       16            749392.16       797746.64      1547138.80
1990-1999       17            756155.21       801830.66      1557985.87
1990-1999       18            760999.09       806160.84      1567159.92
1990-1999       19            763481.66       809329.14      1572810.80
1990-1999       20            768292.96       811552.46      1579845.42
1990-1999       21            775205.24       813857.26      1589062.51
1990-1999       22            784943.66       818254.02      1603197.69
1990-1999       23            790167.19       817995.78      1608162.97
1990-1999       24            792429.10       815091.43      1607520.53
1990-1999       25            793169.26       810827.15      1603996.41
1990-1999       26            790307.42       802774.59      1593082.00
1990-1999       27            786881.51       794087.86      1580969.36
1990-1999       28            784517.11       786666.40      1571183.51
1990-1999       29            781401.79       779187.93      1560589.72
1990-1999       30            777436.22       771718.08      1549154.29
1990-1999       31            771455.01       763291.39      1534746.40
1990-1999       32            762337.15       752853.45      1515190.60
1990-1999       33            755055.96       744252.90      1499308.85
1990-1999       34            752222.28       739891.63      1492113.91
1990-1999       35            747792.98       735270.38      1483063.36
1990-1999       36            741175.94       730114.71      1471290.65
1990-1999       37            734285.53       725017.59      1459303.12
1990-1999       38            727237.73       720744.59      1447982.31
1990-1999       39            718546.64       714967.05      1433513.69
1990-1999       40            706797.05       704629.75      1411426.80
1990-1999       41            694627.03       693588.11      1388215.14
1990-1999       42            688453.37       687921.76      1376375.13
1990-1999       43            686424.25       687111.75      1373536.00
1990-1999       44            683176.60       683855.21      1367031.81
1990-1999       45            678148.30       677207.67      1355355.97
1990-1999       46            664424.16       663252.80      1327676.97
1990-1999       47            647050.28       645507.39      1292557.67
1990-1999       48            631174.23       627566.81      1258741.03
1990-1999       49            625664.18       617946.04      1243610.23
1990-1999       50            628688.28       616856.14      1245544.42
1990-1999       51            625645.18       611794.59      1237439.77
1990-1999       52            622850.80       605979.15      1228829.95
1990-1999       53            620261.07       600079.19      1220340.27
1990-1999       54            624441.22       599382.53      1223823.75
1990-1999       55            632243.70       604083.94      1236327.63
1990-1999       56            642210.70       612288.63      1254499.33
1990-1999       57            654874.35       620881.77      1275756.13
1990-1999       58            666366.99       629850.34      1296217.33
1990-1999       59            672952.56       634627.66      1307580.22
1990-1999       60            675069.92       633773.68      1308843.59
1990-1999       61            674627.20       630586.70      1305213.90
1990-1999       62            671089.76       624155.19      1295244.94
1990-1999       63            663475.51       614513.83      1277989.34
1990-1999       64            656114.44       601988.04      1258102.49
1990-1999       65            642647.73       580646.90      1223294.63
1990-1999       66            618872.34       552352.66      1171225.00
1990-1999       67            593760.87       522367.89      1116128.76
1990-1999       68            568676.34       492031.48      1060707.82
1990-1999       69            540182.26       459842.15      1000024.41
1990-1999       70            510302.48       425608.52       935911.00
1990-1999       71            479698.69       391624.01       871322.70
1990-1999       72            450227.10       359219.79       809446.89
1990-1999       73            417552.92       327365.40       744918.32
1990-1999       74            389023.84       300387.68       689411.52
1990-1999       75            368863.60       281032.78       649896.39
1990-1999       76            348982.85       263329.65       612312.50
1990-1999       77            333049.78       247688.73       580738.52
1990-1999       78            319063.66       232074.99       551138.65
1990-1999       79            300157.05       214908.37       515065.42
1990-1999       80            290302.59       200376.73       490679.32
1990-1999       81            269857.87       184804.39       454662.26
1990-1999       82            247960.85       168647.52       416608.37
1990-1999       83            224720.09       151447.84       376167.93
1990-1999       84            200450.97       133369.75       333820.72
1990-1999       85            175610.81       115061.50       290672.31
1990-1999       86            150808.74        97665.77       248474.51
1990-1999       87            126679.32        81134.78       207814.10
1990-1999       88            104645.66        65915.24       170560.90
1990-1999       89             85573.01        52536.83       138109.84
1990-1999       90             68644.34        40973.65       109617.99
1990-1999       91             53864.09        31417.82        85281.90
1990-1999       92             41530.15        23622.16        65152.32
1990-1999       93             31418.33        17304.33        48722.66
1990-1999       94             23294.87        12368.87        35663.74
1990-1999       95             16851.94         8619.50        25471.44
1990-1999       96             11932.24         5881.60        17813.83
1990-1999       97              8305.34         3956.30        12261.65
1990-1999       98              5786.29         2660.62         8446.91
1990-1999       99              4027.28         1735.79         5763.07
1990-1999      100              2698.17         1065.27         3763.44
1990-1999      101              1704.84          642.29         2347.12
1990-1999      102              1033.71          375.93         1409.63
1990-1999      103               610.87          213.75          824.62
1990-1999      104               355.56          117.96          473.52
1990-1999      105               201.38           62.71          264.08
1990-1999      106               108.40           31.19          139.59
1990-1999      107                56.41           13.66           70.06
1990-1999      108                28.19            4.57           32.76
1990-1999      109                11.78            1.46           13.25
1990-1999      110+                5.75            0.22            5.96
2000-2009        0            522682.09       546010.38      1068692.47
2000-2009        1            518976.45       542137.32      1061113.77
2000-2009        2            519014.94       542026.97      1061041.91
2000-2009        3            518724.76       540951.51      1059676.27
2000-2009        4            519342.75       541099.03      1060441.79
2000-2009        5            521484.24       542710.61      1064194.85
2000-2009        6            524592.05       544869.60      1069461.65
2000-2009        7            527678.95       547638.64      1075317.59
2000-2009        8            532758.98       553305.49      1086064.48
2000-2009        9            539628.01       560327.09      1099955.10
2000-2009       10            547448.52       568035.06      1115483.58
2000-2009       11            555396.42       576507.95      1131904.36
2000-2009       12            564854.13       586396.96      1151251.08
2000-2009       13            572472.58       595153.87      1167626.45
2000-2009       14            582665.03       608732.94      1191397.97
2000-2009       15            594900.83       626189.89      1221090.72
2000-2009       16            609995.13       648150.63      1258145.77
2000-2009       17            630509.42       674638.97      1305148.39
2000-2009       18            653703.96       700180.33      1353884.29
2000-2009       19            675601.42       724585.72      1400187.14
2000-2009       20            696197.25       748510.65      1444707.91
2000-2009       21            715339.59       768868.47      1484208.06
2000-2009       22            734259.39       788866.73      1523126.13
2000-2009       23            756806.95       812752.30      1569559.25
2000-2009       24            776629.71       831880.50      1608510.21
2000-2009       25            794918.21       847582.41      1642500.62
2000-2009       26            808850.19       857647.57      1666497.76
2000-2009       27            816818.16       861673.15      1678491.30
2000-2009       28            824517.82       866189.62      1690707.45
2000-2009       29            828175.98       866089.59      1694265.57
2000-2009       30            832715.19       865964.74      1698679.92
2000-2009       31            839094.72       867147.32      1706242.04
2000-2009       32            845813.93       868078.49      1713892.42
2000-2009       33            848341.01       865008.70      1713349.70
2000-2009       34            847355.08       860447.19      1707802.26
2000-2009       35            845108.21       855561.52      1700669.73
2000-2009       36            840538.22       847105.39      1687643.61
2000-2009       37            835854.65       837664.86      1673519.51
2000-2009       38            832429.19       830038.54      1662467.73
2000-2009       39            826680.07       820361.72      1647041.78
2000-2009       40            820586.27       810990.49      1631576.77
2000-2009       41            811781.45       799953.22      1611734.67
2000-2009       42            799491.75       786929.54      1586421.30
2000-2009       43            789725.09       775959.81      1565684.90
2000-2009       44            783867.23       768044.28      1551911.52
2000-2009       45            774848.39       758051.34      1532899.73
2000-2009       46            765148.59       748776.12      1513924.71
2000-2009       47            754550.90       739509.18      1494060.08
2000-2009       48            743154.22       729765.00      1472919.22
2000-2009       49            731097.53       719039.55      1450137.08
2000-2009       50            718260.15       706962.06      1425222.21
2000-2009       51            707018.95       695688.20      1402707.15
2000-2009       52            699412.50       687525.79      1386938.29
2000-2009       53            693048.40       680750.95      1373799.35
2000-2009       54            683849.93       670069.72      1353919.65
2000-2009       55            674568.06       658880.45      1333448.51
2000-2009       56            661560.36       644336.00      1305896.36
2000-2009       57            647176.92       627778.40      1274955.32
2000-2009       58            633314.71       611493.23      1244807.94
2000-2009       59            624375.72       599199.30      1223575.01
2000-2009       60            620276.04       591254.70      1211530.74
2000-2009       61            616232.72       582792.53      1199025.25
2000-2009       62            613901.81       575409.39      1189311.20
2000-2009       63            611924.10       568239.67      1180163.76
2000-2009       64            611910.13       562415.34      1174325.47
2000-2009       65            613951.94       559406.28      1173358.23
2000-2009       66            619368.76       558580.36      1177949.11
2000-2009       67            627042.52       558483.13      1185525.65
2000-2009       68            632947.20       557785.04      1190732.25
2000-2009       69            634419.41       553436.72      1187856.13
2000-2009       70            629803.91       543704.86      1173508.77
2000-2009       71            620352.10       529777.13      1150129.23
2000-2009       72            606551.48       511710.08      1118261.56
2000-2009       73            590788.90       491333.22      1082122.12
2000-2009       74            572630.49       466862.91      1039493.39
2000-2009       75            546858.65       436374.42       983233.08
2000-2009       76            514803.63       402512.76       917316.39
2000-2009       77            481830.12       367925.99       849756.11
2000-2009       78            446988.18       333700.91       780689.09
2000-2009       79            411038.52       298922.20       709960.73
2000-2009       80            377650.74       268327.42       645978.16
2000-2009       81            339811.40       233859.73       573671.13
2000-2009       82            303101.91       202608.44       505710.35
2000-2009       83            267214.49       174636.79       441851.28
2000-2009       84            234393.14       150218.09       384611.23
2000-2009       85            206606.36       129806.20       336412.56
2000-2009       86            181126.26       111457.05       292583.31
2000-2009       87            156981.97        94528.48       251510.45
2000-2009       88            134452.59        78969.75       213422.34
2000-2009       89            113352.05        64808.43       178160.48
2000-2009       90             93941.83        52605.75       146547.58
2000-2009       91             76587.77        42244.35       118832.12
2000-2009       92             60989.38        33240.41        94229.79
2000-2009       93             47494.88        25428.72        72923.61
2000-2009       94             36153.29        18761.29        54914.58
2000-2009       95             26680.03        13397.63        40077.66
2000-2009       96             19216.26         9352.82        28569.08
2000-2009       97             13492.25         6291.64        19783.89
2000-2009       98              9201.06         4113.42        13314.47
2000-2009       99              6175.45         2633.37         8808.82
2000-2009      100              4027.40         1634.45         5661.85
2000-2009      101              2502.97         1000.78         3503.75
2000-2009      102              1509.05          594.43         2103.48
2000-2009      103               884.72          341.93         1226.66
2000-2009      104               501.05          188.73          689.78
2000-2009      105               272.26           99.32          371.58
2000-2009      106               141.93           49.52          191.45
2000-2009      107                70.75           22.19           92.94
2000-2009      108                32.72            7.51           40.23
2000-2009      109                12.68            1.51           14.18
2000-2009      110+                3.03            0.05            3.08
2010-2013        0            205253.31       216416.24       421669.54
2010-2013        1            214289.92       224783.60       439073.52
2010-2013        2            218325.96       228225.18       446551.14
2010-2013        3            218811.98       228348.74       447160.71
2010-2013        4            216028.23       225612.91       441641.14
2010-2013        5            212097.34       222151.28       434248.62
2010-2013        6            210017.99       220239.85       430257.84
2010-2013        7            208499.97       218560.09       427060.06
2010-2013        8            207706.11       217571.43       425277.53
2010-2013        9            208095.01       217678.11       425773.12
2010-2013       10            209115.90       218451.29       427567.19
2010-2013       11            209631.20       218827.17       428458.37
2010-2013       12            210276.58       219400.49       429677.07
2010-2013       13            210860.97       219745.27       430606.24
2010-2013       14            211691.86       220147.83       431839.69
2010-2013       15            213247.15       221461.59       434708.74
2010-2013       16            214823.54       222665.71       437489.25
2010-2013       17            217026.35       225401.80       442428.15
2010-2013       18            222758.91       232511.78       455270.69
2010-2013       19            229526.21       240022.65       469548.86
2010-2013       20            235773.37       247393.63       483167.00
2010-2013       21            242492.07       254454.49       496946.56
2010-2013       22            247064.72       258043.47       505108.19
2010-2013       23            249077.09       259256.90       508334.00
2010-2013       24            252686.81       263866.14       516552.96
2010-2013       25            256543.78       269215.94       525759.71
2010-2013       26            263269.91       278069.96       541339.86
2010-2013       27            276508.37       294192.12       570700.48
2010-2013       28            289630.30       307935.68       597565.98
2010-2013       29            304955.96       322242.27       627198.23
2010-2013       30            317329.50       333128.87       650458.37
2010-2013       31            324079.46       337788.24       661867.70
2010-2013       32            327859.66       340334.98       668194.64
2010-2013       33            328777.21       340573.10       669350.31
2010-2013       34            329540.74       339909.02       669449.75
2010-2013       35            330531.09       338254.66       668785.76
2010-2013       36            331667.73       337062.77       668730.51
2010-2013       37            331619.65       335228.63       666848.28
2010-2013       38            331599.99       334003.96       665603.95
2010-2013       39            333189.54       334897.18       668086.73
2010-2013       40            336699.71       336428.27       673127.98
2010-2013       41            341189.23       337668.84       678858.07
2010-2013       42            346158.60       339343.60       685502.19
2010-2013       43            346286.57       337126.46       683413.04
2010-2013       44            341562.93       331674.98       673237.91
2010-2013       45            333672.36       323230.68       656903.05
2010-2013       46            322835.35       311546.72       634382.07
2010-2013       47            315356.07       302295.76       617651.83
2010-2013       48            312314.65       296456.36       608771.01
2010-2013       49            311362.58       293011.51       604374.09
2010-2013       50            312577.83       293007.23       605585.07
2010-2013       51            312742.14       292569.66       605311.79
2010-2013       52            309273.82       289078.17       598351.99
2010-2013       53            304847.99       284603.18       589451.17
2010-2013       54            301295.04       281635.29       582930.34
2010-2013       55            294946.11       276529.83       571475.94
2010-2013       56            287803.87       270369.98       558173.85
2010-2013       57            280412.77       264212.05       544624.82
2010-2013       58            272350.04       256790.46       529140.50
2010-2013       59            268161.35       252237.61       520398.96
2010-2013       60            266502.63       249883.07       516385.71
2010-2013       61            265964.36       247717.94       513682.31
2010-2013       62            265422.86       245322.95       510745.81
2010-2013       63            265088.57       243252.92       508341.50
2010-2013       64            263584.39       240257.91       503842.30
2010-2013       65            258030.98       234106.90       492137.89
2010-2013       66            246748.92       223236.30       469985.21
2010-2013       67            232053.36       209625.38       441678.74
2010-2013       68            219115.28       197457.36       416572.64
2010-2013       69            213141.97       190448.21       403590.18
2010-2013       70            216167.90       189798.82       405966.72
2010-2013       71            224470.99       192576.99       417047.98
2010-2013       72            233106.02       195172.89       428278.91
2010-2013       73            238431.12       195458.31       433889.43
2010-2013       74            238942.66       192893.14       431835.80
2010-2013       75            235523.16       187842.41       423365.57
2010-2013       76            229421.29       180505.58       409926.87
2010-2013       77            221342.00       172082.75       393424.75
2010-2013       78            212425.13       163511.75       375936.89
2010-2013       79            202655.59       154681.60       357337.18
2010-2013       80            191665.04       144678.16       336343.20
2010-2013       81            178788.28       133280.31       312068.59
2010-2013       82            164514.38       120041.63       284556.01
2010-2013       83            150761.87       106111.50       256873.36
2010-2013       84            136369.58        91800.47       228170.05
2010-2013       85            119174.57        77383.38       196557.95
2010-2013       86            102070.65        64849.80       166920.45
2010-2013       87             85197.40        53706.42       138903.82
2010-2013       88             69566.78        43705.75       113272.52
2010-2013       89             57205.93        35847.70        93053.63
2010-2013       90             46344.99        28437.21        74782.20
2010-2013       91             36336.73        21348.30        57685.03
2010-2013       92             28045.74        15553.66        43599.40
2010-2013       93             21402.31        11210.55        32612.86
2010-2013       94             16455.77         8248.62        24704.39
2010-2013       95             12836.76         6224.03        19060.79
2010-2013       96              9789.52         4634.03        14423.55
2010-2013       97              7272.62         3322.47        10595.09
2010-2013       98              5272.48         2295.94         7568.43
2010-2013       99              3692.56         1483.22         5175.77
2010-2013      100              2485.70          920.90         3406.60
2010-2013      101              1578.24          578.42         2156.66
2010-2013      102               952.41          352.15         1304.55
2010-2013      103               556.73          209.28          766.02
2010-2013      104               320.24          121.14          441.38
2010-2013      105               183.24           68.23          251.47
2010-2013      106               101.16           36.58          137.74
2010-2013      107                52.26           17.99           70.26
2010-2013      108                25.00            7.68           32.67
2010-2013      109                10.93            2.38           13.32
2010-2013      110+                4.57            0.14            4.71
