Croatia, Exposure to risk (period 1x10), 	Last modified: 20 Apr 2018;  Methods Protocol: v6 (2017)

  Year          Age             Female            Male           Total
2002-2009        0            159092.59       167922.64       327015.23
2002-2009        1            158963.19       167982.80       326945.99
2002-2009        2            159831.61       168958.53       328790.15
2002-2009        3            162630.29       171613.25       334243.55
2002-2009        4            166166.21       174991.28       341157.49
2002-2009        5            170743.68       179718.01       350461.69
2002-2009        6            175599.17       184829.94       360429.11
2002-2009        7            180040.15       189134.37       369174.51
2002-2009        8            183624.67       192597.92       376222.59
2002-2009        9            186791.22       195844.96       382636.18
2002-2009       10            188381.24       197546.75       385927.99
2002-2009       11            191003.82       200345.50       391349.32
2002-2009       12            191934.98       201249.76       393184.74
2002-2009       13            192470.96       201636.48       394107.44
2002-2009       14            194240.33       203294.42       397534.74
2002-2009       15            196325.01       205488.67       401813.67
2002-2009       16            199397.10       208467.68       407864.78
2002-2009       17            203182.18       212032.13       415214.31
2002-2009       18            208147.92       216904.44       425052.37
2002-2009       19            211206.66       220140.07       431346.73
2002-2009       20            215016.06       224345.19       439361.26
2002-2009       21            218699.12       228316.98       447016.10
2002-2009       22            221936.59       232082.17       454018.76
2002-2009       23            225261.55       235729.73       460991.28
2002-2009       24            227398.92       238081.23       465480.14
2002-2009       25            228047.27       238244.75       466292.02
2002-2009       26            228178.13       237496.74       465674.87
2002-2009       27            228263.60       236727.36       464990.96
2002-2009       28            227800.71       235444.16       463244.86
2002-2009       29            227140.96       233755.40       460896.36
2002-2009       30            226276.35       231938.76       458215.11
2002-2009       31            224471.44       229409.47       453880.91
2002-2009       32            223189.91       227355.20       450545.11
2002-2009       33            223438.29       226906.64       450344.93
2002-2009       34            224410.80       227381.63       451792.43
2002-2009       35            227101.09       229210.11       456311.21
2002-2009       36            230408.09       231874.20       462282.29
2002-2009       37            233055.04       233937.40       466992.44
2002-2009       38            234998.18       235238.89       470237.07
2002-2009       39            238989.18       238613.82       477603.00
2002-2009       40            243715.33       242660.83       486376.15
2002-2009       41            247653.43       246080.21       493733.64
2002-2009       42            251323.55       249478.37       500801.92
2002-2009       43            253556.54       251680.08       505236.62
2002-2009       44            254623.28       252728.40       507351.69
2002-2009       45            257303.45       255159.89       512463.34
2002-2009       46            260873.54       258744.24       519617.79
2002-2009       47            263392.79       262458.30       525851.09
2002-2009       48            263221.04       263485.87       526706.91
2002-2009       49            263704.42       264344.44       528048.86
2002-2009       50            260843.36       261397.46       522240.82
2002-2009       51            258945.50       259037.10       517982.60
2002-2009       52            258277.60       257002.43       515280.03
2002-2009       53            255076.33       251825.29       506901.62
2002-2009       54            250225.23       244403.86       494629.09
2002-2009       55            244134.02       234539.11       478673.13
2002-2009       56            235710.02       222230.46       457940.48
2002-2009       57            224090.44       207781.30       431871.75
2002-2009       58            217422.97       197783.35       415206.32
2002-2009       59            212596.30       189567.48       402163.78
2002-2009       60            207328.17       181858.85       389187.02
2002-2009       61            203711.83       176398.50       380110.34
2002-2009       62            202209.83       172813.84       375023.67
2002-2009       63            202111.33       170437.49       372548.82
2002-2009       64            206412.33       171460.83       377873.16
2002-2009       65            212679.33       174104.33       386783.66
2002-2009       66            216324.83       174378.33       390703.16
2002-2009       67            217269.34       172171.83       389441.17
2002-2009       68            217546.50       168830.01       386376.51
2002-2009       69            217438.00       164464.34       381902.34
2002-2009       70            215820.83       158503.33       374324.16
2002-2009       71            213116.50       152227.51       365344.00
2002-2009       72            208163.00       144749.67       352912.67
2002-2009       73            200971.33       135605.34       336576.67
2002-2009       74            192347.67       125378.17       317725.84
2002-2009       75            182793.67       114085.18       296878.85
2002-2009       76            172668.50       102355.34       275023.84
2002-2009       77            161690.83        90691.84       252382.67
2002-2009       78            150172.00        79558.02       229730.01
2002-2009       79            138078.66        68721.01       206799.67
2002-2009       80            125982.13        58456.58       184438.71
2002-2009       81            114467.97        49542.00       164009.98
2002-2009       82            102182.78        41737.16       143919.94
2002-2009       83             87100.44        34022.44       121122.87
2002-2009       84             70621.74        26673.77        97295.50
2002-2009       85             56115.55        20535.68        76651.23
2002-2009       86             44200.22        15718.85        59919.06
2002-2009       87             35304.39        12472.75        47777.14
2002-2009       88             28130.60        10051.29        38181.89
2002-2009       89             22180.18         7946.40        30126.58
2002-2009       90             17313.02         6092.18        23405.20
2002-2009       91             13911.22         4731.72        18642.94
2002-2009       92             11474.64         3718.13        15192.76
2002-2009       93              9140.08         2882.89        12022.97
2002-2009       94              6956.39         2107.49         9063.88
2002-2009       95              4921.61         1436.83         6358.44
2002-2009       96              3247.68          902.06         4149.74
2002-2009       97              2075.88          544.28         2620.16
2002-2009       98              1242.68          318.24         1560.92
2002-2009       99               729.48          183.57          913.05
2002-2009      100               419.07          104.86          523.93
2002-2009      101               232.00           55.17          287.17
2002-2009      102               107.67           26.17          133.83
2002-2009      103                45.33           14.00           59.33
2002-2009      104                17.17            6.17           23.33
2002-2009      105                 5.83            1.33            7.17
2002-2009      106                 4.83            1.50            6.33
2002-2009      107                 2.17            1.00            3.17
2002-2009      108                 0.67            0.00            0.67
2002-2009      109                 0.17            0.00            0.17
2002-2009      110+                0.00            0.00            0.00
2010-2016        0            137201.62       145832.10       283033.72
2010-2016        1            140440.35       149109.08       289549.43
2010-2016        2            142471.29       151018.48       293489.76
2010-2016        3            142957.86       151425.08       294382.94
2010-2016        4            143472.40       151574.19       295046.59
2010-2016        5            143719.46       151737.34       295456.80
2010-2016        6            142553.98       150516.80       293070.78
2010-2016        7            140503.49       148372.94       288876.42
2010-2016        8            139333.72       147119.55       286453.26
2010-2016        9            139348.76       147197.27       286546.02
2010-2016       10            141239.33       149088.07       290327.40
2010-2016       11            143666.51       151291.39       294957.90
2010-2016       12            147000.13       154579.65       301579.78
2010-2016       13            152530.67       160253.89       312784.57
2010-2016       14            157183.12       165207.96       322391.08
2010-2016       15            161097.71       169013.83       330111.54
2010-2016       16            163854.99       171581.46       335436.45
2010-2016       17            166226.37       174074.73       340301.10
2010-2016       18            166992.12       174958.06       341950.18
2010-2016       19            168675.34       176950.11       345625.45
2010-2016       20            168763.27       176778.67       345541.94
2010-2016       21            170088.00       177922.93       348010.93
2010-2016       22            172373.48       180425.00       352798.48
2010-2016       23            175134.19       182961.20       358095.39
2010-2016       24            178310.74       185496.06       363806.80
2010-2016       25            183345.70       190206.05       373551.75
2010-2016       26            186531.12       193352.55       379883.67
2010-2016       27            190140.91       197058.11       387199.02
2010-2016       28            193141.13       200159.71       393300.84
2010-2016       29            195785.80       203007.01       398792.81
2010-2016       30            198730.44       206340.91       405071.35
2010-2016       31            200629.00       208629.44       409258.44
2010-2016       32            201043.74       209235.26       410279.00
2010-2016       33            200830.42       208511.62       409342.04
2010-2016       34            200679.95       207787.67       408467.63
2010-2016       35            200067.30       206798.88       406866.18
2010-2016       36            199003.37       205049.58       404052.95
2010-2016       37            197723.85       202960.59       400684.44
2010-2016       38            196691.25       201436.11       398127.36
2010-2016       39            194854.20       198953.53       393807.73
2010-2016       40            193695.19       197140.81       390836.00
2010-2016       41            193586.78       196375.49       389962.28
2010-2016       42            194782.41       196707.24       391489.65
2010-2016       43            197444.70       198346.27       395790.97
2010-2016       44            200473.52       200488.88       400962.40
2010-2016       45            202845.79       201889.12       404734.91
2010-2016       46            205770.05       203885.54       409655.59
2010-2016       47            209296.57       206536.28       415832.85
2010-2016       48            212767.69       209120.07       421887.76
2010-2016       49            215449.96       210895.82       426345.78
2010-2016       50            217516.78       212159.51       429676.29
2010-2016       51            218862.17       212905.29       431767.46
2010-2016       52            220113.56       213258.05       433371.60
2010-2016       53            222855.07       214965.71       437820.79
2010-2016       54            225044.74       216322.80       441367.53
2010-2016       55            226027.40       217639.01       443666.40
2010-2016       56            225277.84       217199.63       442477.46
2010-2016       57            224544.04       215789.16       440333.20
2010-2016       58            221303.35       211757.13       433060.48
2010-2016       59            218914.02       208294.88       427208.90
2010-2016       60            216710.54       204146.96       420857.50
2010-2016       61            212398.23       197268.59       409666.82
2010-2016       62            206958.01       188042.64       395000.66
2010-2016       63            201991.90       179202.08       381193.98
2010-2016       64            192225.88       166924.76       359150.64
2010-2016       65            182798.87       154868.18       337667.04
2010-2016       66            175126.53       144222.86       319349.38
2010-2016       67            168847.00       135856.17       304703.16
2010-2016       68            164359.67       129566.33       293926.00
2010-2016       69            160782.84       124320.33       285103.17
2010-2016       70            159058.84       120696.33       279755.17
2010-2016       71            160974.00       119414.66       280388.66
2010-2016       72            164542.00       119147.83       283689.83
2010-2016       73            165823.83       117418.50       283242.33
2010-2016       74            164151.50       113167.83       277319.33
2010-2016       75            161506.50       108123.67       269630.17
2010-2016       76            158134.17       102286.33       260420.50
2010-2016       77            153223.00        95340.17       248563.17
2010-2016       78            147178.33        88026.17       235204.50
2010-2016       79            139794.33        80351.33       220145.67
2010-2016       80            130581.83        72120.33       202702.16
2010-2016       81            119891.33        63572.33       183463.67
2010-2016       82            108203.01        55007.17       163210.17
2010-2016       83             96169.78        46519.67       142689.45
2010-2016       84             84351.16        38426.86       122778.03
2010-2016       85             72848.09        31268.86       104116.95
2010-2016       86             61647.24        24926.30        86573.54
2010-2016       87             51718.99        19529.02        71248.01
2010-2016       88             42792.78        15057.74        57850.52
2010-2016       89             34732.55        11399.79        46132.33
2010-2016       90             27237.95         8555.60        35793.55
2010-2016       91             20100.35         6164.22        26264.57
2010-2016       92             14112.33         4193.19        18305.52
2010-2016       93              9456.03         2739.16        12195.20
2010-2016       94              6194.67         1773.89         7968.56
2010-2016       95              4072.88         1173.26         5246.15
2010-2016       96              2692.75          783.44         3476.19
2010-2016       97              1793.01          539.59         2332.60
2010-2016       98              1217.69          360.54         1578.23
2010-2016       99               824.94          237.25         1062.18
2010-2016      100               568.87          154.26          723.13
2010-2016      101               344.60          100.76          445.36
2010-2016      102               179.38           55.11          234.49
2010-2016      103                94.46           30.33          124.79
2010-2016      104                47.64           12.97           60.61
2010-2016      105                21.03            5.50           26.53
2010-2016      106                 6.40            1.17            7.57
2010-2016      107                 2.17            0.00            2.17
2010-2016      108                 0.17            0.00            0.17
2010-2016      109                 0.00            0.00            0.00
2010-2016      110+                0.00            0.00            0.00
