Ireland, Exposure to risk (period 1x10), 	Last modified: 26 Sep 2017;  Methods Protocol: v6 (2017)

  Year          Age             Female            Male           Total
1950-1959        0            296959.65       310856.06       607815.71
1950-1959        1            294781.38       307740.04       602521.42
1950-1959        2            294706.50       307958.52       602665.02
1950-1959        3            294263.94       307877.18       602141.12
1950-1959        4            293442.49       307302.38       600744.87
1950-1959        5            291577.41       305532.48       597109.89
1950-1959        6            288678.84       302544.24       591223.09
1950-1959        7            284914.36       298666.15       583580.51
1950-1959        8            280202.70       293792.76       573995.46
1950-1959        9            274803.11       288031.54       562834.65
1950-1959       10            268870.78       281785.51       550656.30
1950-1959       11            262043.25       274691.55       536734.80
1950-1959       12            254233.50       266290.17       520523.67
1950-1959       13            246115.93       257332.14       503448.07
1950-1959       14            237640.50       248328.75       485969.25
1950-1959       15            228983.20       239800.17       468783.38
1950-1959       16            220697.60       231947.21       452644.82
1950-1959       17            213096.86       224952.70       438049.56
1950-1959       18            206455.17       219055.81       425510.98
1950-1959       19            200483.79       213795.45       414279.24
1950-1959       20            194762.75       208322.74       403085.48
1950-1959       21            189518.30       202637.62       392155.92
1950-1959       22            185211.24       197374.14       382585.38
1950-1959       23            181806.91       192588.33       374395.24
1950-1959       24            179545.75       188544.29       368090.04
1950-1959       25            178627.83       185557.17       364185.00
1950-1959       26            178605.26       183548.58       362153.84
1950-1959       27            179090.19       182304.16       361394.35
1950-1959       28            180233.21       181872.94       362106.15
1950-1959       29            181643.44       181868.85       363512.28
1950-1959       30            182787.49       181995.31       364782.80
1950-1959       31            183423.07       182041.43       365464.51
1950-1959       32            183287.21       181724.43       365011.64
1950-1959       33            183340.22       182128.70       365468.92
1950-1959       34            183940.93       183432.55       367373.48
1950-1959       35            184787.28       184957.69       369744.97
1950-1959       36            185418.33       186297.42       371715.75
1950-1959       37            185709.56       187506.04       373215.60
1950-1959       38            185747.47       189033.77       374781.24
1950-1959       39            185013.23       190378.82       375392.05
1950-1959       40            183200.64       190477.85       373678.50
1950-1959       41            180996.55       189730.95       370727.50
1950-1959       42            178904.30       188754.18       367658.48
1950-1959       43            176237.43       187016.88       363254.30
1950-1959       44            173305.32       184710.63       358015.95
1950-1959       45            169872.29       181546.06       351418.35
1950-1959       46            165988.59       177796.33       343784.92
1950-1959       47            161993.60       173539.57       335533.17
1950-1959       48            158399.95       169099.34       327499.29
1950-1959       49            157053.51       166446.77       323500.28
1950-1959       50            156185.06       164170.33       320355.39
1950-1959       51            154440.76       161348.44       315789.20
1950-1959       52            152542.98       158437.83       310980.81
1950-1959       53            150435.80       155326.43       305762.23
1950-1959       54            147982.33       152084.19       300066.52
1950-1959       55            144879.31       148410.09       293289.40
1950-1959       56            141307.67       144264.51       285572.18
1950-1959       57            137845.14       139994.25       277839.39
1950-1959       58            134546.36       135913.39       270459.75
1950-1959       59            130320.97       131333.19       261654.16
1950-1959       60            125786.74       126581.50       252368.23
1950-1959       61            122665.83       123081.15       245746.98
1950-1959       62            120370.41       120533.84       240904.25
1950-1959       63            117804.66       117868.20       235672.86
1950-1959       64            115125.76       115199.40       230325.16
1950-1959       65            112328.69       112091.02       224419.70
1950-1959       66            110047.84       109303.77       219351.61
1950-1959       67            108569.49       107253.03       215822.51
1950-1959       68            107002.10       104796.00       211798.10
1950-1959       69            105291.38       102071.60       207362.98
1950-1959       70            102778.36        98916.69       201695.04
1950-1959       71             99461.17        95348.08       194809.25
1950-1959       72             95674.94        91348.68       187023.62
1950-1959       73             91143.24        86643.38       177786.62
1950-1959       74             86449.89        81618.77       168068.66
1950-1959       75             81017.50        75849.83       156867.33
1950-1959       76             74855.53        69592.65       144448.19
1950-1959       77             68682.79        63398.67       132081.46
1950-1959       78             62097.41        56806.83       118904.24
1950-1959       79             55462.94        50352.39       105815.33
1950-1959       80             50179.52        45183.51        95363.03
1950-1959       81             43720.13        38940.04        82660.17
1950-1959       82             37978.19        33468.76        71446.96
1950-1959       83             32155.49        27897.27        60052.76
1950-1959       84             26658.60        22472.07        49130.67
1950-1959       85             21525.75        17487.47        39013.21
1950-1959       86             17059.28        13406.95        30466.23
1950-1959       87             13255.15        10021.86        23277.01
1950-1959       88             10310.79         7422.93        17733.71
1950-1959       89              8015.04         5440.95        13455.99
1950-1959       90              6003.65         3850.24         9853.89
1950-1959       91              4438.34         2704.30         7142.64
1950-1959       92              3353.37         1948.92         5302.29
1950-1959       93              2439.55         1375.22         3814.76
1950-1959       94              1736.33          956.89         2693.22
1950-1959       95              1202.16          647.59         1849.76
1950-1959       96               821.24          421.25         1242.48
1950-1959       97               547.07          267.39          814.46
1950-1959       98               345.46          158.58          504.04
1950-1959       99               199.49           82.54          282.03
1950-1959      100               106.98           43.22          150.19
1950-1959      101                60.72           21.38           82.10
1950-1959      102                31.67            9.63           41.30
1950-1959      103                13.47            3.55           17.02
1950-1959      104                 4.31            1.05            5.36
1950-1959      105                 0.44            0.30            0.73
1950-1959      106                 0.00            0.00            0.00
1950-1959      107                 0.00            0.00            0.00
1950-1959      108                 0.00            0.00            0.00
1950-1959      109                 0.00            0.00            0.00
1950-1959      110+                0.00            0.00            0.00
1960-1969        0            300133.96       315049.09       615183.05
1960-1969        1            300485.46       314457.48       614942.95
1960-1969        2            301546.48       314937.97       616484.45
1960-1969        3            301410.22       314185.16       615595.38
1960-1969        4            299710.05       312050.36       611760.41
1960-1969        5            296785.56       309062.43       605847.99
1960-1969        6            293578.01       305963.22       599541.22
1960-1969        7            290781.97       303023.73       593805.70
1960-1969        8            287976.54       300038.46       588015.00
1960-1969        9            285137.07       297271.65       582408.72
1960-1969       10            282919.15       295199.09       578118.24
1960-1969       11            281524.06       293976.89       575500.95
1960-1969       12            280225.27       293120.00       573345.27
1960-1969       13            278083.35       291590.92       569674.27
1960-1969       14            274477.73       288309.76       562787.49
1960-1969       15            268030.82       281857.64       549888.46
1960-1969       16            258157.56       271951.01       530108.57
1960-1969       17            245255.82       258988.59       504244.41
1960-1969       18            230093.67       243450.82       473544.49
1960-1969       19            214472.60       226921.88       441394.48
1960-1969       20            199968.10       211191.29       411159.39
1960-1969       21            187066.62       196852.35       383918.97
1960-1969       22            176026.19       184039.73       360065.92
1960-1969       23            167245.68       173337.28       340582.96
1960-1969       24            160358.14       164715.43       325073.56
1960-1969       25            155091.77       158274.13       313365.89
1960-1969       26            151380.78       153737.75       305118.53
1960-1969       27            149067.05       150770.24       299837.29
1960-1969       28            148072.08       149292.94       297365.02
1960-1969       29            147990.52       148864.45       296854.97
1960-1969       30            148044.90       148668.71       296713.61
1960-1969       31            148358.51       148764.47       297122.97
1960-1969       32            149347.95       149468.73       298816.68
1960-1969       33            150619.11       150235.83       300854.93
1960-1969       34            152144.26       150909.73       303053.98
1960-1969       35            154316.50       152088.50       306405.00
1960-1969       36            156873.41       153789.33       310662.74
1960-1969       37            159379.57       155736.49       315116.05
1960-1969       38            162039.93       158066.31       320106.25
1960-1969       39            164495.47       160353.14       324848.61
1960-1969       40            166043.22       162091.27       328134.49
1960-1969       41            166671.89       163163.10       329834.98
1960-1969       42            166522.49       163731.85       330254.34
1960-1969       43            166494.43       164777.44       331271.87
1960-1969       44            166855.86       166312.65       333168.51
1960-1969       45            167324.43       167873.22       335197.65
1960-1969       46            167727.60       169224.80       336952.40
1960-1969       47            167769.31       170482.80       338252.10
1960-1969       48            167459.13       171726.94       339186.07
1960-1969       49            166233.79       172268.72       338502.51
1960-1969       50            163610.93       171095.63       334706.56
1960-1969       51            160701.98       169088.12       329790.09
1960-1969       52            158142.59       167183.11       325325.70
1960-1969       53            154993.05       164340.89       319333.94
1960-1969       54            151726.95       160806.29       312533.24
1960-1969       55            148550.20       156883.01       305433.21
1960-1969       56            145143.61       152640.69       297784.29
1960-1969       57            141340.09       147890.15       289230.24
1960-1969       58            137680.80       142869.10       280549.90
1960-1969       59            135676.87       138951.41       274628.28
1960-1969       60            133729.53       134970.15       268699.67
1960-1969       61            131314.17       130813.62       262127.79
1960-1969       62            129113.68       127058.75       256172.43
1960-1969       63            126624.80       123338.88       249963.68
1960-1969       64            123810.25       119594.54       243404.78
1960-1969       65            120144.79       115082.83       235227.62
1960-1969       66            116500.36       110586.77       227087.13
1960-1969       67            113494.53       106768.47       220263.00
1960-1969       68            110623.25       102927.65       213550.90
1960-1969       69            107357.16        98767.06       206124.22
1960-1969       70            103654.28        94311.99       197966.27
1960-1969       71            100425.83        90319.47       190745.30
1960-1969       72             96802.23        86299.21       183101.44
1960-1969       73             91658.05        81075.48       172733.52
1960-1969       74             85556.61        75164.52       160721.13
1960-1969       75             79124.62        69096.33       148220.95
1960-1969       76             72845.16        63095.46       135940.62
1960-1969       77             67066.49        57474.89       124541.38
1960-1969       78             61731.53        52111.84       113843.37
1960-1969       79             56802.84        47096.52       103899.36
1960-1969       80             53166.68        42911.51        96078.20
1960-1969       81             47651.28        38094.96        85746.25
1960-1969       82             42849.63        33701.16        76550.79
1960-1969       83             37780.63        29269.24        67049.87
1960-1969       84             32584.87        24838.99        57423.87
1960-1969       85             27502.54        20360.94        47863.48
1960-1969       86             22854.77        16395.86        39250.64
1960-1969       87             18621.10        12890.88        31511.99
1960-1969       88             14913.00         9998.50        24911.50
1960-1969       89             11754.15         7653.92        19408.06
1960-1969       90              9025.27         5651.08        14676.35
1960-1969       91              6844.54         4104.27        10948.81
1960-1969       92              5197.74         2959.71         8157.45
1960-1969       93              3775.27         2052.24         5827.52
1960-1969       94              2663.33         1384.94         4048.27
1960-1969       95              1814.60          899.71         2714.31
1960-1969       96              1177.75          549.58         1727.33
1960-1969       97               717.14          312.72         1029.85
1960-1969       98               420.46          173.80          594.25
1960-1969       99               228.80           81.69          310.49
1960-1969      100               120.80           41.16          161.96
1960-1969      101                68.28           23.37           91.65
1960-1969      102                37.09           14.32           51.41
1960-1969      103                18.45           11.47           29.92
1960-1969      104                 9.43            8.87           18.29
1960-1969      105                 4.86            5.93           10.79
1960-1969      106                 2.19            3.93            6.12
1960-1969      107                 1.00            3.00            4.00
1960-1969      108                 0.48            2.47            2.95
1960-1969      109                 0.00            1.47            1.47
1960-1969      110+                0.00            0.47            0.47
1970-1979        0            328633.51       346007.58       674641.09
1970-1979        1            325107.25       341738.17       666845.42
1970-1979        2            323299.01       339932.94       663231.95
1970-1979        3            323107.27       339721.24       662828.50
1970-1979        4            323431.48       339908.11       663339.59
1970-1979        5            323648.89       339680.92       663329.80
1970-1979        6            323280.71       338912.46       662193.17
1970-1979        7            321838.88       337235.25       659074.13
1970-1979        8            319747.40       335135.04       654882.44
1970-1979        9            318032.15       333248.59       651280.74
1970-1979       10            316128.96       331010.62       647139.57
1970-1979       11            313786.18       328313.57       642099.75
1970-1979       12            311289.07       325201.11       636490.18
1970-1979       13            307898.02       321186.04       629084.06
1970-1979       14            303077.37       315988.01       619065.37
1970-1979       15            296803.08       309701.18       606504.26
1970-1979       16            289487.30       302227.89       591715.19
1970-1979       17            281537.04       293953.73       575490.76
1970-1979       18            272863.03       284888.72       557751.75
1970-1979       19            263751.91       275481.17       539233.09
1970-1979       20            254917.72       266104.54       521022.26
1970-1979       21            246527.99       256892.02       503420.00
1970-1979       22            238668.96       248259.18       486928.14
1970-1979       23            231463.05       240415.70       471878.75
1970-1979       24            224991.22       233439.18       458430.39
1970-1979       25            218372.63       226351.39       444724.02
1970-1979       26            211733.53       219290.06       431023.59
1970-1979       27            205227.87       212445.36       417673.23
1970-1979       28            198928.62       206179.91       405108.53
1970-1979       29            192842.40       200393.05       393235.45
1970-1979       30            186710.11       194520.27       381230.38
1970-1979       31            180568.84       188483.90       369052.74
1970-1979       32            174449.77       182218.19       356667.96
1970-1979       33            169277.87       176554.04       345831.91
1970-1979       34            164747.69       171684.46       336432.15
1970-1979       35            160654.30       167519.55       328173.85
1970-1979       36            157402.07       164145.29       321547.36
1970-1979       37            155038.16       161593.33       316631.48
1970-1979       38            153917.55       160222.83       314140.37
1970-1979       39            153288.86       159459.53       312748.39
1970-1979       40            152175.53       158014.38       310189.91
1970-1979       41            151307.03       156589.70       307896.73
1970-1979       42            151194.57       155791.43       306986.00
1970-1979       43            151413.54       155169.06       306582.59
1970-1979       44            151700.95       154533.38       306234.33
1970-1979       45            152261.20       154161.25       306422.45
1970-1979       46            153058.92       154214.71       307273.63
1970-1979       47            154073.51       154678.49       308752.00
1970-1979       48            155811.39       156057.66       311869.06
1970-1979       49            157630.87       157652.56       315283.43
1970-1979       50            158323.53       158075.25       316398.78
1970-1979       51            158154.45       157647.54       315801.99
1970-1979       52            157454.95       156767.13       314222.08
1970-1979       53            156862.08       156378.65       313240.73
1970-1979       54            156198.59       156049.32       312247.91
1970-1979       55            155186.71       155104.91       310291.62
1970-1979       56            153848.26       153763.79       307612.05
1970-1979       57            152277.27       152412.31       304689.57
1970-1979       58            150821.17       151299.72       302120.89
1970-1979       59            149002.73       149885.63       298888.36
1970-1979       60            146059.15       147234.67       293293.83
1970-1979       61            143019.94       144249.66       287269.59
1970-1979       62            140736.39       141465.64       282202.03
1970-1979       63            138303.13       138060.25       276363.38
1970-1979       64            135790.64       134257.75       270048.39
1970-1979       65            132299.81       129487.30       261787.11
1970-1979       66            127888.08       124012.77       251900.86
1970-1979       67            123215.55       118118.89       241334.44
1970-1979       68            118719.15       111832.94       230552.09
1970-1979       69            115428.06       105996.76       221424.81
1970-1979       70            111728.67        99876.37       211605.04
1970-1979       71            108024.45        93934.72       201959.16
1970-1979       72            104679.94        88230.63       192910.57
1970-1979       73            100567.01        82324.59       182891.60
1970-1979       74             95443.91        76371.27       171815.18
1970-1979       75             89135.01        69980.01       159115.02
1970-1979       76             82000.23        63328.23       145328.46
1970-1979       77             74980.62        56916.24       131896.85
1970-1979       78             68244.95        50882.57       119127.53
1970-1979       79             61581.21        45212.22       106793.43
1970-1979       80             58297.91        41373.11        99671.02
1970-1979       81             52116.47        36436.75        88553.22
1970-1979       82             46775.94        32127.25        78903.19
1970-1979       83             41019.57        27649.95        68669.52
1970-1979       84             35166.32        23245.15        58411.47
1970-1979       85             29701.24        19197.54        48898.78
1970-1979       86             24779.84        15652.06        40431.90
1970-1979       87             20396.66        12510.98        32907.64
1970-1979       88             16702.72         9888.25        26590.97
1970-1979       89             13467.32         7685.46        21152.78
1970-1979       90             10645.07         5840.72        16485.79
1970-1979       91              8312.87         4382.12        12694.99
1970-1979       92              6412.42         3250.85         9663.28
1970-1979       93              4784.68         2299.34         7084.02
1970-1979       94              3496.47         1569.02         5065.48
1970-1979       95              2506.61         1048.33         3554.95
1970-1979       96              1717.56          677.06         2394.63
1970-1979       97              1120.75          405.26         1526.01
1970-1979       98               689.60          224.62          914.22
1970-1979       99               366.34          109.17          475.50
1970-1979      100               192.32           50.95          243.27
1970-1979      101               113.04           27.92          140.97
1970-1979      102                58.19           14.13           72.32
1970-1979      103                25.70            7.38           33.07
1970-1979      104                10.86            4.38           15.24
1970-1979      105                 4.47            1.91            6.39
1970-1979      106                 3.73            1.00            4.73
1970-1979      107                 2.18            0.47            2.64
1970-1979      108                 0.47            0.00            0.47
1970-1979      109                 0.00            0.00            0.00
1970-1979      110+                0.00            0.00            0.00
1980-1989        0            311937.50       329968.42       641905.91
1980-1989        1            319370.06       336913.52       656283.58
1980-1989        2            324630.13       342128.10       666758.23
1980-1989        3            328035.44       345709.37       673744.81
1980-1989        4            331183.87       349103.40       680287.27
1980-1989        5            334368.48       352432.14       686800.62
1980-1989        6            337465.89       355484.32       692950.21
1980-1989        7            339395.56       357454.15       696849.72
1980-1989        8            340217.70       358200.44       698418.14
1980-1989        9            339789.85       357501.91       697291.76
1980-1989       10            338671.96       356018.85       694690.81
1980-1989       11            337387.01       354869.02       692256.03
1980-1989       12            336420.30       354161.72       690582.02
1980-1989       13            336076.03       353641.71       689717.74
1980-1989       14            335024.31       352215.88       687240.19
1980-1989       15            332602.55       349136.90       681739.45
1980-1989       16            327904.99       344062.06       671967.05
1980-1989       17            320570.28       336338.69       656908.97
1980-1989       18            311287.47       326411.26       637698.73
1980-1989       19            301598.24       315376.02       616974.26
1980-1989       20            292389.61       304094.76       596484.37
1980-1989       21            283896.19       293068.96       576965.15
1980-1989       22            276476.44       282896.28       559372.72
1980-1989       23            270338.48       274045.32       544383.80
1980-1989       24            265024.64       266676.55       531701.19
1980-1989       25            260553.42       261165.22       521718.64
1980-1989       26            256710.86       257026.95       513737.81
1980-1989       27            253520.47       254003.50       507523.96
1980-1989       28            250290.04       251208.49       501498.53
1980-1989       29            246723.06       248483.73       495206.79
1980-1989       30            243522.62       246178.79       489701.41
1980-1989       31            240670.00       244049.45       484719.45
1980-1989       32            237798.16       241946.37       479744.53
1980-1989       33            234317.59       239340.40       473657.98
1980-1989       34            230533.44       236230.95       466764.38
1980-1989       35            226141.96       232319.40       458461.36
1980-1989       36            220927.25       227464.14       448391.39
1980-1989       37            215225.11       222084.46       437309.57
1980-1989       38            208853.95       216106.14       424960.09
1980-1989       39            202357.00       210129.19       412486.19
1980-1989       40            195917.54       204344.55       400262.09
1980-1989       41            188873.35       197758.48       386631.83
1980-1989       42            181474.29       190328.70       371802.99
1980-1989       43            174735.82       183223.60       357959.43
1980-1989       44            168757.33       176997.53       345754.86
1980-1989       45            163392.24       171579.35       334971.59
1980-1989       46            158852.90       166902.30       325755.20
1980-1989       47            155375.44       163094.32       318469.76
1980-1989       48            152936.00       160095.52       313031.52
1980-1989       49            151286.06       157884.91       309170.97
1980-1989       50            149718.11       155913.36       305631.47
1980-1989       51            148039.71       153608.04       301647.75
1980-1989       52            146837.83       151373.88       298211.71
1980-1989       53            145967.05       149076.55       295043.60
1980-1989       54            145379.70       146959.99       292339.69
1980-1989       55            145383.79       145396.24       290780.03
1980-1989       56            145750.43       144082.09       289832.52
1980-1989       57            146238.52       142853.03       289091.55
1980-1989       58            146816.81       141824.22       288641.03
1980-1989       59            147334.83       140894.52       288229.35
1980-1989       60            147406.76       139664.97       287071.73
1980-1989       61            146665.25       137753.64       284418.89
1980-1989       62            145074.46       135370.62       280445.08
1980-1989       63            143336.35       133147.39       276483.74
1980-1989       64            141729.97       131234.95       272964.92
1980-1989       65            140703.39       129286.28       269989.68
1980-1989       66            139598.77       126950.22       266548.99
1980-1989       67            137613.46       124233.81       261847.27
1980-1989       68            134915.90       120884.96       255800.86
1980-1989       69            131463.78       116753.45       248217.23
1980-1989       70            126988.04       111724.56       238712.59
1980-1989       71            121885.37       106129.72       228015.08
1980-1989       72            116827.88       100229.71       217057.58
1980-1989       73            111290.79        93563.56       204854.35
1980-1989       74            105301.28        86301.85       191603.13
1980-1989       75             98858.87        78726.37       177585.24
1980-1989       76             91844.59        71143.13       162987.72
1980-1989       77             84676.48        63656.35       148332.83
1980-1989       78             77752.30        56235.22       133987.52
1980-1989       79             71580.68        49306.89       120887.58
1980-1989       80             68057.35        44423.19       112480.54
1980-1989       81             61643.56        38592.31       100235.87
1980-1989       82             55252.77        33165.86        88418.64
1980-1989       83             48815.79        28047.03        76862.82
1980-1989       84             42507.13        23365.33        65872.46
1980-1989       85             36475.25        19255.01        55730.25
1980-1989       86             30809.02        15709.70        46518.73
1980-1989       87             25532.74        12496.78        38029.52
1980-1989       88             20875.45         9807.65        30683.10
1980-1989       89             16784.21         7608.73        24392.94
1980-1989       90             13229.94         5784.98        19014.91
1980-1989       91             10349.90         4380.64        14730.53
1980-1989       92              7948.66         3240.89        11189.55
1980-1989       93              5909.58         2271.52         8181.10
1980-1989       94              4307.83         1549.79         5857.62
1980-1989       95              3024.69         1029.70         4054.38
1980-1989       96              2071.43          668.16         2739.59
1980-1989       97              1368.21          416.59         1784.80
1980-1989       98               855.95          235.55         1091.50
1980-1989       99               518.23          121.06          639.29
1980-1989      100               308.40           63.51          371.91
1980-1989      101               175.14           35.10          210.24
1980-1989      102                97.31           16.64          113.95
1980-1989      103                60.30            7.09           67.39
1980-1989      104                37.25            4.49           41.74
1980-1989      105                18.51            2.93           21.44
1980-1989      106                 7.00            1.46            8.46
1980-1989      107                 2.47            0.47            2.94
1980-1989      108                 1.47            0.00            1.47
1980-1989      109                 1.00            0.00            1.00
1980-1989      110+                1.47            0.00            1.47
1990-1999        0            247927.94       263562.70       511490.63
1990-1999        1            249947.44       265372.35       515319.78
1990-1999        2            252764.00       267840.75       520604.76
1990-1999        3            256701.20       271337.19       528038.39
1990-1999        4            262305.17       276587.86       538893.02
1990-1999        5            269358.48       285249.44       554607.92
1990-1999        6            278670.79       292547.67       571218.45
1990-1999        7            286706.07       300931.84       587637.91
1990-1999        8            292462.84       307443.13       599905.97
1990-1999        9            300020.06       316553.44       616573.50
1990-1999       10            309136.78       326378.50       635515.28
1990-1999       11            316910.59       334980.93       651891.51
1990-1999       12            322675.46       341184.95       663860.41
1990-1999       13            328485.58       347338.35       675823.93
1990-1999       14            331979.01       350922.27       682901.28
1990-1999       15            334585.66       351490.27       686075.93
1990-1999       16            336798.96       353812.95       690611.91
1990-1999       17            335782.49       353621.53       689404.02
1990-1999       18            323395.39       339375.34       662770.73
1990-1999       19            311255.49       324624.13       635879.62
1990-1999       20            302110.88       314723.52       616834.40
1990-1999       21            292056.18       305359.47       597415.66
1990-1999       22            281589.48       293813.55       575403.03
1990-1999       23            273292.29       284738.65       558030.94
1990-1999       24            264808.08       274410.62       539218.70
1990-1999       25            261369.16       266198.86       527568.03
1990-1999       26            259110.49       258581.58       517692.06
1990-1999       27            260690.91       253619.26       514310.17
1990-1999       28            260048.19       253147.30       513195.49
1990-1999       29            260280.89       253363.10       513643.99
1990-1999       30            261153.50       251806.03       512959.53
1990-1999       31            264667.98       253048.52       517716.49
1990-1999       32            265914.50       256718.50       522633.00
1990-1999       33            265310.65       259733.85       525044.51
1990-1999       34            263044.83       257762.26       520807.09
1990-1999       35            260812.12       254832.28       515644.40
1990-1999       36            257073.96       253199.31       510273.27
1990-1999       37            255667.25       250324.01       505991.26
1990-1999       38            253232.53       247287.29       500519.82
1990-1999       39            248931.04       246932.27       495863.31
1990-1999       40            245267.26       244883.55       490150.81
1990-1999       41            241469.12       242464.12       483933.24
1990-1999       42            238882.15       239615.89       478498.04
1990-1999       43            235529.10       236997.10       472526.19
1990-1999       44            230190.66       231829.84       462020.50
1990-1999       45            224531.58       227217.51       451749.08
1990-1999       46            219129.20       222798.35       441927.55
1990-1999       47            213155.21       218548.20       431703.41
1990-1999       48            205793.43       211680.49       417473.92
1990-1999       49            199891.32       205864.82       405756.14
1990-1999       50            193203.62       199410.32       392613.94
1990-1999       51            185697.79       192890.37       378588.16
1990-1999       52            178310.47       184990.01       363300.48
1990-1999       53            170637.91       176831.47       347469.38
1990-1999       54            164853.87       170062.83       334916.69
1990-1999       55            158310.98       161881.89       320192.87
1990-1999       56            153128.95       157633.12       310762.07
1990-1999       57            150439.01       153705.04       304144.05
1990-1999       58            147973.61       149807.63       297781.24
1990-1999       59            145603.63       146971.57       292575.20
1990-1999       60            143522.75       143612.38       287135.13
1990-1999       61            142076.43       141035.03       283111.46
1990-1999       62            139966.70       137118.45       277085.15
1990-1999       63            138032.25       133131.37       271163.62
1990-1999       64            136444.33       130703.81       267148.14
1990-1999       65            135325.98       127012.65       262338.62
1990-1999       66            135072.97       125148.25       260221.21
1990-1999       67            135735.58       122835.68       258571.26
1990-1999       68            135201.58       118835.23       254036.81
1990-1999       69            133709.06       115600.28       249309.34
1990-1999       70            130779.42       110286.72       241066.14
1990-1999       71            127425.47       105862.47       233287.94
1990-1999       72            124020.20        99527.00       223547.20
1990-1999       73            119540.48        95270.38       214810.86
1990-1999       74            114796.24        88883.37       203679.61
1990-1999       75            109507.99        83265.67       192773.66
1990-1999       76            104212.29        76639.78       180852.07
1990-1999       77             98654.48        71168.44       169822.93
1990-1999       78             92428.80        65297.10       157725.90
1990-1999       79             86133.94        59051.53       145185.47
1990-1999       80             81054.00        52985.23       134039.23
1990-1999       81             74263.69        46686.86       120950.55
1990-1999       82             67476.82        40650.86       108127.68
1990-1999       83             60535.61        34724.45        95260.06
1990-1999       84             53534.22        29099.20        82633.42
1990-1999       85             46563.48        23962.68        70526.17
1990-1999       86             39792.57        19316.45        59109.02
1990-1999       87             33401.30        15294.26        48695.55
1990-1999       88             27709.59        11964.32        39673.91
1990-1999       89             22628.63         9205.71        31834.34
1990-1999       90             18093.61         6949.35        25042.95
1990-1999       91             14234.07         5139.10        19373.16
1990-1999       92             10924.78         3690.28        14615.06
1990-1999       93              8167.53         2618.03        10785.56
1990-1999       94              5988.74         1850.90         7839.64
1990-1999       95              4271.79         1256.89         5528.69
1990-1999       96              2969.00          823.90         3792.89
1990-1999       97              2010.51          514.25         2524.76
1990-1999       98              1307.11          302.71         1609.81
1990-1999       99               796.01          181.80          977.82
1990-1999      100               472.59          110.89          583.48
1990-1999      101               290.73           61.10          351.83
1990-1999      102               172.20           30.69          202.89
1990-1999      103                92.83           17.14          109.97
1990-1999      104                44.64           11.32           55.96
1990-1999      105                22.66            5.98           28.64
1990-1999      106                12.45            1.64           14.09
1990-1999      107                 5.87            0.22            6.09
1990-1999      108                 2.40            0.00            2.40
1990-1999      109                 1.00            0.00            1.00
1990-1999      110+                0.47            0.00            0.47
2000-2009        0            305884.60       322064.03       627948.62
2000-2009        1            293982.48       309447.52       603430.01
2000-2009        2            286880.99       301494.53       588375.53
2000-2009        3            283987.65       297698.77       581686.42
2000-2009        4            282779.86       296722.80       579502.66
2000-2009        5            281469.02       295277.35       576746.37
2000-2009        6            277139.45       292524.89       569664.34
2000-2009        7            275154.29       289433.80       564588.09
2000-2009        8            272390.81       286417.72       558808.54
2000-2009        9            273070.17       286879.51       559949.68
2000-2009       10            272645.24       287758.79       560404.03
2000-2009       11            273029.56       287125.86       560155.42
2000-2009       12            274263.37       288739.28       563002.65
2000-2009       13            276431.61       291078.51       567510.12
2000-2009       14            281566.21       297082.70       578648.91
2000-2009       15            285275.41       300636.53       585911.94
2000-2009       16            290566.36       305473.30       596039.66
2000-2009       17            296588.46       311180.06       607768.51
2000-2009       18            300741.24       311728.28       612469.52
2000-2009       19            307423.82       314921.42       622345.24
2000-2009       20            323463.21       324996.76       648459.98
2000-2009       21            334175.88       335438.33       669614.20
2000-2009       22            344729.14       346063.49       690792.62
2000-2009       23            348656.38       351812.69       700469.07
2000-2009       24            354646.95       355301.43       709948.38
2000-2009       25            353530.05       354505.96       708036.00
2000-2009       26            351029.76       352480.27       703510.02
2000-2009       27            348340.76       348798.64       697139.40
2000-2009       28            344606.03       348330.55       692936.58
2000-2009       29            339604.09       346760.72       686364.81
2000-2009       30            336764.38       341041.47       677805.85
2000-2009       31            334073.30       333996.99       668070.29
2000-2009       32            331075.19       333261.08       664336.27
2000-2009       33            325654.83       329518.02       655172.84
2000-2009       34            323502.37       329001.54       652503.91
2000-2009       35            322662.32       326956.21       649618.53
2000-2009       36            318608.53       321720.40       640328.94
2000-2009       37            312025.82       315459.35       627485.17
2000-2009       38            306981.00       310740.15       617721.15
2000-2009       39            302300.62       306806.13       609106.75
2000-2009       40            299035.55       300264.39       599299.94
2000-2009       41            294550.90       295301.85       589852.75
2000-2009       42            291648.55       290524.19       582172.74
2000-2009       43            287706.82       287014.82       574721.64
2000-2009       44            281879.33       282478.60       564357.92
2000-2009       45            277366.80       277582.52       554949.31
2000-2009       46            272333.84       272450.80       544784.64
2000-2009       47            266164.73       266678.00       532842.73
2000-2009       48            259121.91       261712.88       520834.80
2000-2009       49            254490.18       256372.40       510862.58
2000-2009       50            250464.38       253376.38       503840.77
2000-2009       51            245297.58       248546.46       493844.04
2000-2009       52            241249.55       244851.00       486100.54
2000-2009       53            236415.01       240149.49       476564.50
2000-2009       54            230965.69       236498.53       467464.23
2000-2009       55            225737.15       230130.89       455868.03
2000-2009       56            218333.15       223132.17       441465.32
2000-2009       57            210894.70       216625.10       427519.80
2000-2009       58            203906.69       208332.43       412239.12
2000-2009       59            195186.27       200116.83       395303.10
2000-2009       60            188555.72       192030.23       380585.95
2000-2009       61            180600.84       184733.09       365333.93
2000-2009       62            172840.95       175966.95       348807.90
2000-2009       63            165692.89       166848.73       332541.62
2000-2009       64            158552.05       159128.82       317680.87
2000-2009       65            152697.72       151032.66       303730.38
2000-2009       66            146487.87       143803.49       290291.36
2000-2009       67            142197.81       137993.62       280191.44
2000-2009       68            137953.91       132763.65       270717.56
2000-2009       69            134048.12       127787.93       261836.04
2000-2009       70            130986.97       122396.56       253383.53
2000-2009       71            127230.73       116137.33       243368.06
2000-2009       72            124054.91       110202.49       234257.41
2000-2009       73            120590.03       103180.43       223770.45
2000-2009       74            116869.87        97965.56       214835.43
2000-2009       75            112966.17        91408.44       204374.61
2000-2009       76            108477.97        84830.33       193308.29
2000-2009       77            105042.38        79214.02       184256.40
2000-2009       78            100363.97        72197.80       172561.77
2000-2009       79             95549.00        66474.55       162023.55
2000-2009       80             91004.58        60969.44       151974.02
2000-2009       81             84757.50        54142.24       138899.73
2000-2009       82             78445.04        47727.51       126172.55
2000-2009       83             71747.92        42002.88       113750.80
2000-2009       84             64639.69        36260.12       100899.82
2000-2009       85             57708.67        30709.20        88417.87
2000-2009       86             50746.56        25516.31        76262.86
2000-2009       87             43779.05        20748.65        64527.70
2000-2009       88             37211.05        16573.18        53784.23
2000-2009       89             31053.84        12937.00        43990.84
2000-2009       90             25289.85         9858.74        35148.58
2000-2009       91             20280.36         7370.38        27650.74
2000-2009       92             15921.15         5386.83        21307.97
2000-2009       93             12194.24         3814.27        16008.50
2000-2009       94              9132.04         2589.16        11721.20
2000-2009       95              6610.50         1717.04         8327.54
2000-2009       96              4603.98         1119.99         5723.97
2000-2009       97              3094.33          711.15         3805.48
2000-2009       98              2042.57          435.01         2477.58
2000-2009       99              1322.90          260.02         1582.92
2000-2009      100               810.17          147.58          957.75
2000-2009      101               488.31           77.73          566.04
2000-2009      102               287.64           41.79          329.43
2000-2009      103               157.39           23.79          181.18
2000-2009      104                81.08           13.00           94.08
2000-2009      105                39.77            6.70           46.47
2000-2009      106                20.23            2.42           22.65
2000-2009      107                11.28            0.70           11.98
2000-2009      108                 6.31            0.00            6.31
2000-2009      109                 1.87            0.00            1.87
2000-2009      110+                0.00            0.00            0.00
2010-2014        0            175794.67       184237.69       360032.36
2010-2014        1            177614.63       185401.13       363015.76
2010-2014        2            179732.02       187084.43       366816.46
2010-2014        3            176533.73       183274.48       359808.21
2010-2014        4            171571.48       178500.94       350072.42
2010-2014        5            167801.56       174697.81       342499.38
2010-2014        6            163716.86       171116.42       334833.27
2010-2014        7            159896.48       166710.43       326606.91
2010-2014        8            156995.56       163932.21       320927.77
2010-2014        9            155016.71       161801.99       316818.70
2010-2014       10            153231.77       160049.67       313281.44
2010-2014       11            151220.07       157897.84       309117.90
2010-2014       12            148968.89       156183.06       305151.95
2010-2014       13            147103.67       154695.91       301799.58
2010-2014       14            144395.04       152414.74       296809.78
2010-2014       15            142348.22       150330.08       292678.30
2010-2014       16            139962.20       147800.28       287762.48
2010-2014       17            137139.65       145018.57       282158.22
2010-2014       18            131759.38       139255.50       271014.88
2010-2014       19            129503.71       135249.56       264753.27
2010-2014       20            130496.29       135062.98       265559.27
2010-2014       21            133233.27       135749.65       268982.92
2010-2014       22            137206.52       138256.56       275463.08
2010-2014       23            141877.12       141597.99       283475.10
2010-2014       24            148324.43       144791.06       293115.49
2010-2014       25            157144.34       149461.25       306605.59
2010-2014       26            166472.90       156067.48       322540.38
2010-2014       27            175661.82       163151.08       338812.90
2010-2014       28            184472.13       169752.40       354224.53
2010-2014       29            191727.23       177571.61       369298.84
2010-2014       30            197494.05       184474.90       381968.95
2010-2014       31            200218.10       188638.33       388856.43
2010-2014       32            200118.71       189888.83       390007.54
2010-2014       33            197191.53       189480.26       386671.79
2010-2014       34            192714.03       187689.24       380403.27
2010-2014       35            188514.61       184868.07       373382.67
2010-2014       36            185391.54       182433.39       367824.92
2010-2014       37            182442.61       180910.83       363353.44
2010-2014       38            180503.48       179626.33       360129.80
2010-2014       39            178202.86       178079.79       356282.65
2010-2014       40            175504.72       176021.61       351526.33
2010-2014       41            171971.22       172520.73       344491.95
2010-2014       42            167552.46       168885.57       336438.02
2010-2014       43            163962.22       165362.54       329324.76
2010-2014       44            160518.69       161542.40       322061.10
2010-2014       45            158142.43       158594.64       316737.07
2010-2014       46            156944.39       156748.28       313692.66
2010-2014       47            155526.34       154110.34       309636.68
2010-2014       48            153082.48       151338.81       304421.29
2010-2014       49            150979.67       148584.99       299564.65
2010-2014       50            147836.27       145913.20       293749.47
2010-2014       51            143739.95       142030.04       285769.99
2010-2014       52            140451.20       139065.54       279516.74
2010-2014       53            137410.40       135794.97       273205.36
2010-2014       54            133540.01       132469.45       266009.46
2010-2014       55            130208.70       129236.38       259445.08
2010-2014       56            127375.65       126519.42       253895.07
2010-2014       57            124450.85       123981.22       248432.06
2010-2014       58            121789.83       121204.77       242994.60
2010-2014       59            118630.13       118412.26       237042.39
2010-2014       60            115879.84       115714.01       231593.85
2010-2014       61            113256.98       112856.26       226113.24
2010-2014       62            110621.80       110487.40       221109.20
2010-2014       63            108017.98       107851.45       215869.43
2010-2014       64            104740.77       104997.24       209738.01
2010-2014       65            101051.30       101301.05       202352.34
2010-2014       66             96616.35        96648.10       193264.46
2010-2014       67             91843.85        91312.11       183155.96
2010-2014       68             86468.19        85374.38       171842.57
2010-2014       69             81085.96        79437.08       160523.04
2010-2014       70             76491.64        74132.14       150623.77
2010-2014       71             72691.68        69518.29       142209.97
2010-2014       72             68977.89        65447.13       134425.03
2010-2014       73             66345.31        61429.01       127774.32
2010-2014       74             63938.76        58330.39       122269.15
2010-2014       75             61643.97        54965.93       116609.90
2010-2014       76             58911.28        51461.59       110372.86
2010-2014       77             56390.47        48156.65       104547.12
2010-2014       78             53567.95        44313.70        97881.66
2010-2014       79             50711.90        40761.60        91473.49
2010-2014       80             47955.19        37430.89        85386.07
2010-2014       81             44744.46        33424.84        78169.29
2010-2014       82             41780.80        29480.64        71261.44
2010-2014       83             39141.53        25980.89        65122.42
2010-2014       84             36072.99        22615.89        58688.88
2010-2014       85             32836.63        19468.74        52305.37
2010-2014       86             30000.24        16784.55        46784.80
2010-2014       87             27047.26        14317.74        41365.01
2010-2014       88             23884.80        12021.38        35906.19
2010-2014       89             20626.90         9873.53        30500.43
2010-2014       90             17461.20         7809.90        25271.11
2010-2014       91             14238.50         5914.10        20152.60
2010-2014       92             11179.11         4321.68        15500.79
2010-2014       93              8620.77         3061.85        11682.62
2010-2014       94              6556.54         2138.09         8694.64
2010-2014       95              4870.23         1452.05         6322.28
2010-2014       96              3582.22          948.37         4530.59
2010-2014       97              2554.16          599.66         3153.82
2010-2014       98              1741.20          368.57         2109.77
2010-2014       99              1144.20          217.60         1361.79
2010-2014      100               722.76          118.98          841.74
2010-2014      101               442.84           62.82          505.66
2010-2014      102               257.40           32.01          289.41
2010-2014      103               143.09           12.65          155.74
2010-2014      104                77.18            3.86           81.04
2010-2014      105                40.42            2.60           43.02
2010-2014      106                18.81            1.70           20.51
2010-2014      107                 7.36            1.00            8.36
2010-2014      108                 3.28            0.46            3.74
2010-2014      109                 0.93            0.00            0.93
2010-2014      110+                0.00            0.00            0.00
