Japan, Exposure to risk (period 1x10), 	Last modified: 12 Mar 2018;  Methods Protocol: v6 (2017)

  Year          Age             Female            Male           Total
1947-1949        0           3636766.78      3800879.20      7437645.98
1947-1949        1           3071687.10      3188474.94      6260162.04
1947-1949        2           2674054.68      2760150.50      5434205.18
1947-1949        3           2584966.64      2651772.71      5236739.35
1947-1949        4           2771090.19      2837835.19      5608925.39
1947-1949        5           2919541.83      2990538.38      5910080.21
1947-1949        6           2875598.59      2943925.17      5819523.76
1947-1949        7           2783407.00      2847224.99      5630631.99
1947-1949        8           2585862.25      2642909.93      5228772.18
1947-1949        9           2514303.53      2569384.20      5083687.74
1947-1949       10           2521644.72      2576390.44      5098035.16
1947-1949       11           2630554.82      2684405.26      5314960.09
1947-1949       12           2614808.77      2666970.85      5281779.62
1947-1949       13           2595739.94      2646450.94      5242190.88
1947-1949       14           2556677.24      2604572.86      5161250.10
1947-1949       15           2543391.69      2589276.05      5132667.73
1947-1949       16           2536263.26      2579230.62      5115493.88
1947-1949       17           2478522.73      2509749.43      4988272.17
1947-1949       18           2446173.98      2454652.12      4900826.10
1947-1949       19           2375526.84      2363354.83      4738881.67
1947-1949       20           2348433.26      2322266.56      4670699.83
1947-1949       21           2306213.14      2246485.64      4552698.77
1947-1949       22           2263981.85      2139682.34      4403664.19
1947-1949       23           2181929.90      1966607.93      4148537.83
1947-1949       24           2092434.10      1775618.69      3868052.80
1947-1949       25           2026178.61      1622231.15      3648409.77
1947-1949       26           1970423.27      1520993.81      3491417.08
1947-1949       27           1919520.26      1477483.14      3397003.40
1947-1949       28           1811554.98      1423191.30      3234746.28
1947-1949       29           1725401.08      1392172.71      3117573.79
1947-1949       30           1655768.93      1368749.32      3024518.25
1947-1949       31           1663998.79      1398631.66      3062630.45
1947-1949       32           1661994.69      1413290.70      3075285.39
1947-1949       33           1655345.06      1424576.24      3079921.30
1947-1949       34           1625886.59      1414584.45      3040471.04
1947-1949       35           1606868.85      1409692.66      3016561.50
1947-1949       36           1579530.12      1400259.45      2979789.57
1947-1949       37           1550028.04      1396122.42      2946150.45
1947-1949       38           1504691.65      1381878.90      2886570.56
1947-1949       39           1457559.64      1365680.79      2823240.43
1947-1949       40           1404037.92      1350327.05      2754364.97
1947-1949       41           1315794.81      1298170.33      2613965.14
1947-1949       42           1246222.85      1249593.79      2495816.64
1947-1949       43           1199035.96      1210785.66      2409821.62
1947-1949       44           1206290.00      1222888.31      2429178.31
1947-1949       45           1209636.15      1234936.70      2444572.85
1947-1949       46           1200944.23      1232128.36      2433072.59
1947-1949       47           1167380.56      1201499.02      2368879.58
1947-1949       48           1116315.92      1151439.72      2267755.65
1947-1949       49           1062078.58      1100039.99      2162118.58
1947-1949       50           1012956.16      1053885.43      2066841.59
1947-1949       51            976596.55      1017286.16      1993882.71
1947-1949       52            943262.76       979903.57      1923166.33
1947-1949       53            907326.87       936338.42      1843665.28
1947-1949       54            869738.66       892129.92      1761868.59
1947-1949       55            831085.57       847084.36      1678169.94
1947-1949       56            802003.99       808176.55      1610180.53
1947-1949       57            790613.93       784937.08      1575551.01
1947-1949       58            788379.56       771282.18      1559661.74
1947-1949       59            779967.66       752115.61      1532083.27
1947-1949       60            743279.68       706838.88      1450118.56
1947-1949       61            695570.33       647855.16      1343425.49
1947-1949       62            662960.13       599667.28      1262627.41
1947-1949       63            648750.10       568763.29      1217513.40
1947-1949       64            639814.29       545356.82      1185171.11
1947-1949       65            625968.63       520741.65      1146710.27
1947-1949       66            605086.77       494449.02      1099535.79
1947-1949       67            576642.71       463987.23      1040629.93
1947-1949       68            547038.13       431862.86       978900.99
1947-1949       69            518741.86       400255.64       918997.50
1947-1949       70            490789.05       370798.08       861587.12
1947-1949       71            458121.37       338409.17       796530.55
1947-1949       72            419244.74       301496.87       720741.61
1947-1949       73            376163.15       263412.60       639575.75
1947-1949       74            333737.39       227174.94       560912.33
1947-1949       75            290943.22       193371.89       484315.10
1947-1949       76            245841.97       159588.45       405430.42
1947-1949       77            204562.84       129246.84       333809.68
1947-1949       78            176077.11       107298.18       283375.29
1947-1949       79            156164.15        91644.12       247808.27
1947-1949       80            137309.98        77685.17       214995.15
1947-1949       81            116119.98        63135.74       179255.72
1947-1949       82             97105.33        50524.93       147630.27
1947-1949       83             78895.99        39736.60       118632.60
1947-1949       84             59599.10        29104.91        88704.01
1947-1949       85             42730.75        20180.81        62911.57
1947-1949       86             31344.37        14201.20        45545.58
1947-1949       87             24007.48        10452.74        34460.23
1947-1949       88             18589.24         7987.50        26576.74
1947-1949       89             14037.89         5919.48        19957.38
1947-1949       90             10175.94         4166.84        14342.78
1947-1949       91              7177.27         2817.64         9994.91
1947-1949       92              4897.63         1792.88         6690.51
1947-1949       93              3205.91         1144.28         4350.19
1947-1949       94              2046.32          745.80         2792.12
1947-1949       95              1228.95          478.70         1707.65
1947-1949       96               742.34          280.46         1022.80
1947-1949       97               453.27          173.57          626.84
1947-1949       98               260.04          118.04          378.08
1947-1949       99               148.35           72.19          220.54
1947-1949      100                81.17           34.17          115.34
1947-1949      101                44.67           15.50           60.17
1947-1949      102                26.33           10.50           36.83
1947-1949      103                18.50            5.17           23.67
1947-1949      104                10.50            2.17           12.67
1947-1949      105                 6.33            2.50            8.83
1947-1949      106                 3.33            1.50            4.83
1947-1949      107                 2.83            2.17            5.00
1947-1949      108                 2.50            0.83            3.33
1947-1949      109                 2.67            0.50            3.17
1947-1949      110+               16.83            5.50           22.33
1950-1959        0           8975692.17      9409638.98     18385331.16
1950-1959        1           9221182.92      9634752.24     18855935.16
1950-1959        2           9622717.07     10044216.26     19666933.33
1950-1959        3           9883346.45     10312294.19     20195640.64
1950-1959        4           9828956.62     10249093.90     20078050.52
1950-1959        5           9834376.35     10239504.29     20073880.64
1950-1959        6           9962437.98     10354481.09     20316919.07
1950-1959        7          10008168.26     10385915.62     20394083.88
1950-1959        8          10040495.23     10402206.35     20442701.58
1950-1959        9           9933353.34     10273700.87     20207054.21
1950-1959       10           9675861.82      9990141.01     19666002.83
1950-1959       11           9284294.99      9565388.58     18849683.57
1950-1959       12           8956135.02      9200593.97     18156728.99
1950-1959       13           8770592.01      8981878.94     17752470.96
1950-1959       14           8911014.40      9103540.99     18014555.39
1950-1959       15           8919853.80      9090150.45     18010004.24
1950-1959       16           8790690.47      8933561.27     17724251.74
1950-1959       17           8694751.11      8805861.93     17500613.04
1950-1959       18           8531729.11      8607008.84     17138737.95
1950-1959       19           8426930.85      8466671.81     16893602.66
1950-1959       20           8350286.73      8357288.78     16707575.51
1950-1959       21           8334602.09      8312018.27     16646620.35
1950-1959       22           8218188.74      8175257.71     16393446.44
1950-1959       23           8111853.21      8046609.03     16158462.24
1950-1959       24           7958437.14      7859939.38     15818376.53
1950-1959       25           7816907.82      7667077.87     15483985.69
1950-1959       26           7649483.62      7419159.50     15068643.12
1950-1959       27           7455647.83      7109095.25     14564743.07
1950-1959       28           7275701.99      6794416.81     14070118.80
1950-1959       29           7076616.73      6463206.34     13539823.06
1950-1959       30           6907369.71      6176659.29     13084029.00
1950-1959       31           6664533.56      5842979.68     12507513.25
1950-1959       32           6454359.66      5551090.75     12005450.41
1950-1959       33           6244744.82      5273899.63     11518644.45
1950-1959       34           6054840.92      5038465.31     11093306.23
1950-1959       35           5886275.36      4855681.81     10741957.18
1950-1959       36           5748224.72      4743584.58     10491809.30
1950-1959       37           5617195.64      4677954.23     10295149.87
1950-1959       38           5495436.93      4640302.04     10135738.97
1950-1959       39           5368131.76      4604623.86      9972755.62
1950-1959       40           5241713.51      4566202.53      9807916.04
1950-1959       41           5178197.85      4569376.10      9747573.95
1950-1959       42           5092365.88      4553802.02      9646167.90
1950-1959       43           4982617.95      4519942.50      9502560.45
1950-1959       44           4820313.24      4431212.14      9251525.38
1950-1959       45           4670094.13      4346706.38      9016800.51
1950-1959       46           4519726.61      4262092.98      8781819.60
1950-1959       47           4388244.76      4193465.92      8581710.68
1950-1959       48           4257643.98      4123425.21      8381069.19
1950-1959       49           4130300.43      4046079.58      8176380.01
1950-1959       50           3994519.25      3951800.07      7946319.33
1950-1959       51           3852499.12      3845126.61      7697625.73
1950-1959       52           3720242.01      3736763.55      7457005.57
1950-1959       53           3593673.65      3620650.49      7214324.14
1950-1959       54           3503315.11      3531240.71      7034555.82
1950-1959       55           3402297.02      3426915.32      6829212.34
1950-1959       56           3285243.06      3302054.95      6587298.01
1950-1959       57           3154999.53      3161279.33      6316278.86
1950-1959       58           3016464.00      3005890.70      6022354.71
1950-1959       59           2883254.68      2849698.69      5732953.37
1950-1959       60           2773299.01      2712779.73      5486078.73
1950-1959       61           2674287.03      2585840.31      5260127.34
1950-1959       62           2569214.13      2453389.85      5022603.97
1950-1959       63           2456829.67      2310713.02      4767542.69
1950-1959       64           2340859.11      2163579.00      4504438.11
1950-1959       65           2236183.23      2024536.49      4260719.72
1950-1959       66           2142874.49      1893867.56      4036742.05
1950-1959       67           2052858.61      1767074.41      3819933.02
1950-1959       68           1967877.01      1649104.89      3616981.90
1950-1959       69           1877290.95      1531667.10      3408958.05
1950-1959       70           1773564.16      1407013.19      3180577.35
1950-1959       71           1668370.53      1282636.41      2951006.93
1950-1959       72           1564522.54      1164000.80      2728523.34
1950-1959       73           1465915.59      1056424.19      2522339.78
1950-1959       74           1364500.65       953480.65      2317981.29
1950-1959       75           1251579.68       848227.04      2099806.72
1950-1959       76           1133648.44       744963.59      1878612.04
1950-1959       77           1013810.01       646642.30      1660452.30
1950-1959       78            892518.29       551595.14      1444113.43
1950-1959       79            772096.40       461616.51      1233712.91
1950-1959       80            642394.86       371742.33      1014137.19
1950-1959       81            541157.12       302137.45       843294.56
1950-1959       82            450171.41       242135.55       692306.96
1950-1959       83            366126.09       189140.47       555266.56
1950-1959       84            293712.98       145872.44       439585.41
1950-1959       85            233251.56       111212.94       344464.50
1950-1959       86            180010.10        82344.08       262354.18
1950-1959       87            135784.59        59329.24       195113.82
1950-1959       88            100829.28        41951.54       142780.82
1950-1959       89             73796.73        29202.72       102999.46
1950-1959       90             52806.92        19912.73        72719.65
1950-1959       91             36636.02        13192.93        49828.95
1950-1959       92             24630.52         8511.42        33141.94
1950-1959       93             16311.75         5323.33        21635.07
1950-1959       94             10380.08         3208.65        13588.73
1950-1959       95              6391.46         1896.73         8288.20
1950-1959       96              3897.72         1161.86         5059.58
1950-1959       97              2376.19          708.01         3084.20
1950-1959       98              1388.34          419.17         1807.51
1950-1959       99               776.67          236.50         1013.17
1950-1959      100               448.50          136.83          585.33
1950-1959      101               241.33           86.17          327.50
1950-1959      102               132.67           48.83          181.50
1950-1959      103                73.67           31.33          105.00
1950-1959      104                39.83           21.50           61.33
1950-1959      105                24.83           12.83           37.67
1950-1959      106                20.00            6.67           26.67
1950-1959      107                15.67            4.00           19.67
1950-1959      108                11.17            2.67           13.83
1950-1959      109                 5.50            0.83            6.33
1950-1959      110+               17.50            1.67           19.17
1960-1969        0           8097251.16      8537761.01     16635012.17
1960-1969        1           7911481.65      8295358.32     16206839.96
1960-1969        2           7769994.33      8126514.84     15896509.17
1960-1969        3           7707677.57      8045958.28     15753635.85
1960-1969        4           7730281.37      8062289.90     15792571.28
1960-1969        5           7738632.97      8067012.75     15805645.72
1960-1969        6           7786305.98      8111217.47     15897523.45
1960-1969        7           7902714.85      8224446.08     16127160.93
1960-1969        8           8091416.53      8413956.78     16505373.31
1960-1969        9           8373383.66      8702199.33     17075582.99
1960-1969       10           8722571.48      9059461.94     17782033.42
1960-1969       11           9129054.51      9473984.67     18603039.18
1960-1969       12           9575008.57      9926167.98     19501176.55
1960-1969       13           9863798.70     10208426.84     20072225.53
1960-1969       14           9818535.92     10129570.74     19948106.66
1960-1969       15           9817389.45     10080760.83     19898150.28
1960-1969       16           9925582.84     10136029.91     20061612.75
1960-1969       17           9945917.97     10098835.88     20044753.85
1960-1969       18           9952702.50     10045230.82     19997933.33
1960-1969       19           9820262.25      9850870.59     19671132.84
1960-1969       20           9542298.91      9516036.38     19058335.29
1960-1969       21           9136002.47      9063283.46     18199285.93
1960-1969       22           8789957.32      8680055.68     17470013.01
1960-1969       23           8592383.41      8459120.23     17051503.65
1960-1969       24           8730647.82      8588940.00     17319587.82
1960-1969       25           8744660.82      8611294.81     17355955.64
1960-1969       26           8619329.81      8507341.62     17126671.43
1960-1969       27           8525511.95      8440699.52     16966211.48
1960-1969       28           8363878.90      8309478.60     16673357.50
1960-1969       29           8257117.87      8231454.77     16488572.64
1960-1969       30           8179134.85      8178909.15     16358044.00
1960-1969       31           8165331.66      8186157.57     16351489.23
1960-1969       32           8051706.06      8087616.74     16139322.80
1960-1969       33           7948544.00      7982195.05     15930739.04
1960-1969       34           7802042.08      7809551.82     15611593.90
1960-1969       35           7668147.81      7624097.62     15292245.42
1960-1969       36           7502721.67      7371026.51     14873748.17
1960-1969       37           7306213.94      7047107.38     14353321.32
1960-1969       38           7121608.38      6716164.38     13837772.76
1960-1969       39           6915404.89      6366102.29     13281507.18
1960-1969       40           6738072.98      6060530.10     12798603.08
1960-1969       41           6494588.77      5716049.21     12210637.98
1960-1969       42           6286286.95      5417317.11     11703604.07
1960-1969       43           6076696.42      5133853.35     11210549.77
1960-1969       44           5882525.66      4889973.28     10772498.94
1960-1969       45           5709606.93      4697357.13     10406964.06
1960-1969       46           5565497.98      4572623.60     10138121.57
1960-1969       47           5428497.83      4493364.20      9921862.04
1960-1969       48           5299606.19      4439740.86      9739347.05
1960-1969       49           5166954.76      4389424.92      9556379.68
1960-1969       50           5031991.46      4332945.28      9364936.75
1960-1969       51           4948780.44      4310301.68      9259082.12
1960-1969       52           4839461.74      4264896.43      9104358.17
1960-1969       53           4706166.23      4200250.73      8906416.96
1960-1969       54           4529830.61      4088629.38      8618459.99
1960-1969       55           4372756.90      3985471.47      8358228.37
1960-1969       56           4220331.22      3883423.19      8103754.41
1960-1969       57           4084615.49      3792627.69      7877243.18
1960-1969       58           3943680.34      3691777.29      7635457.63
1960-1969       59           3803126.84      3581251.49      7384378.33
1960-1969       60           3654102.87      3453420.47      7107523.34
1960-1969       61           3499594.16      3312021.17      6811615.33
1960-1969       62           3351595.12      3166199.66      6517794.79
1960-1969       63           3205844.00      3012866.96      6218710.96
1960-1969       64           3089275.20      2881125.60      5970400.80
1960-1969       65           2961518.54      2737527.43      5699045.97
1960-1969       66           2819726.60      2577901.25      5397627.85
1960-1969       67           2664326.36      2404575.76      5068902.11
1960-1969       68           2501459.62      2223758.03      4725217.65
1960-1969       69           2339992.51      2043297.06      4383289.57
1960-1969       70           2196713.38      1878357.61      4075070.99
1960-1969       71           2064488.28      1725960.97      3790449.25
1960-1969       72           1928409.01      1573143.14      3501552.15
1960-1969       73           1787051.38      1417717.67      3204769.05
1960-1969       74           1643794.78      1264152.98      2907947.76
1960-1969       75           1508305.82      1119345.07      2627650.89
1960-1969       76           1380305.92       986172.96      2366478.88
1960-1969       77           1256262.35       861525.91      2117788.26
1960-1969       78           1136212.49       746561.96      1882774.45
1960-1969       79           1017522.72       640355.38      1657878.10
1960-1969       80            901182.36       541117.82      1442300.18
1960-1969       81            781922.34       446946.81      1228869.15
1960-1969       82            672145.21       365680.01      1037825.23
1960-1969       83            572154.50       296665.72       868820.23
1960-1969       84            479656.43       237265.34       716921.76
1960-1969       85            394494.60       186163.16       580657.76
1960-1969       86            317492.42       142643.09       460135.51
1960-1969       87            248799.70       106710.60       355510.30
1960-1969       88            189426.07        77732.78       267158.85
1960-1969       89            140284.54        55144.00       195428.53
1960-1969       90            101503.37        38089.16       139592.53
1960-1969       91             71934.05        25729.18        97663.23
1960-1969       92             49523.06        16990.71        66513.77
1960-1969       93             32717.97        10796.02        43513.99
1960-1969       94             21204.56         6738.88        27943.45
1960-1969       95             13510.13         4057.84        17567.97
1960-1969       96              8225.18         2342.96        10568.14
1960-1969       97              4785.61         1273.54         6059.15
1960-1969       98              2708.56          737.01         3445.56
1960-1969       99              1483.74          386.12         1869.86
1960-1969      100               777.67          200.39          978.06
1960-1969      101               398.99          104.44          503.43
1960-1969      102               203.92           62.14          266.05
1960-1969      103               109.45           28.82          138.26
1960-1969      104                50.13           10.33           60.46
1960-1969      105                28.81            4.17           32.98
1960-1969      106                15.31            1.50           16.81
1960-1969      107                 8.16            0.17            8.32
1960-1969      108                 5.17            0.00            5.17
1960-1969      109                 3.17            0.00            3.17
1960-1969      110+               10.33            0.00           10.33
1970-1979        0           9158436.94      9697480.71     18855917.65
1970-1979        1           9231482.58      9745083.44     18976566.02
1970-1979        2           9272030.74      9771797.31     19043828.05
1970-1979        3           9247387.26      9737691.95     18985079.20
1970-1979        4           9140655.58      9617691.96     18758347.54
1970-1979        5           9021653.60      9488074.85     18509728.45
1970-1979        6           8847441.67      9301025.49     18148467.16
1970-1979        7           8645013.77      9083839.84     17728853.61
1970-1979        8           8447227.58      8870951.77     17318179.35
1970-1979        9           8269753.80      8677892.06     16947645.86
1970-1979       10           8124058.76      8516005.72     16640064.48
1970-1979       11           7997910.35      8373942.97     16371853.32
1970-1979       12           7879817.39      8241072.42     16120889.82
1970-1979       13           7801386.07      8150567.43     15951953.49
1970-1979       14           7822709.36      8162234.43     15984943.79
1970-1979       15           7826902.46      8146762.69     15973665.15
1970-1979       16           7870312.68      8160381.45     16030694.12
1970-1979       17           7978345.12      8230918.49     16209263.60
1970-1979       18           8152859.55      8364732.31     16517591.86
1970-1979       19           8417729.60      8587674.71     17005404.31
1970-1979       20           8746935.65      8875755.70     17622691.34
1970-1979       21           9131531.70      9222676.37     18354208.08
1970-1979       22           9562912.25      9626895.11     19189807.36
1970-1979       23           9839062.94      9888173.58     19727236.52
1970-1979       24           9786411.87      9828729.17     19615141.04
1970-1979       25           9784444.18      9819576.92     19604021.10
1970-1979       26           9898104.91      9926536.69     19824641.60
1970-1979       27           9928945.71      9956401.57     19885347.28
1970-1979       28           9945183.86      9974564.70     19919748.56
1970-1979       29           9825054.72      9854550.36     19679605.08
1970-1979       30           9563868.86      9590660.17     19154529.03
1970-1979       31           9173369.38      9192759.00     18366128.38
1970-1979       32           8837473.61      8843579.09     17681052.71
1970-1979       33           8643935.58      8639644.72     17283580.29
1970-1979       34           8778526.41      8775628.90     17554155.30
1970-1979       35           8781642.94      8784936.98     17566579.91
1970-1979       36           8642415.68      8652935.84     17295351.51
1970-1979       37           8533849.51      8552414.57     17086264.08
1970-1979       38           8356217.84      8382613.28     16738831.12
1970-1979       39           8236234.27      8269592.68     16505826.95
1970-1979       40           8145560.08      8182867.28     16328427.36
1970-1979       41           8111834.95      8150960.03     16262794.99
1970-1979       42           7979742.27      8015811.38     15995553.65
1970-1979       43           7863996.89      7879757.83     15743754.72
1970-1979       44           7709002.41      7682102.19     15391104.60
1970-1979       45           7568914.45      7475780.24     15044694.69
1970-1979       46           7402843.27      7208824.55     14611667.82
1970-1979       47           7208561.93      6876976.85     14085538.79
1970-1979       48           7023139.37      6538513.78     13561653.15
1970-1979       49           6813983.12      6182116.54     12996099.65
1970-1979       50           6629838.59      5866869.05     12496707.64
1970-1979       51           6375200.68      5510280.53     11885481.21
1970-1979       52           6148192.83      5194753.07     11342945.90
1970-1979       53           5920573.53      4894968.67     10815542.20
1970-1979       54           5710751.82      4634597.64     10345349.46
1970-1979       55           5514617.13      4418783.49      9933400.62
1970-1979       56           5347898.43      4267871.13      9615769.57
1970-1979       57           5194150.76      4163202.15      9357352.91
1970-1979       58           5051920.10      4084769.99      9136690.09
1970-1979       59           4907563.95      4008227.62      8915791.57
1970-1979       60           4762901.17      3924028.07      8686929.24
1970-1979       61           4666708.02      3867502.38      8534210.40
1970-1979       62           4544704.73      3786152.12      8330856.85
1970-1979       63           4400408.37      3682044.05      8082452.43
1970-1979       64           4210762.89      3531833.25      7742596.14
1970-1979       65           4027512.83      3381225.93      7408738.75
1970-1979       66           3842050.66      3226571.61      7068622.27
1970-1979       67           3669581.07      3078600.19      6748181.27
1970-1979       68           3495199.52      2924443.57      6419643.09
1970-1979       69           3320938.75      2763785.78      6084724.53
1970-1979       70           3138528.86      2591992.42      5730521.28
1970-1979       71           2949421.30      2410247.62      5359668.92
1970-1979       72           2763432.31      2226044.02      4989476.33
1970-1979       73           2577001.06      2039976.48      4616977.54
1970-1979       74           2412990.56      1871558.25      4284548.81
1970-1979       75           2239659.73      1698000.38      3937660.11
1970-1979       76           2054721.23      1518229.52      3572950.75
1970-1979       77           1861567.73      1337966.21      3199533.94
1970-1979       78           1666332.23      1162480.85      2828813.09
1970-1979       79           1477024.95       996899.21      2473924.17
1970-1979       80           1303440.97       849742.18      2153183.15
1970-1979       81           1139631.85       716034.06      1855665.91
1970-1979       82            980398.86       592388.26      1572787.12
1970-1979       83            833358.97       481986.41      1315345.38
1970-1979       84            698729.72       385498.82      1084228.54
1970-1979       85            576858.29       302195.44       879053.73
1970-1979       86            471002.04       233797.24       704799.28
1970-1979       87            378121.41       177730.09       555851.50
1970-1979       88            298758.00       132534.87       431292.88
1970-1979       89            232005.55        97057.17       329062.72
1970-1979       90            174713.35        68741.11       243454.46
1970-1979       91            127357.28        47248.76       174606.03
1970-1979       92             90848.02        31900.47       122748.49
1970-1979       93             63709.01        21199.91        84908.92
1970-1979       94             43550.11        13740.69        57290.80
1970-1979       95             28874.19         8767.80        37641.99
1970-1979       96             18528.01         5382.27        23910.29
1970-1979       97             11468.15         3177.64        14645.79
1970-1979       98              6901.29         1787.94         8689.23
1970-1979       99              3967.96         1010.77         4978.73
1970-1979      100              2219.07          556.41         2775.48
1970-1979      101              1219.58          294.96         1514.54
1970-1979      102               635.52          167.08          802.60
1970-1979      103               327.67           90.55          418.22
1970-1979      104               165.68           46.78          212.46
1970-1979      105                74.77           22.30           97.08
1970-1979      106                37.80           12.32           50.12
1970-1979      107                18.47            8.00           26.47
1970-1979      108                 8.64            3.17           11.81
1970-1979      109                 3.31            2.00            5.31
1970-1979      110+                7.49            5.33           12.82
1980-1989        0           7036414.23      7420978.88     14457393.11
1980-1989        1           7191528.67      7572647.83     14764176.51
1980-1989        2           7381789.29      7765435.90     15147225.20
1980-1989        3           7578656.99      7968670.10     15547327.09
1980-1989        4           7802520.26      8202807.94     16005328.20
1980-1989        5           8050044.73      8465076.08     16515120.80
1980-1989        6           8315136.95      8745409.61     17060546.56
1980-1989        7           8580317.89      9025372.04     17605689.92
1980-1989        8           8823345.87      9282694.57     18106040.44
1980-1989        9           9021794.58      9493468.51     18515263.09
1980-1989       10           9167456.23      9648950.62     18816406.85
1980-1989       11           9284221.95      9774232.47     19058454.43
1980-1989       12           9334342.77      9829773.41     19164116.18
1980-1989       13           9326553.90      9821860.51     19148414.41
1980-1989       14           9206294.80      9692316.69     18898611.48
1980-1989       15           9085780.03      9558819.74     18644599.77
1980-1989       16           8908068.94      9360034.34     18268103.29
1980-1989       17           8700872.03      9123142.45     17824014.48
1980-1989       18           8494391.79      8881360.07     17375751.86
1980-1989       19           8302703.52      8649997.08     16952700.60
1980-1989       20           8138901.03      8445852.84     16584753.87
1980-1989       21           7994995.38      8264557.01     16259552.38
1980-1989       22           7859932.94      8095053.07     15954986.01
1980-1989       23           7767129.13      7973170.43     15740299.56
1980-1989       24           7773512.35      7959333.23     15732845.58
1980-1989       25           7764326.82      7933666.64     15697993.46
1980-1989       26           7801136.31      7956140.70     15757277.00
1980-1989       27           7912802.40      8056019.42     15968821.82
1980-1989       28           8099666.54      8234769.21     16334435.75
1980-1989       29           8379820.02      8511064.36     16890884.39
1980-1989       30           8722379.51      8852069.67     17574449.18
1980-1989       31           9116300.81      9246243.82     18362544.64
1980-1989       32           9549976.22      9682517.36     19232493.58
1980-1989       33           9822073.79      9953951.60     19776025.39
1980-1989       34           9764221.65      9882968.80     19647190.45
1980-1989       35           9762666.84      9860956.63     19623623.47
1980-1989       36           9879218.70      9957717.31     19836936.01
1980-1989       37           9912072.70      9975211.47     19887284.17
1980-1989       38           9928143.37      9977692.86     19905836.23
1980-1989       39           9803610.89      9837608.60     19641219.49
1980-1989       40           9533114.09      9549171.10     19082285.19
1980-1989       41           9130693.51      9125972.74     18256666.24
1980-1989       42           8782396.72      8753021.28     17535418.00
1980-1989       43           8577239.78      8526683.00     17103922.77
1980-1989       44           8701595.75      8639876.40     17341472.15
1980-1989       45           8695662.05      8627197.07     17322859.11
1980-1989       46           8548004.93      8473400.34     17021405.27
1980-1989       47           8428908.05      8346986.01     16775894.06
1980-1989       48           8241830.48      8151646.64     16393477.12
1980-1989       49           8114351.43      8013412.71     16127764.14
1980-1989       50           8019121.10      7903457.77     15922578.86
1980-1989       51           7983904.91      7849686.75     15833591.66
1980-1989       52           7851014.98      7692919.54     15543934.52
1980-1989       53           7726235.97      7530381.97     15256617.93
1980-1989       54           7552230.65      7305657.32     14857887.97
1980-1989       55           7393149.21      7074682.86     14467832.07
1980-1989       56           7207924.67      6786874.48     13994799.15
1980-1989       57           6996699.15      6440645.31     13437344.46
1980-1989       58           6799187.98      6093847.23     12893035.22
1980-1989       59           6581919.07      5733367.71     12315286.78
1980-1989       60           6387042.87      5411323.03     11798365.90
1980-1989       61           6120411.92      5049659.08     11170071.00
1980-1989       62           5880707.85      4726749.94     10607457.79
1980-1989       63           5638952.73      4418310.06     10057262.79
1980-1989       64           5414633.29      4146895.74      9561529.03
1980-1989       65           5208121.30      3916894.28      9125015.58
1980-1989       66           5026180.23      3740688.05      8766868.28
1980-1989       67           4846119.01      3597326.68      8443445.69
1980-1989       68           4666776.45      3468362.16      8135138.61
1980-1989       69           4484972.22      3338533.23      7823505.45
1980-1989       70           4301864.25      3199567.66      7501431.91
1980-1989       71           4160145.23      3080273.88      7240419.11
1980-1989       72           3992632.47      2937846.91      6930479.38
1980-1989       73           3804482.86      2776537.36      6581020.22
1980-1989       74           3572843.63      2578321.69      6151165.32
1980-1989       75           3342741.09      2378489.08      5721230.17
1980-1989       76           3106350.25      2176145.46      5282495.71
1980-1989       77           2875911.57      1979701.55      4855613.12
1980-1989       78           2642271.25      1784282.24      4426553.49
1980-1989       79           2408217.75      1590770.11      3998987.86
1980-1989       80           2142893.29      1398646.65      3541539.94
1980-1989       81           1908950.76      1211709.70      3120660.46
1980-1989       82           1682974.56      1035176.23      2718150.79
1980-1989       83           1470195.30       872252.59      2342447.89
1980-1989       84           1281295.90       731349.38      2012645.28
1980-1989       85           1092231.69       601201.93      1693433.62
1980-1989       86            912589.95       482337.95      1394927.90
1980-1989       87            744703.26       377480.73      1122183.99
1980-1989       88            592999.03       288133.75       881132.78
1980-1989       89            461923.55       215318.03       677241.58
1980-1989       90            355363.04       158062.38       513425.42
1980-1989       91            267038.49       113562.94       380601.43
1980-1989       92            194782.28        79293.47       274075.76
1980-1989       93            138741.16        53962.73       192703.89
1980-1989       94             96043.78        35767.06       131810.85
1980-1989       95             64638.40        22959.45        87597.85
1980-1989       96             42574.12        14346.30        56920.42
1980-1989       97             27342.20         8755.00        36097.20
1980-1989       98             17052.29         5233.35        22285.64
1980-1989       99             10362.11         2984.90        13347.01
1980-1989      100              6055.60         1655.64         7711.23
1980-1989      101              3445.41          884.43         4329.84
1980-1989      102              1910.43          463.53         2373.96
1980-1989      103              1021.74          230.46         1252.19
1980-1989      104               524.00          106.86          630.86
1980-1989      105               273.17           52.67          325.84
1980-1989      106               132.83           25.00          157.83
1980-1989      107                59.83           15.00           74.83
1980-1989      108                33.17            6.50           39.67
1980-1989      109                17.83            3.33           21.17
1980-1989      110+               10.67            8.67           19.33
1990-1999        0           5850235.33      6162606.92     12012842.25
1990-1999        1           5871818.05      6175925.78     12047743.83
1990-1999        2           5923912.58      6227783.67     12151696.26
1990-1999        3           6003293.63      6310254.77     12313548.40
1990-1999        4           6108755.39      6421313.04     12530068.43
1990-1999        5           6231188.82      6550199.03     12781387.84
1990-1999        6           6378490.89      6703974.53     13082465.42
1990-1999        7           6531289.77      6862381.83     13393671.59
1990-1999        8           6680138.72      7017090.34     13697229.05
1990-1999        9           6842528.78      7188315.73     14030844.51
1990-1999       10           7017923.14      7375025.16     14392948.30
1990-1999       11           7198380.48      7566438.71     14764819.19
1990-1999       12           7395507.35      7775510.87     15171018.22
1990-1999       13           7594791.00      7988142.56     15582933.56
1990-1999       14           7819108.76      8227178.63     16046287.39
1990-1999       15           8063702.18      8488337.55     16552039.73
1990-1999       16           8321769.81      8762168.12     17083937.93
1990-1999       17           8575742.76      9027866.74     17603609.50
1990-1999       18           8802531.53      9259466.85     18061998.38
1990-1999       19           8976437.56      9427177.49     18403615.05
1990-1999       20           9089963.68      9522481.66     18612445.34
1990-1999       21           9173034.31      9579127.47     18752161.78
1990-1999       22           9193988.18      9569759.20     18763747.38
1990-1999       23           9162210.94      9506274.93     18668485.87
1990-1999       24           9025785.71      9337969.50     18363755.21
1990-1999       25           8895479.38      9180498.26     18075977.63
1990-1999       26           8715265.71      8979280.90     17694546.62
1990-1999       27           8512181.07      8760200.59     17272381.66
1990-1999       28           8315736.68      8550098.66     16865835.34
1990-1999       29           8139723.17      8361197.96     16500921.13
1990-1999       30           7995093.85      8204125.35     16199219.20
1990-1999       31           7873418.61      8071040.36     15944458.98
1990-1999       32           7762251.47      7948100.66     15710352.13
1990-1999       33           7693000.30      7869067.15     15562067.45
1990-1999       34           7719019.66      7889226.73     15608246.39
1990-1999       35           7724233.02      7887075.49     15611308.51
1990-1999       36           7769961.52      7922261.95     15692223.47
1990-1999       37           7885781.96      8025522.09     15911304.06
1990-1999       38           8073072.59      8201586.07     16274658.66
1990-1999       39           8350424.32      8469593.82     16820018.14
1990-1999       40           8687496.54      8799068.48     17486565.02
1990-1999       41           9074888.18      9181551.09     18256439.28
1990-1999       42           9499679.32      9604646.25     19104325.57
1990-1999       43           9761798.22      9862499.51     19624297.72
1990-1999       44           9695754.71      9781396.52     19477151.22
1990-1999       45           9683267.34      9745901.58     19429168.92
1990-1999       46           9784329.92      9821180.91     19605510.83
1990-1999       47           9802412.85      9815254.37     19617667.22
1990-1999       48           9804545.70      9793331.27     19597876.97
1990-1999       49           9666715.82      9628004.15     19294719.97
1990-1999       50           9384777.32      9316864.87     18701642.18
1990-1999       51           8976587.60      8877951.69     17854539.29
1990-1999       52           8624642.41      8490628.71     17115271.12
1990-1999       53           8414919.47      8246272.95     16661192.42
1990-1999       54           8528045.93      8327917.74     16855963.67
1990-1999       55           8511782.75      8284216.91     16795999.66
1990-1999       56           8356061.03      8102044.22     16458105.25
1990-1999       57           8228565.12      7944633.84     16173198.95
1990-1999       58           8034971.98      7720662.17     15755634.15
1990-1999       59           7896406.28      7545880.21     15442286.48
1990-1999       60           7786148.34      7395573.96     15181722.30
1990-1999       61           7733594.67      7296279.65     15029874.31
1990-1999       62           7583178.43      7098729.54     14681907.97
1990-1999       63           7436870.26      6892297.55     14329167.81
1990-1999       64           7242541.78      6626861.88     13869403.67
1990-1999       65           7059191.96      6356533.32     13415725.28
1990-1999       66           6850898.80      6037540.19     12888438.99
1990-1999       67           6617740.60      5669054.27     12286794.87
1990-1999       68           6395076.41      5301784.37     11696860.78
1990-1999       69           6150199.30      4922352.01     11072551.31
1990-1999       70           5923677.78      4576256.42     10499934.21
1990-1999       71           5628841.56      4201771.67      9830613.23
1990-1999       72           5357554.78      3862912.73      9220467.51
1990-1999       73           5079587.54      3535869.97      8615457.51
1990-1999       74           4812219.23      3238097.67      8050316.89
1990-1999       75           4556665.50      2975265.67      7531931.16
1990-1999       76           4319710.37      2754250.93      7073961.30
1990-1999       77           4079585.88      2555917.65      6635503.53
1990-1999       78           3835095.18      2365668.01      6200763.19
1990-1999       79           3582464.06      2172064.97      5754529.03
1990-1999       80           3293527.81      1961484.99      5255012.80
1990-1999       81           3069549.14      1782194.23      4851743.36
1990-1999       82           2822902.46      1593839.33      4416741.79
1990-1999       83           2553722.66      1399589.06      3953311.72
1990-1999       84           2261068.33      1199249.53      3460317.86
1990-1999       85           1981202.37      1011537.63      2992740.00
1990-1999       86           1709060.77       838607.65      2547668.42
1990-1999       87           1456910.95       686630.78      2143541.73
1990-1999       88           1218752.29       551164.65      1769916.94
1990-1999       89            999233.78       433110.86      1432344.64
1990-1999       90            801112.54       332857.38      1133969.91
1990-1999       91            627579.10       248793.70       876372.80
1990-1999       92            480434.89       181387.96       661822.85
1990-1999       93            360176.38       129340.16       489516.53
1990-1999       94            266377.40        90959.16       357336.57
1990-1999       95            190513.20        62060.51       252573.71
1990-1999       96            131744.06        40991.87       172735.93
1990-1999       97             88129.64        26131.30       114260.94
1990-1999       98             56764.52        16007.58        72772.10
1990-1999       99             35491.33         9526.16        45017.49
1990-1999      100             21712.62         5538.48        27251.10
1990-1999      101             12698.68         3077.41        15776.10
1990-1999      102              7186.80         1674.33         8861.13
1990-1999      103              4015.61          861.22         4876.84
1990-1999      104              2118.04          419.04         2537.07
1990-1999      105              1057.63          201.63         1259.26
1990-1999      106               509.36           87.03          596.38
1990-1999      107               246.83           45.00          291.84
1990-1999      108               118.67           19.00          137.67
1990-1999      109                60.17            9.00           69.17
1990-1999      110+               73.17            8.67           81.83
2000-2009        0           5414195.10      5699461.43     11113656.53
2000-2009        1           5435561.12      5714973.40     11150534.52
2000-2009        2           5477545.86      5755561.27     11233107.14
2000-2009        3           5532262.51      5811949.09     11344211.60
2000-2009        4           5594040.11      5877070.24     11471110.35
2000-2009        5           5663096.03      5950581.68     11613677.71
2000-2009        6           5710919.11      6001621.25     11712540.36
2000-2009        7           5748509.56      6041525.48     11790035.04
2000-2009        8           5774476.06      6069356.95     11843833.02
2000-2009        9           5799303.65      6093949.19     11893252.84
2000-2009       10           5836705.23      6131680.31     11968385.54
2000-2009       11           5883957.48      6183239.49     12067196.97
2000-2009       12           5944653.20      6251311.09     12195964.28
2000-2009       13           6029582.15      6346497.01     12376079.16
2000-2009       14           6133228.43      6461555.68     12594784.11
2000-2009       15           6246759.62      6585917.36     12832676.98
2000-2009       16           6379994.72      6730317.48     13110312.19
2000-2009       17           6512339.57      6871794.75     13384134.32
2000-2009       18           6634143.52      7001389.33     13635532.84
2000-2009       19           6764941.33      7141956.48     13906897.81
2000-2009       20           6902776.85      7288738.49     14191515.34
2000-2009       21           7039583.01      7424277.96     14463860.98
2000-2009       22           7195329.91      7567897.12     14763227.04
2000-2009       23           7360609.41      7713563.13     15074172.54
2000-2009       24           7559320.85      7891964.70     15451285.55
2000-2009       25           7789318.54      8105947.02     15895265.56
2000-2009       26           8045463.85      8349920.41     16395384.26
2000-2009       27           8309786.88      8607199.44     16916986.32
2000-2009       28           8555647.81      8851004.21     17406652.02
2000-2009       29           8758779.82      9053434.29     17812214.11
2000-2009       30           8912035.17      9204127.40     18116162.56
2000-2009       31           9037728.88      9324528.39     18362257.27
2000-2009       32           9096866.75      9377390.85     18474257.60
2000-2009       33           9097799.22      9370153.25     18467952.47
2000-2009       34           8987942.21      9247648.99     18235591.20
2000-2009       35           8876671.10      9124118.54     18000789.65
2000-2009       36           8709778.53      8944831.46     17654609.99
2000-2009       37           8517387.24      8738399.01     17255786.25
2000-2009       38           8329225.27      8534521.31     16863746.58
2000-2009       39           8159901.71      8349634.30     16509536.01
2000-2009       40           8019308.34      8193319.39     16212627.73
2000-2009       41           7896683.29      8055328.06     15952011.35
2000-2009       42           7781936.48      7925016.34     15706952.82
2000-2009       43           7707725.84      7836119.00     15543844.84
2000-2009       44           7725771.75      7842862.76     15568634.51
2000-2009       45           7720824.47      7824185.55     15545010.02
2000-2009       46           7755447.00      7841908.96     15597355.95
2000-2009       47           7857982.41      7925485.58     15783467.99
2000-2009       48           8029746.18      8078505.09     16108251.27
2000-2009       49           8290276.84      8320716.77     16610993.61
2000-2009       50           8609925.13      8620486.82     17230411.95
2000-2009       51           8977408.78      8967488.00     17944896.78
2000-2009       52           9381637.50      9351017.31     18732654.81
2000-2009       53           9626741.17      9572673.87     19199415.04
2000-2009       54           9550171.57      9465514.82     19015686.39
2000-2009       55           9527450.84      9401453.11     18928903.95
2000-2009       56           9617552.54      9445625.76     19063178.30
2000-2009       57           9627430.41      9413451.26     19040881.67
2000-2009       58           9621629.10      9364544.72     18986173.83
2000-2009       59           9479360.67      9179186.69     18658547.36
2000-2009       60           9197533.50      8855826.49     18053359.99
2000-2009       61           8789667.04      8408789.74     17198456.78
2000-2009       62           8433501.57      8006381.59     16439883.16
2000-2009       63           8212262.34      7733790.71     15946053.05
2000-2009       64           8301760.54      7759870.31     16061630.85
2000-2009       65           8259812.77      7661439.27     15921252.04
2000-2009       66           8074985.11      7423741.50     15498726.60
2000-2009       67           7913346.23      7201374.84     15114721.08
2000-2009       68           7684774.64      6912402.27     14597176.91
2000-2009       69           7508173.43      6664789.48     14172962.92
2000-2009       70           7359025.93      6436329.89     13795355.82
2000-2009       71           7261857.28      6248455.78     13510313.05
2000-2009       72           7068863.58      5973038.37     13041901.94
2000-2009       73           6877463.66      5691866.86     12569330.52
2000-2009       74           6639284.02      5363661.60     12002945.62
2000-2009       75           6408837.25      5033733.53     11442570.78
2000-2009       76           6150767.46      4668888.03     10819655.49
2000-2009       77           5862784.11      4269226.36     10132010.47
2000-2009       78           5577022.34      3874312.32      9451334.65
2000-2009       79           5266147.29      3478997.89      8745145.19
2000-2009       80           4951757.06      3074536.43      8026293.49
2000-2009       81           4578432.89      2693649.84      7272082.73
2000-2009       82           4222865.64      2346638.61      6569504.25
2000-2009       83           3864510.92      2021093.55      5885604.47
2000-2009       84           3515546.29      1729159.72      5244706.02
2000-2009       85           3177225.22      1474446.62      4651671.84
2000-2009       86           2853977.20      1256595.89      4110573.09
2000-2009       87           2531036.56      1065082.09      3596118.65
2000-2009       88           2214649.16       892223.77      3106872.92
2000-2009       89           1908352.67       734410.87      2642763.54
2000-2009       90           1619046.03       592247.24      2211293.27
2000-2009       91           1368166.61       473003.39      1841170.00
2000-2009       92           1127751.02       367941.88      1495692.90
2000-2009       93            903638.73       277704.86      1181343.58
2000-2009       94            699406.35       202005.75       901412.10
2000-2009       95            529389.12       142726.51       672115.63
2000-2009       96            388089.49        97507.50       485596.99
2000-2009       97            277382.09        64954.66       342336.76
2000-2009       98            192195.60        41912.73       234108.33
2000-2009       99            128731.25        26218.79       154950.04
2000-2009      100             83060.38        15800.81        98861.18
2000-2009      101             51624.22         9219.71        60843.93
2000-2009      102             30939.56         5137.04        36076.60
2000-2009      103             17932.82         2760.91        20693.73
2000-2009      104             10218.49         1463.90        11682.39
2000-2009      105              5635.10          745.58         6380.68
2000-2009      106              2984.10          360.21         3344.32
2000-2009      107              1489.99          161.54         1651.52
2000-2009      108               714.32           79.54          793.86
2000-2009      109               333.82           35.28          369.10
2000-2009      110+              253.93           27.51          281.44
2010-2016        0           3465517.16      3641576.89      7107094.05
2010-2016        1           3473853.74      3643509.31      7117363.05
2010-2016        2           3505808.99      3676221.34      7182030.33
2010-2016        3           3541847.57      3714460.29      7256307.86
2010-2016        4           3564722.86      3740458.82      7305181.68
2010-2016        5           3592690.29      3770643.06      7363333.35
2010-2016        6           3624553.26      3803657.68      7428210.93
2010-2016        7           3663703.65      3844516.71      7508220.36
2010-2016        8           3709766.32      3892834.21      7602600.52
2010-2016        9           3756519.66      3943195.99      7699715.65
2010-2016       10           3809492.68      4000959.55      7810452.23
2010-2016       11           3875181.14      4071618.46      7946799.60
2010-2016       12           3934702.72      4136220.71      8070923.43
2010-2016       13           3982713.68      4189609.20      8172322.88
2010-2016       14           4018414.42      4231131.48      8249545.90
2010-2016       15           4054871.03      4275738.03      8330609.07
2010-2016       16           4074297.21      4301581.72      8375878.93
2010-2016       17           4084614.50      4314951.97      8399566.47
2010-2016       18           4081906.07      4311708.67      8393614.74
2010-2016       19           4068949.89      4295550.30      8364500.19
2010-2016       20           4065292.24      4286555.00      8351847.24
2010-2016       21           4083568.23      4297008.59      8380576.82
2010-2016       22           4107013.62      4311662.93      8418676.55
2010-2016       23           4167240.83      4365934.97      8533175.80
2010-2016       24           4248846.97      4442633.83      8691480.79
2010-2016       25           4358346.12      4547311.53      8905657.64
2010-2016       26           4486155.51      4672984.18      9159139.69
2010-2016       27           4610470.41      4795921.20      9406391.60
2010-2016       28           4718858.94      4901457.90      9620316.84
2010-2016       29           4833098.06      5013160.02      9846258.08
2010-2016       30           4954379.80      5133368.68     10087748.48
2010-2016       31           5080688.47      5260968.96     10341657.44
2010-2016       32           5212369.65      5396543.65     10608913.29
2010-2016       33           5351713.99      5540760.26     10892474.25
2010-2016       34           5521872.25      5717814.27     11239686.52
2010-2016       35           5739175.85      5943542.10     11682717.95
2010-2016       36           5973460.35      6184988.37     12158448.72
2010-2016       37           6188668.04      6406337.43     12595005.48
2010-2016       38           6360276.81      6582244.36     12942521.17
2010-2016       39           6474672.41      6697777.65     13172450.06
2010-2016       40           6541802.60      6761898.86     13303701.46
2010-2016       41           6562965.87      6775517.48     13338483.35
2010-2016       42           6500464.47      6701164.50     13201628.97
2010-2016       43           6369473.78      6556320.48     12925794.26
2010-2016       44           6157121.45      6326675.74     12483797.19
2010-2016       45           6012651.80      6166207.19     12178858.99
2010-2016       46           5874197.08      6013258.96     11887456.04
2010-2016       47           5743242.71      5866710.36     11609953.07
2010-2016       48           5599777.54      5707364.86     11307142.40
2010-2016       49           5482129.34      5574476.15     11056605.49
2010-2016       50           5403703.93      5480985.77     10884689.70
2010-2016       51           5408057.31      5470728.66     10878785.97
2010-2016       52           5339547.16      5384987.92     10724535.08
2010-2016       53           5300045.13      5327361.40     10627406.53
2010-2016       54           5299649.89      5309291.81     10608941.70
2010-2016       55           5341034.08      5333369.85     10674403.93
2010-2016       56           5409042.74      5382290.26     10791333.01
2010-2016       57           5522081.36      5472080.35     10994161.72
2010-2016       58           5672498.55      5596315.90     11268814.44
2010-2016       59           5928107.50      5822611.58     11750719.08
2010-2016       60           6238932.09      6099103.43     12338035.53
2010-2016       61           6586274.70      6405172.64     12991447.33
2010-2016       62           6919287.46      6691492.14     13610779.60
2010-2016       63           7085089.54      6812336.86     13897426.40
2010-2016       64           6902551.36      6592137.26     13494688.62
2010-2016       65           6741759.78      6383847.27     13125607.05
2010-2016       66           6630066.07      6216798.45     12846864.52
2010-2016       67           6426357.42      5963006.63     12389364.06
2010-2016       68           6195365.94      5683675.68     11879041.61
2010-2016       69           5897393.77      5341701.62     11239095.40
2010-2016       70           5670000.53      5066396.12     10736396.65
2010-2016       71           5660564.45      4993199.42     10653763.87
2010-2016       72           5632971.46      4901235.51     10534206.97
2010-2016       73           5469602.48      4687382.07     10156984.56
2010-2016       74           5349777.06      4504564.46      9854341.52
2010-2016       75           5143361.32      4243247.35      9386608.67
2010-2016       76           4975128.14      4008831.67      8983959.81
2010-2016       77           4868569.06      3820187.60      8688756.67
2010-2016       78           4782668.58      3646837.10      8429505.68
2010-2016       79           4628683.09      3417365.00      8046048.09
2010-2016       80           4438006.12      3160825.55      7598831.67
2010-2016       81           4215073.57      2883169.88      7098243.45
2010-2016       82           4000535.30      2620678.42      6621213.72
2010-2016       83           3774147.02      2361853.50      6136000.52
2010-2016       84           3518380.15      2091623.25      5610003.40
2010-2016       85           3251692.36      1820471.10      5072163.46
2010-2016       86           2957734.28      1543941.69      4501675.98
2010-2016       87           2675171.96      1286716.27      3961888.23
2010-2016       88           2380256.84      1046691.11      3426947.95
2010-2016       89           2093753.34       838809.22      2932562.57
2010-2016       90           1804660.67       655573.77      2460234.44
2010-2016       91           1511647.47       498141.29      2009788.77
2010-2016       92           1251815.06       375859.61      1627674.67
2010-2016       93           1022565.87       281633.33      1304199.21
2010-2016       94            819574.90       210409.40      1029984.30
2010-2016       95            640448.97       153814.62       794263.59
2010-2016       96            488707.19       109894.99       598602.18
2010-2016       97            363296.28        75949.33       439245.61
2010-2016       98            267519.38        51595.54       319114.92
2010-2016       99            190020.04        33655.54       223675.57
2010-2016      100            129435.12        21212.55       150647.67
2010-2016      101             84505.37        12722.85        97228.22
2010-2016      102             52943.27         7301.02        60244.29
2010-2016      103             31705.32         4032.57        35737.89
2010-2016      104             18124.13         2119.14        20243.26
2010-2016      105              9938.73         1048.22        10986.95
2010-2016      106              5289.78          516.97         5806.74
2010-2016      107              2684.51          237.72         2922.23
2010-2016      108              1328.72          112.14         1440.86
2010-2016      109               616.06           46.29          662.35
2010-2016      110+              527.25           34.08          561.33
