Korea, Exposure to risk (period 1x10), 	Last modified: 11 Jul 2018;  Methods Protocol: v6 (2017)

  Year          Age             Female            Male           Total
2003-2009        0           1502713.06      1614518.91      3117231.97
2003-2009        1           1602185.72      1725950.40      3328136.13
2003-2009        2           1658543.76      1794813.51      3453357.27
2003-2009        3           1739038.48      1889428.27      3628466.75
2003-2009        4           1828961.08      1992876.07      3821837.15
2003-2009        5           1926842.22      2102320.47      4029162.70
2003-2009        6           2019306.86      2207522.79      4226829.65
2003-2009        7           2115781.52      2323488.93      4439270.45
2003-2009        8           2197693.88      2428517.44      4626211.32
2003-2009        9           2240195.57      2493546.52      4733742.09
2003-2009       10           2270850.66      2541673.91      4812524.57
2003-2009       11           2306452.31      2589531.48      4895983.79
2003-2009       12           2306887.26      2603854.18      4910741.44
2003-2009       13           2279855.79      2584106.57      4863962.35
2003-2009       14           2247175.44      2544697.03      4791872.47
2003-2009       15           2208930.73      2489694.89      4698625.62
2003-2009       16           2172702.94      2430734.08      4603437.02
2003-2009       17           2140568.83      2379433.84      4520002.67
2003-2009       18           2118550.59      2340002.33      4458552.91
2003-2009       19           2144048.69      2345600.85      4489649.54
2003-2009       20           2226490.06      2411268.74      4637758.80
2003-2009       21           2332314.05      2507303.93      4839617.98
2003-2009       22           2444181.12      2613937.63      5058118.75
2003-2009       23           2553894.28      2714797.24      5268691.51
2003-2009       24           2625883.38      2778418.95      5404302.32
2003-2009       25           2677126.58      2822344.28      5499470.86
2003-2009       26           2716531.79      2851962.63      5568494.42
2003-2009       27           2717270.05      2844106.27      5561376.32
2003-2009       28           2719673.83      2837426.95      5557100.78
2003-2009       29           2744112.35      2853399.75      5597512.10
2003-2009       30           2776314.21      2886149.23      5662463.44
2003-2009       31           2847124.76      2962069.80      5809194.55
2003-2009       32           2935618.28      3054744.74      5990363.02
2003-2009       33           3009683.48      3132085.61      6141769.09
2003-2009       34           3085933.33      3205187.66      6291120.99
2003-2009       35           3127043.50      3234851.19      6361894.69
2003-2009       36           3106185.78      3220512.82      6326698.60
2003-2009       37           3071600.31      3197345.01      6268945.32
2003-2009       38           3039191.00      3156452.15      6195643.15
2003-2009       39           2981693.30      3099884.58      6081577.88
2003-2009       40           2936845.10      3065947.87      6002792.97
2003-2009       41           2922561.72      3060781.18      5983342.89
2003-2009       42           2936766.01      3080477.74      6017243.75
2003-2009       43           2971343.69      3103000.67      6074344.37
2003-2009       44           2973145.88      3090198.87      6063344.76
2003-2009       45           2943552.05      3060415.89      6003967.94
2003-2009       46           2913833.87      3020430.01      5934263.87
2003-2009       47           2866375.83      2948866.53      5815242.36
2003-2009       48           2763215.58      2828850.94      5592066.52
2003-2009       49           2594649.75      2655121.09      5249770.84
2003-2009       50           2436675.91      2488898.69      4925574.60
2003-2009       51           2290901.99      2330456.70      4621358.69
2003-2009       52           2134031.98      2157647.58      4291679.56
2003-2009       53           2005461.86      2015486.67      4020948.52
2003-2009       54           1886103.46      1891143.79      3777247.24
2003-2009       55           1790310.19      1786618.02      3576928.20
2003-2009       56           1721539.71      1705491.96      3427031.66
2003-2009       57           1622454.04      1598638.95      3221092.99
2003-2009       58           1549655.12      1510794.81      3060449.93
2003-2009       59           1520983.00      1461203.52      2982186.51
2003-2009       60           1509683.82      1428203.18      2937887.00
2003-2009       61           1501827.72      1396474.48      2898302.20
2003-2009       62           1460871.27      1332886.07      2793757.33
2003-2009       63           1437097.11      1283871.69      2720968.80
2003-2009       64           1443690.45      1262391.59      2706082.04
2003-2009       65           1437376.85      1232566.33      2669943.18
2003-2009       66           1412240.94      1187608.29      2599849.23
2003-2009       67           1356145.83      1111873.65      2468019.47
2003-2009       68           1288113.92      1023878.03      2311991.95
2003-2009       69           1233598.02       949629.82      2183227.85
2003-2009       70           1172369.80       870910.25      2043280.05
2003-2009       71           1103245.09       785908.07      1889153.16
2003-2009       72           1036506.94       703220.71      1739727.64
2003-2009       73            973230.84       627353.30      1600584.14
2003-2009       74            905836.57       555302.84      1461139.41
2003-2009       75            837695.28       487092.58      1324787.86
2003-2009       76            770516.94       426561.71      1197078.65
2003-2009       77            703795.43       371903.19      1075698.62
2003-2009       78            639450.88       326005.60       965456.47
2003-2009       79            581996.24       289212.07       871208.31
2003-2009       80            528048.82       253769.13       781817.95
2003-2009       81            473405.84       219683.99       693089.82
2003-2009       82            416777.15       187820.32       604597.47
2003-2009       83            363248.77       159351.09       522599.86
2003-2009       84            315352.85       134009.91       449362.76
2003-2009       85            272194.67       110693.82       382888.49
2003-2009       86            231184.11        89025.96       320210.07
2003-2009       87            190373.80        69298.48       259672.28
2003-2009       88            153908.57        52803.76       206712.33
2003-2009       89            124324.42        39832.86       164157.28
2003-2009       90            100032.06        29681.18       129713.24
2003-2009       91             79412.01        21898.20       101310.21
2003-2009       92             61052.55        15924.72        76977.26
2003-2009       93             45426.78        11439.94        56866.72
2003-2009       94             33374.13         8147.41        41521.53
2003-2009       95             24198.37         5641.45        29839.82
2003-2009       96             17057.19         3812.15        20869.34
2003-2009       97             11602.43         2481.14        14083.57
2003-2009       98              7707.91         1559.14         9267.05
2003-2009       99              5092.21          959.79         6052.00
2003-2009      100              3289.11          563.10         3852.21
2003-2009      101              2033.68          327.62         2361.30
2003-2009      102              1221.94          187.29         1409.23
2003-2009      103               718.70          104.27          822.96
2003-2009      104               413.00           55.50          468.49
2003-2009      105               231.07           27.63          258.70
2003-2009      106               124.46           11.68          136.14
2003-2009      107                63.71            3.04           66.74
2003-2009      108                30.41            0.36           30.77
2003-2009      109                12.74            0.00           12.74
2003-2009      110+                3.89            0.00            3.89
2010-2016        0           1479787.69      1563506.08      3043293.77
2010-2016        1           1556981.09      1646231.62      3203212.71
2010-2016        2           1581454.93      1672981.49      3254436.42
2010-2016        3           1596760.99      1691856.29      3288617.28
2010-2016        4           1583805.83      1682260.58      3266066.41
2010-2016        5           1569329.53      1671647.04      3240976.57
2010-2016        6           1569456.38      1676382.67      3245839.05
2010-2016        7           1583290.21      1696721.65      3280011.86
2010-2016        8           1612489.20      1735162.21      3347651.41
2010-2016        9           1664938.45      1799898.16      3464836.61
2010-2016       10           1742610.91      1891750.45      3634361.36
2010-2016       11           1829997.33      1992311.38      3822308.71
2010-2016       12           1926162.85      2099755.34      4025918.19
2010-2016       13           2015924.78      2201866.61      4217791.39
2010-2016       14           2110334.50      2315393.55      4425728.05
2010-2016       15           2191329.47      2419347.65      4610677.12
2010-2016       16           2233228.61      2483060.90      4716289.52
2010-2016       17           2262926.91      2529228.58      4792155.49
2010-2016       18           2297841.53      2574766.13      4872607.66
2010-2016       19           2297566.87      2586987.23      4884554.10
2010-2016       20           2271298.74      2566730.62      4838029.37
2010-2016       21           2239206.88      2527257.69      4766464.57
2010-2016       22           2202791.44      2471718.48      4674509.92
2010-2016       23           2170172.87      2413305.68      4583478.55
2010-2016       24           2142570.65      2362889.21      4505459.87
2010-2016       25           2125227.95      2324026.35      4449254.30
2010-2016       26           2153766.12      2330008.76      4483774.88
2010-2016       27           2238356.61      2395726.76      4634083.38
2010-2016       28           2346186.02      2491247.50      4837433.51
2010-2016       29           2457780.39      2596865.14      5054645.53
2010-2016       30           2567151.49      2697503.40      5264654.89
2010-2016       31           2637634.16      2761559.72      5399193.88
2010-2016       32           2686667.60      2805973.51      5492641.10
2010-2016       33           2722975.66      2835206.55      5558182.21
2010-2016       34           2720785.60      2828443.30      5549228.90
2010-2016       35           2719621.75      2822666.67      5542288.42
2010-2016       36           2740951.23      2837950.58      5578901.81
2010-2016       37           2770860.72      2869210.15      5640070.87
2010-2016       38           2839098.74      2943137.86      5782236.59
2010-2016       39           2925667.33      3034027.60      5959694.93
2010-2016       40           2998288.43      3109046.59      6107335.02
2010-2016       41           3073809.08      3180999.59      6254808.66
2010-2016       42           3114782.20      3208860.57      6323642.77
2010-2016       43           3093915.25      3192054.48      6285969.73
2010-2016       44           3059453.80      3166123.69      6225577.49
2010-2016       45           3026919.86      3122664.74      6149584.60
2010-2016       46           2969490.07      3063295.60      6032785.66
2010-2016       47           2924289.79      3025039.51      5949329.30
2010-2016       48           2909623.16      3015118.44      5924741.60
2010-2016       49           2922655.46      3029481.94      5952137.40
2010-2016       50           2956367.18      3046378.87      6002746.05
2010-2016       51           2957795.14      3028549.91      5986345.05
2010-2016       52           2927555.57      2993731.67      5921287.24
2010-2016       53           2896791.57      2947561.92      5844353.49
2010-2016       54           2847864.25      2870478.20      5718342.45
2010-2016       55           2743990.23      2746485.50      5490475.72
2010-2016       56           2575070.96      2571532.66      5146603.62
2010-2016       57           2416010.61      2403860.24      4819870.84
2010-2016       58           2269460.67      2243827.99      4513288.66
2010-2016       59           2111720.04      2069829.03      4181549.07
2010-2016       60           1981920.18      1926886.18      3908806.36
2010-2016       61           1860865.19      1801064.61      3661929.79
2010-2016       62           1762801.05      1693956.13      3456757.17
2010-2016       63           1691311.97      1609493.37      3300805.33
2010-2016       64           1590601.46      1500945.87      3091547.33
2010-2016       65           1516162.04      1411457.52      2927619.56
2010-2016       66           1484555.74      1357196.68      2841752.41
2010-2016       67           1468854.83      1315672.00      2784526.83
2010-2016       68           1454879.51      1273527.75      2728407.26
2010-2016       69           1408163.46      1201514.10      2609677.56
2010-2016       70           1376778.67      1142349.78      2519128.45
2010-2016       71           1373734.93      1106432.04      2480166.97
2010-2016       72           1356837.18      1062817.70      2419654.87
2010-2016       73           1321055.96      1004866.02      2325921.97
2010-2016       74           1255281.30       921575.81      2176857.11
2010-2016       75           1177310.82       829258.94      2006569.76
2010-2016       76           1111859.99       750299.69      1862159.68
2010-2016       77           1040157.77       669689.99      1709847.77
2010-2016       78            960201.03       586221.70      1546422.74
2010-2016       79            882871.31       506933.06      1389804.36
2010-2016       80            807725.18       434947.21      1242672.39
2010-2016       81            729573.84       368415.93      1097989.77
2010-2016       82            651981.27       307809.90       959791.17
2010-2016       83            578358.69       255589.65       833948.34
2010-2016       84            505527.78       210301.22       715829.00
2010-2016       85            437581.73       172307.08       609888.80
2010-2016       86            376596.74       142101.40       518698.14
2010-2016       87            320914.11       115522.30       436436.41
2010-2016       88            268199.53        91732.86       359932.39
2010-2016       89            218524.83        71651.44       290176.26
2010-2016       90            175083.14        55156.06       230239.20
2010-2016       91            138929.39        41903.61       180833.00
2010-2016       92            108699.13        31109.52       139808.65
2010-2016       93             82794.44        22275.91       105070.35
2010-2016       94             60538.46        15277.49        75815.95
2010-2016       95             43071.59        10239.99        53311.58
2010-2016       96             30500.84         6805.26        37306.10
2010-2016       97             21407.04         4447.75        25854.79
2010-2016       98             14725.71         2870.59        17596.30
2010-2016       99              9784.81         1838.20        11623.01
2010-2016      100              6158.36         1137.41         7295.77
2010-2016      101              3732.20          675.54         4407.74
2010-2016      102              2211.26          391.00         2602.26
2010-2016      103              1259.22          218.54         1477.77
2010-2016      104               685.92          117.34          803.26
2010-2016      105               361.00           59.70          420.69
2010-2016      106               184.98           28.56          213.53
2010-2016      107                91.73           12.40          104.13
2010-2016      108                42.96            4.12           47.08
2010-2016      109                18.37            0.27           18.64
2010-2016      110+                7.44            0.00            7.44
