Lithuania, Exposure to risk (period 1x10), 	Last modified: 26 Sep 2017;  Methods Protocol: v6 (2017)

  Year          Age             Female            Male           Total
1960-1969        0            274342.45       286218.84       560561.29
1960-1969        1            277456.28       288286.42       565742.70
1960-1969        2            279281.49       289918.53       569200.02
1960-1969        3            279658.88       290355.88       570014.76
1960-1969        4            279872.14       290037.97       569910.10
1960-1969        5            279234.35       288898.55       568132.90
1960-1969        6            276587.81       285780.46       562368.27
1960-1969        7            272647.67       281264.78       553912.44
1960-1969        8            267183.94       275544.49       542728.42
1960-1969        9            261429.55       269704.38       531133.93
1960-1969       10            255115.36       263254.48       518369.85
1960-1969       11            248053.43       256033.93       504087.35
1960-1969       12            241496.35       248851.49       490347.84
1960-1969       13            235431.70       242324.16       477755.86
1960-1969       14            230733.46       237475.06       468208.52
1960-1969       15            226324.82       232266.37       458591.19
1960-1969       16            223607.47       228152.54       451760.02
1960-1969       17            224018.59       226999.65       451018.23
1960-1969       18            225450.57       226495.52       451946.08
1960-1969       19            226482.66       225168.67       451651.32
1960-1969       20            226028.36       222189.38       448217.73
1960-1969       21            226590.59       220070.38       446660.97
1960-1969       22            229269.43       220505.80       449775.23
1960-1969       23            233595.44       222249.24       455844.68
1960-1969       24            237694.65       224369.44       462064.09
1960-1969       25            240942.68       226301.12       467243.80
1960-1969       26            244798.85       228271.84       473070.69
1960-1969       27            246900.16       228349.46       475249.62
1960-1969       28            247225.48       226719.48       473944.96
1960-1969       29            248864.76       226623.51       475488.27
1960-1969       30            250483.63       226910.66       477394.29
1960-1969       31            252625.83       227115.64       479741.47
1960-1969       32            253851.01       226742.41       480593.42
1960-1969       33            252429.35       222526.84       474956.20
1960-1969       34            251286.74       216134.25       467420.98
1960-1969       35            249895.33       209696.11       459591.43
1960-1969       36            248049.82       203581.35       451631.17
1960-1969       37            244424.43       196671.62       441096.05
1960-1969       38            238705.15       188901.65       427606.79
1960-1969       39            231934.18       180534.43       412468.61
1960-1969       40            222593.35       170081.37       392674.72
1960-1969       41            210505.72       157614.41       368120.12
1960-1969       42            197431.83       144655.17       342087.00
1960-1969       43            185083.45       134385.99       319469.44
1960-1969       44            174467.37       127335.88       301803.24
1960-1969       45            165640.43       121293.82       286934.25
1960-1969       46            159661.45       116343.69       276005.14
1960-1969       47            155270.39       111906.47       267176.85
1960-1969       48            152249.61       108170.69       260420.30
1960-1969       49            151586.08       105549.53       257135.61
1960-1969       50            152041.85       104208.29       256250.14
1960-1969       51            155439.60       109482.01       264921.61
1960-1969       52            160720.09       119852.99       280573.08
1960-1969       53            164851.97       128030.57       292882.54
1960-1969       54            167954.72       133117.97       301072.69
1960-1969       55            168384.74       135866.95       304251.68
1960-1969       56            167869.26       137311.80       305181.06
1960-1969       57            167007.64       137642.62       304650.26
1960-1969       58            164557.97       136385.57       300943.54
1960-1969       59            163618.85       135417.57       299036.42
1960-1969       60            160599.95       132671.22       293271.17
1960-1969       61            157116.75       125238.93       282355.68
1960-1969       62            153197.23       115067.68       268264.91
1960-1969       63            146659.97       105604.92       252264.89
1960-1969       64            141876.21        98961.77       240837.98
1960-1969       65            136395.85        93070.18       229466.03
1960-1969       66            130756.15        87964.03       218720.18
1960-1969       67            124235.18        82634.87       206870.05
1960-1969       68            116949.76        76911.23       193860.99
1960-1969       69            109218.22        71687.61       180905.83
1960-1969       70            100535.72        66017.72       166553.44
1960-1969       71             95996.25        61140.19       157136.44
1960-1969       72             91598.13        56209.71       147807.83
1960-1969       73             84203.41        50427.61       134631.01
1960-1969       74             77265.27        45484.74       122750.01
1960-1969       75             70442.68        40426.99       110869.67
1960-1969       76             64987.77        35551.05       100538.83
1960-1969       77             60289.34        31531.13        91820.46
1960-1969       78             54827.40        27651.45        82478.85
1960-1969       79             49189.33        24067.98        73257.30
1960-1969       80             44654.50        21222.14        65876.64
1960-1969       81             38564.14        18409.47        56973.61
1960-1969       82             33319.20        15960.38        49279.58
1960-1969       83             28647.32        13727.53        42374.84
1960-1969       84             24471.52        11615.54        36087.06
1960-1969       85             20588.07         9574.51        30162.58
1960-1969       86             17111.09         7728.27        24839.36
1960-1969       87             14076.69         6203.20        20279.89
1960-1969       88             11477.99         4963.22        16441.21
1960-1969       89              9323.87         3937.01        13260.87
1960-1969       90              7509.40         3025.71        10535.12
1960-1969       91              6036.39         2320.68         8357.07
1960-1969       92              4858.89         1815.43         6674.31
1960-1969       93              3866.51         1413.96         5280.46
1960-1969       94              3091.21         1098.53         4189.74
1960-1969       95              2450.59          835.47         3286.06
1960-1969       96              1898.86          643.14         2542.00
1960-1969       97              1458.94          484.69         1943.63
1960-1969       98              1111.33          344.46         1455.79
1960-1969       99               819.52          238.97         1058.48
1960-1969      100               597.20          167.02          764.22
1960-1969      101               442.34          116.11          558.45
1960-1969      102               325.71           78.45          404.15
1960-1969      103               232.33           50.60          282.93
1960-1969      104               160.39           30.76          191.16
1960-1969      105               108.40           17.34          125.74
1960-1969      106                72.64            8.35           80.99
1960-1969      107                47.25            2.40           49.65
1960-1969      108                29.06            0.18           29.24
1960-1969      109                16.53            0.00           16.53
1960-1969      110+               12.20            0.00           12.20
1970-1979        0            255899.86       266194.52       522094.38
1970-1979        1            257205.50       266458.81       523664.31
1970-1979        2            260141.49       268796.74       528938.23
1970-1979        3            262558.58       270669.67       533228.26
1970-1979        4            264350.59       272718.31       537068.90
1970-1979        5            266049.88       274969.83       541019.71
1970-1979        6            268516.49       277809.33       546325.83
1970-1979        7            271071.34       280457.42       551528.76
1970-1979        8            274179.81       283495.30       557675.11
1970-1979        9            277535.51       286839.34       564374.85
1970-1979       10            280968.03       290166.40       571134.43
1970-1979       11            284309.63       293785.14       578094.78
1970-1979       12            285604.14       296518.64       582122.78
1970-1979       13            284772.37       297116.00       581888.37
1970-1979       14            283117.85       296232.74       579350.59
1970-1979       15            280566.74       294586.63       575153.37
1970-1979       16            275690.49       290455.09       566145.58
1970-1979       17            269479.03       284797.01       554276.04
1970-1979       18            262141.25       278466.84       540608.09
1970-1979       19            255467.31       271574.67       527041.99
1970-1979       20            250646.23       263389.26       514035.49
1970-1979       21            244965.96       253312.66       498278.62
1970-1979       22            239871.47       244830.97       484702.44
1970-1979       23            235445.90       238522.91       473968.80
1970-1979       24            232201.78       233798.62       466000.40
1970-1979       25            229401.09       228641.91       458042.99
1970-1979       26            227996.54       224877.13       452873.67
1970-1979       27            229447.59       224443.55       453891.15
1970-1979       28            231375.13       225108.97       456484.10
1970-1979       29            231779.24       224362.91       456142.15
1970-1979       30            231559.36       222607.30       454166.66
1970-1979       31            231799.19       221416.14       453215.33
1970-1979       32            234252.38       222202.46       456454.84
1970-1979       33            238571.87       224489.25       463061.12
1970-1979       34            241936.47       226468.31       468404.78
1970-1979       35            244718.07       228003.19       472721.25
1970-1979       36            247397.70       228990.40       476388.10
1970-1979       37            248564.23       228444.11       477008.34
1970-1979       38            248444.16       226429.33       474873.49
1970-1979       39            248862.75       225133.28       473996.02
1970-1979       40            250475.22       225223.52       475698.74
1970-1979       41            251329.85       224022.32       475352.18
1970-1979       42            251266.28       222309.12       473575.40
1970-1979       43            249439.88       217644.21       467084.09
1970-1979       44            247244.56       210345.91       457590.46
1970-1979       45            245888.43       203951.43       449839.85
1970-1979       46            243110.81       197157.62       440268.43
1970-1979       47            238471.61       189390.46       427862.07
1970-1979       48            232899.39       181311.40       414210.79
1970-1979       49            225999.34       172278.53       398277.86
1970-1979       50            217828.29       162241.01       380069.29
1970-1979       51            206288.58       149760.85       356049.43
1970-1979       52            193074.48       136429.16       329503.64
1970-1979       53            181433.08       126322.56       307755.64
1970-1979       54            171053.46       118778.53       289831.99
1970-1979       55            163375.05       112599.76       275974.81
1970-1979       56            157429.39       107215.34       264644.74
1970-1979       57            152148.15       102352.50       254500.65
1970-1979       58            148758.23        98543.10       247301.33
1970-1979       59            147212.01        95348.47       242560.48
1970-1979       60            148051.20        94134.64       242185.84
1970-1979       61            150380.91        98250.86       248631.77
1970-1979       62            154094.61       106117.53       260212.14
1970-1979       63            157577.60       111863.68       269441.28
1970-1979       64            159299.00       114179.72       273478.71
1970-1979       65            158836.19       114435.44       273271.63
1970-1979       66            156069.05       113091.38       269160.44
1970-1979       67            152325.22       110745.09       263070.31
1970-1979       68            147432.68       107213.24       254645.92
1970-1979       69            143654.30       103270.78       246925.08
1970-1979       70            139798.13        98656.68       238454.82
1970-1979       71            132669.48        90531.40       223200.88
1970-1979       72            124958.03        80664.51       205622.54
1970-1979       73            117288.70        71891.89       189180.58
1970-1979       74            110002.19        64731.90       174734.08
1970-1979       75            102422.95        58682.56       161105.50
1970-1979       76             93708.48        53133.55       146842.03
1970-1979       77             84361.82        47679.60       132041.42
1970-1979       78             75611.61        42387.03       117998.64
1970-1979       79             67065.82        37524.36       104590.18
1970-1979       80             63541.47        33847.10        97388.57
1970-1979       81             57220.16        29717.49        86937.65
1970-1979       82             51062.51        25744.30        76806.81
1970-1979       83             44994.66        22029.24        67023.91
1970-1979       84             39209.49        18698.43        57907.92
1970-1979       85             33804.03        15666.48        49470.51
1970-1979       86             28866.02        12890.24        41756.25
1970-1979       87             24425.31        10435.56        34860.87
1970-1979       88             20384.83         8360.23        28745.06
1970-1979       89             16528.44         6609.50        23137.93
1970-1979       90             12975.57         5174.31        18149.87
1970-1979       91             10178.48         4059.97        14238.45
1970-1979       92              8014.66         3174.43        11189.09
1970-1979       93              6242.55         2481.48         8724.03
1970-1979       94              4802.33         1910.97         6713.30
1970-1979       95              3621.09         1401.78         5022.87
1970-1979       96              2730.49          996.69         3727.18
1970-1979       97              2026.59          720.85         2747.43
1970-1979       98              1447.94          519.68         1967.62
1970-1979       99              1004.85          359.04         1363.89
1970-1979      100               689.07          240.63          929.70
1970-1979      101               465.57          159.25          624.83
1970-1979      102               311.29          104.30          415.59
1970-1979      103               201.05           65.85          266.90
1970-1979      104               124.28           38.96          163.24
1970-1979      105                75.13           20.60           95.73
1970-1979      106                44.49            9.04           53.53
1970-1979      107                24.71            3.05           27.76
1970-1979      108                11.51            0.78           12.29
1970-1979      109                 3.92            0.05            3.97
1970-1979      110+                1.69            0.00            1.69
1980-1989        0            272443.33       286057.47       558500.80
1980-1989        1            271211.13       283477.86       554688.99
1980-1989        2            269475.68       281019.63       550495.31
1980-1989        3            267169.85       277789.85       544959.70
1980-1989        4            264385.25       274127.78       538513.04
1980-1989        5            262217.76       271349.61       533567.37
1980-1989        6            260260.28       268530.48       528790.76
1980-1989        7            259752.99       267594.28       527347.27
1980-1989        8            261292.33       269129.31       530421.64
1980-1989        9            262895.49       270732.39       533627.88
1980-1989       10            264132.52       272508.69       536641.21
1980-1989       11            265160.43       274204.54       539364.96
1980-1989       12            266189.81       275483.32       541673.13
1980-1989       13            267210.59       277037.86       544248.45
1980-1989       14            268025.39       279117.22       547142.61
1980-1989       15            269025.11       281834.38       550859.50
1980-1989       16            270882.86       285288.23       556171.09
1980-1989       17            272743.44       288123.83       560867.27
1980-1989       18            275101.06       290867.46       565968.52
1980-1989       19            277672.42       293488.50       571160.93
1980-1989       20            280585.42       296660.76       577246.17
1980-1989       21            284930.64       301995.56       586926.20
1980-1989       22            287681.84       304879.72       592561.56
1980-1989       23            288718.15       304019.54       592737.68
1980-1989       24            289475.14       301782.17       591257.32
1980-1989       25            289039.76       298608.11       587647.87
1980-1989       26            286389.47       293287.55       579677.02
1980-1989       27            282548.18       286739.02       569287.21
1980-1989       28            277263.19       278952.32       556215.51
1980-1989       29            271434.20       271043.80       542478.00
1980-1989       30            265913.29       263961.42       529874.71
1980-1989       31            259667.55       256044.92       515712.47
1980-1989       32            253328.60       247987.65       501316.25
1980-1989       33            247303.49       240502.53       487806.02
1980-1989       34            243060.80       234454.07       477514.86
1980-1989       35            238966.27       228408.22       467374.50
1980-1989       36            235926.00       223681.57       459607.57
1980-1989       37            235637.35       221543.07       457180.41
1980-1989       38            235842.78       220302.06       456144.84
1980-1989       39            234842.76       218349.63       453192.39
1980-1989       40            232778.46       215269.80       448048.26
1980-1989       41            232377.40       213701.57       446078.97
1980-1989       42            234215.26       213795.09       448010.35
1980-1989       43            237669.52       214994.91       452664.43
1980-1989       44            240163.78       215801.94       455965.72
1980-1989       45            242211.70       216029.53       458241.23
1980-1989       46            244479.54       216323.29       460802.83
1980-1989       47            244742.47       214754.95       459497.42
1980-1989       48            243205.82       211289.06       454494.88
1980-1989       49            242503.20       208657.70       451160.90
1980-1989       50            242557.12       206805.52       449362.64
1980-1989       51            242647.38       204758.38       447405.76
1980-1989       52            242161.93       202102.02       444263.95
1980-1989       53            240100.20       196420.79       436520.99
1980-1989       54            238119.90       188757.09       426877.00
1980-1989       55            236674.72       181847.77       418522.49
1980-1989       56            234813.84       175135.90       409949.75
1980-1989       57            231311.91       167511.02       398822.93
1980-1989       58            225772.20       159261.89       385034.09
1980-1989       59            218470.83       150119.59       368590.42
1980-1989       60            209562.02       140150.33       349712.35
1980-1989       61            197994.60       128748.53       326743.13
1980-1989       62            184385.82       116329.36       300715.18
1980-1989       63            171576.51       106116.54       277693.05
1980-1989       64            159739.02        98071.96       257810.99
1980-1989       65            149935.20        91460.61       241395.81
1980-1989       66            142294.50        85725.68       228020.18
1980-1989       67            136240.89        80616.76       216857.65
1980-1989       68            131940.88        76352.73       208293.61
1980-1989       69            128742.05        72384.26       201126.32
1980-1989       70            126823.39        69423.13       196246.51
1980-1989       71            126885.09        70243.68       197128.77
1980-1989       72            127723.43        73376.64       201100.07
1980-1989       73            127542.92        74650.96       202193.88
1980-1989       74            125819.33        73524.45       199343.78
1980-1989       75            121689.45        70865.83       192555.28
1980-1989       76            115608.05        67176.06       182784.11
1980-1989       77            108688.49        62864.37       171552.87
1980-1989       78            100882.37        58206.83       159089.20
1980-1989       79             93952.95        53569.01       147521.96
1980-1989       80             83557.94        47214.19       130772.13
1980-1989       81             75423.41        40742.69       116166.09
1980-1989       82             66999.44        33924.13       100923.57
1980-1989       83             58943.41        28004.87        86948.28
1980-1989       84             51519.90        23281.96        74801.86
1980-1989       85             44519.13        19501.89        64021.02
1980-1989       86             37795.39        16363.80        54159.19
1980-1989       87             31600.32        13614.38        45214.70
1980-1989       88             26160.52        11310.66        37471.18
1980-1989       89             21610.50         9384.19        30994.70
1980-1989       90             17835.88         7684.97        25520.85
1980-1989       91             14563.39         6169.76        20733.15
1980-1989       92             11715.72         4798.58        16514.30
1980-1989       93              9309.92         3657.50        12967.42
1980-1989       94              7337.26         2808.33        10145.59
1980-1989       95              5746.68         2140.26         7886.95
1980-1989       96              4464.75         1601.04         6065.79
1980-1989       97              3410.00         1169.90         4579.90
1980-1989       98              2556.41          836.45         3392.85
1980-1989       99              1850.26          589.35         2439.61
1980-1989      100              1293.58          407.50         1701.09
1980-1989      101               892.64          276.92         1169.56
1980-1989      102               609.44          184.78          794.22
1980-1989      103               411.47          121.20          532.67
1980-1989      104               271.73           76.11          347.84
1980-1989      105               172.71           43.96          216.66
1980-1989      106               106.09           22.61          128.70
1980-1989      107                62.95            9.54           72.49
1980-1989      108                35.07            1.92           36.98
1980-1989      109                17.56            0.00           17.56
1980-1989      110+                9.95            0.00            9.95
1990-1999        0            220537.00       232279.20       452816.21
1990-1999        1            228486.51       240041.29       468527.80
1990-1999        2            238017.22       249277.49       487294.71
1990-1999        3            247763.08       259261.89       507024.97
1990-1999        4            257050.61       268701.56       525752.17
1990-1999        5            265062.59       276467.26       541529.85
1990-1999        6            271282.52       282772.32       554054.84
1990-1999        7            273664.62       284825.28       558489.89
1990-1999        8            273254.41       283860.25       557114.66
1990-1999        9            271886.27       282086.19       553972.46
1990-1999       10            270550.99       280309.95       550860.94
1990-1999       11            269177.37       278497.41       547674.78
1990-1999       12            266495.10       275630.97       542126.06
1990-1999       13            262963.66       271565.48       534529.14
1990-1999       14            259193.49       267264.99       526458.48
1990-1999       15            256176.15       263798.78       519974.93
1990-1999       16            254038.46       261091.15       515129.61
1990-1999       17            253350.23       260383.20       513733.43
1990-1999       18            254846.85       262087.08       516933.93
1990-1999       19            256436.17       264364.88       520801.05
1990-1999       20            257418.22       267029.63       524447.85
1990-1999       21            257948.78       268410.72       526359.50
1990-1999       22            259036.94       269568.83       528605.77
1990-1999       23            260545.57       271682.92       532228.49
1990-1999       24            261973.34       273849.69       535823.03
1990-1999       25            263946.88       276558.87       540505.75
1990-1999       26            266828.35       279340.96       546169.31
1990-1999       27            269795.04       281229.73       551024.77
1990-1999       28            273546.68       283488.41       557035.09
1990-1999       29            277800.55       285614.35       563414.90
1990-1999       30            282124.20       286842.36       568966.56
1990-1999       31            286898.96       289136.30       576035.26
1990-1999       32            289231.98       290013.70       579245.68
1990-1999       33            289299.35       287889.42       577188.77
1990-1999       34            288273.71       284530.48       572804.19
1990-1999       35            285888.43       279861.97       565750.41
1990-1999       36            281298.29       273084.80       554383.08
1990-1999       37            275568.59       265362.47       540931.07
1990-1999       38            268786.82       256790.65       525577.47
1990-1999       39            261781.88       248350.61       510132.49
1990-1999       40            255668.86       240714.68       496383.54
1990-1999       41            248804.16       232242.08       481046.24
1990-1999       42            241961.37       223818.29       465779.66
1990-1999       43            235550.06       216137.59       451687.64
1990-1999       44            230963.62       210116.54       441080.16
1990-1999       45            226403.10       203997.26       430400.36
1990-1999       46            222887.78       198829.68       421717.46
1990-1999       47            222502.70       196440.36       418943.06
1990-1999       48            222866.35       195100.87       417967.22
1990-1999       49            221928.76       192815.77       414744.53
1990-1999       50            219860.47       189318.77       409179.24
1990-1999       51            219146.08       186936.58       406082.66
1990-1999       52            220869.89       186091.80       406961.69
1990-1999       53            224019.79       186411.37       410431.15
1990-1999       54            226068.62       186015.33       412083.95
1990-1999       55            227525.32       184764.82       412290.14
1990-1999       56            228810.30       183163.50       411973.80
1990-1999       57            228365.20       180249.84       408615.04
1990-1999       58            226704.26       175986.26       402690.52
1990-1999       59            225688.63       172304.79       397993.43
1990-1999       60            225079.34       168949.85       394029.19
1990-1999       61            223974.41       164938.52       388912.93
1990-1999       62            222555.54       160828.93       383384.46
1990-1999       63            219884.79       154813.87       374698.67
1990-1999       64            216998.39       147337.57       364335.96
1990-1999       65            214204.02       139994.73       354198.75
1990-1999       66            210552.51       132635.34       343187.84
1990-1999       67            204617.39       124528.11       329145.50
1990-1999       68            197214.05       116056.39       313270.44
1990-1999       69            188357.64       107169.33       295526.96
1990-1999       70            177832.17        97705.07       275537.24
1990-1999       71            164829.47        87207.35       252036.81
1990-1999       72            150355.99        76569.06       226925.05
1990-1999       73            137001.73        67780.93       204782.66
1990-1999       74            124568.45        60657.98       185226.43
1990-1999       75            114131.57        54609.22       168740.78
1990-1999       76            105294.82        49355.11       154649.93
1990-1999       77             97646.11        44492.43       142138.53
1990-1999       78             91154.16        40273.31       131427.47
1990-1999       79             85304.72        36435.99       121740.71
1990-1999       80             79055.44        32998.56       112054.00
1990-1999       81             74686.51        31490.70       106177.21
1990-1999       82             70604.46        30696.07       101300.53
1990-1999       83             65849.37        29170.79        95020.16
1990-1999       84             59972.43        26656.15        86628.59
1990-1999       85             53152.60        23637.41        76790.01
1990-1999       86             45920.83        20487.49        66408.32
1990-1999       87             38839.31        17344.11        56183.42
1990-1999       88             32408.26        14433.63        46841.89
1990-1999       89             26761.05        11817.93        38578.98
1990-1999       90             21647.26         9392.38        31039.64
1990-1999       91             17068.03         7137.91        24205.94
1990-1999       92             13182.03         5168.98        18351.01
1990-1999       93             10040.53         3688.31        13728.84
1990-1999       94              7609.06         2689.31        10298.37
1990-1999       95              5716.41         2008.57         7724.97
1990-1999       96              4266.41         1519.24         5785.64
1990-1999       97              3194.44         1154.38         4348.81
1990-1999       98              2408.66          860.76         3269.42
1990-1999       99              1747.42          610.70         2358.12
1990-1999      100              1196.99          410.77         1607.77
1990-1999      101               793.39          265.90         1059.28
1990-1999      102               507.68          165.29          672.97
1990-1999      103               315.79           99.69          415.48
1990-1999      104               193.37           59.15          252.52
1990-1999      105               116.69           34.97          151.66
1990-1999      106                67.48           20.58           88.06
1990-1999      107                37.04           11.71           48.74
1990-1999      108                18.93            6.02           24.95
1990-1999      109                 8.39            2.11           10.50
1990-1999      110+                4.19            0.32            4.51
2000-2009        0            148558.84       156424.67       304983.51
2000-2009        1            149507.26       157503.43       307010.68
2000-2009        2            151529.62       159883.18       311412.80
2000-2009        3            154691.50       163516.46       318207.96
2000-2009        4            159105.75       168149.50       327255.25
2000-2009        5            164190.91       173435.95       337626.86
2000-2009        6            170284.77       180096.98       350381.75
2000-2009        7            180348.15       190185.96       370534.11
2000-2009        8            191610.31       201796.02       393406.33
2000-2009        9            201900.84       212362.95       414263.79
2000-2009       10            211247.15       221772.99       433020.14
2000-2009       11            219314.47       229750.75       449065.23
2000-2009       12            227833.94       237945.94       465779.88
2000-2009       13            236052.59       246549.87       482602.45
2000-2009       14            243852.44       254339.74       498192.18
2000-2009       15            249654.32       259887.26       509541.58
2000-2009       16            253427.92       263493.43       516921.35
2000-2009       17            252986.49       262447.35       515433.85
2000-2009       18            249679.23       258611.78       508291.02
2000-2009       19            245521.29       254011.82       499533.11
2000-2009       20            241349.97       249165.20       490515.18
2000-2009       21            236732.40       244290.59       481022.99
2000-2009       22            231593.59       238437.21       470030.80
2000-2009       23            226907.47       232743.90       459651.36
2000-2009       24            222989.98       226818.14       449808.13
2000-2009       25            219030.19       222547.71       441577.90
2000-2009       26            217123.21       219077.26       436200.47
2000-2009       27            217835.13       218176.40       436011.52
2000-2009       28            221175.49       219743.82       440919.32
2000-2009       29            225251.90       222764.96       448016.86
2000-2009       30            228674.04       225433.85       454107.88
2000-2009       31            232113.48       227062.42       459175.91
2000-2009       32            235227.74       229583.98       464811.72
2000-2009       33            238364.72       231484.26       469848.98
2000-2009       34            240792.28       233212.41       474004.69
2000-2009       35            243191.90       235396.33       478588.23
2000-2009       36            246195.39       238229.31       484424.70
2000-2009       37            249571.16       240744.56       490315.72
2000-2009       38            253370.41       243540.62       496911.03
2000-2009       39            257088.64       245808.86       502897.50
2000-2009       40            259877.51       246455.65       506333.15
2000-2009       41            264073.78       249005.67       513079.44
2000-2009       42            265007.01       248491.70       513498.72
2000-2009       43            264360.85       246738.36       511099.21
2000-2009       44            263272.81       244002.22       507275.04
2000-2009       45            260549.10       240134.30       500683.40
2000-2009       46            256008.13       233957.08       489965.20
2000-2009       47            251355.33       227924.54       479279.87
2000-2009       48            245432.08       220461.42       465893.50
2000-2009       49            239479.57       213255.54       452735.10
2000-2009       50            233571.77       205335.89       438907.66
2000-2009       51            226436.95       196549.69       422986.64
2000-2009       52            219186.88       187842.12       407029.00
2000-2009       53            213016.37       180451.72       393468.09
2000-2009       54            208342.34       174181.07       382523.40
2000-2009       55            203677.89       167829.16       371507.05
2000-2009       56            200655.17       162620.59       363275.76
2000-2009       57            200682.77       159754.49       360437.27
2000-2009       58            200911.34       157381.07       358292.41
2000-2009       59            199187.50       153419.95       352607.44
2000-2009       60            197399.96       149315.96       346715.92
2000-2009       61            196530.80       146164.14       342694.93
2000-2009       62            197683.87       144347.76       342031.63
2000-2009       63            200261.98       143003.26       343265.24
2000-2009       64            201937.05       141459.97       343397.02
2000-2009       65            202871.74       138877.40       341749.14
2000-2009       66            203612.23       136236.08       339848.30
2000-2009       67            202517.53       132463.94       334981.47
2000-2009       68            200017.46       127557.65       327575.12
2000-2009       69            197855.46       122721.26       320576.72
2000-2009       70            194818.77       117834.51       312653.28
2000-2009       71            191551.68       112690.61       304242.28
2000-2009       72            187080.82       106786.41       293867.23
2000-2009       73            181559.04       100161.93       281720.97
2000-2009       74            175535.01        92065.80       267600.80
2000-2009       75            169337.44        84526.48       253863.92
2000-2009       76            161877.23        77247.24       239124.46
2000-2009       77            152869.97        69639.20       222509.17
2000-2009       78            142452.79        62122.88       204575.67
2000-2009       79            130996.49        54474.22       185470.71
2000-2009       80            118544.01        46942.79       165486.80
2000-2009       81            104894.00        39689.82       144583.82
2000-2009       82             90953.40        32874.82       123828.22
2000-2009       83             77799.72        27215.22       105014.94
2000-2009       84             65997.80        22636.77        88634.57
2000-2009       85             55602.96        18737.37        74340.34
2000-2009       86             46691.32        15495.46        62186.77
2000-2009       87             38971.92        12721.08        51692.99
2000-2009       88             32252.04        10308.35        42560.39
2000-2009       89             26451.23         8275.41        34726.64
2000-2009       90             21521.49         6652.52        28174.01
2000-2009       91             17467.86         5551.52        23019.38
2000-2009       92             14024.46         4742.97        18767.42
2000-2009       93             10983.75         3926.92        14910.67
2000-2009       94              8271.95         3085.95        11357.90
2000-2009       95              5915.80         2312.70         8228.50
2000-2009       96              4052.08         1677.39         5729.46
2000-2009       97              2761.24         1180.08         3941.31
2000-2009       98              1896.21          824.59         2720.79
2000-2009       99              1271.62          586.26         1857.88
2000-2009      100               824.55          418.20         1242.74
2000-2009      101               514.22          291.56          805.78
2000-2009      102               308.41          200.20          508.61
2000-2009      103               180.02          136.58          316.60
2000-2009      104               102.39           92.10          194.49
2000-2009      105                54.95           60.41          115.35
2000-2009      106                26.56           37.84           64.40
2000-2009      107                10.52           22.50           33.02
2000-2009      108                 2.61           12.71           15.31
2000-2009      109                 0.15            6.36            6.50
2000-2009      110+                0.00            4.27            4.27
2010-2014        0             74201.31        77989.60       152190.91
2010-2014        1             74807.47        78729.19       153536.66
2010-2014        2             73587.27        77537.46       151124.73
2010-2014        3             72106.62        75757.11       147863.73
2010-2014        4             70131.24        73564.19       143695.43
2010-2014        5             68113.58        71241.62       139355.20
2010-2014        6             66544.08        69552.55       136096.63
2010-2014        7             65700.16        68863.83       134564.00
2010-2014        8             65737.59        69095.46       134833.06
2010-2014        9             67016.63        70599.78       137616.41
2010-2014       10             69236.16        73200.53       142436.69
2010-2014       11             72018.69        76362.43       148381.12
2010-2014       12             75457.73        80016.19       155473.93
2010-2014       13             79333.68        84044.54       163378.21
2010-2014       14             82924.41        87665.56       170589.97
2010-2014       15             86009.31        90786.08       176795.39
2010-2014       16             89724.26        94331.27       184055.53
2010-2014       17             95838.00       100300.09       196138.09
2010-2014       18            101681.56       106284.42       207965.97
2010-2014       19            104353.22       109953.88       214307.10
2010-2014       20            106874.67       112440.73       219315.40
2010-2014       21            107828.04       112830.77       220658.81
2010-2014       22            106245.60       111341.00       217586.60
2010-2014       23            103449.34       109195.78       212645.12
2010-2014       24            101273.89       107052.38       208326.26
2010-2014       25            100000.59       104990.09       204990.68
2010-2014       26             98587.48       103074.80       201662.28
2010-2014       27             96420.38       100042.48       196462.85
2010-2014       28             93933.82        96796.38       190730.21
2010-2014       29             91720.70        94182.61       185903.32
2010-2014       30             90245.16        92306.24       182551.40
2010-2014       31             89400.75        90760.43       180161.18
2010-2014       32             89514.69        90119.49       179634.18
2010-2014       33             90974.65        90724.34       181698.99
2010-2014       34             92813.63        91280.59       184094.22
2010-2014       35             94676.75        91875.43       186552.18
2010-2014       36             96610.97        92802.43       189413.40
2010-2014       37             99103.87        94154.48       193258.35
2010-2014       38            102179.73        96346.61       198526.34
2010-2014       39            105180.71        98762.67       203943.37
2010-2014       40            107555.61       100955.17       208510.78
2010-2014       41            109704.83       102730.12       212434.95
2010-2014       42            111219.88       103556.01       214775.89
2010-2014       43            111987.00       103559.22       215546.22
2010-2014       44            112014.60       103187.30       215201.90
2010-2014       45            111978.99       103081.46       215060.44
2010-2014       46            113228.87       103922.79       217151.66
2010-2014       47            115121.31       105604.29       220725.59
2010-2014       48            118255.15       108074.13       226329.27
2010-2014       49            122017.36       110436.35       232453.71
2010-2014       50            125318.51       112045.55       237364.06
2010-2014       51            128047.72       113069.65       241117.37
2010-2014       52            128099.78       111755.08       239854.87
2010-2014       53            125010.69       107754.02       232764.71
2010-2014       54            120435.39       102513.63       222949.03
2010-2014       55            115219.60        96904.78       212124.38
2010-2014       56            108817.00        90247.18       199064.18
2010-2014       57            104144.53        84929.30       189073.83
2010-2014       58            101719.29        81425.73       183145.02
2010-2014       59            100212.06        78825.50       179037.56
2010-2014       60             99945.36        76674.22       176619.58
2010-2014       61             99985.45        74770.45       174755.90
2010-2014       62             98144.90        71673.04       169817.93
2010-2014       63             94586.51        67519.63       162106.14
2010-2014       64             91457.18        63622.14       155079.31
2010-2014       65             87577.12        59387.35       146964.46
2010-2014       66             84518.49        55859.76       140378.25
2010-2014       67             85336.74        54876.14       140212.88
2010-2014       68             87831.37        55141.52       142972.89
2010-2014       69             89248.75        54773.55       144022.30
2010-2014       70             90666.99        54317.99       144984.99
2010-2014       71             92061.38        53855.26       145916.64
2010-2014       72             91420.78        52189.45       143610.22
2010-2014       73             90147.07        50005.69       140152.76
2010-2014       74             88888.33        47694.30       136582.63
2010-2014       75             86597.32        44867.22       131464.54
2010-2014       76             83564.97        41792.24       125357.22
2010-2014       77             80563.29        38962.08       119525.37
2010-2014       78             77045.48        35921.87       112967.34
2010-2014       79             73052.94        33037.46       106090.40
2010-2014       80             69149.46        30333.91        99483.37
2010-2014       81             64986.76        27433.31        92420.07
2010-2014       82             59856.75        24262.23        84118.99
2010-2014       83             54410.05        20927.19        75337.24
2010-2014       84             49065.84        17447.51        66513.35
2010-2014       85             43525.06        14252.52        57777.58
2010-2014       86             37892.28        11608.49        49500.77
2010-2014       87             32232.28         9366.18        41598.46
2010-2014       88             26832.65         7606.36        34439.01
2010-2014       89             21446.57         6049.56        27496.13
2010-2014       90             16277.98         4623.10        20901.08
2010-2014       91             11914.02         3394.86        15308.88
2010-2014       92              8376.01         2380.87        10756.88
2010-2014       93              5779.59         1658.87         7438.46
2010-2014       94              4040.33         1157.88         5198.21
2010-2014       95              2762.44          799.57         3562.01
2010-2014       96              1818.35          538.89         2357.24
2010-2014       97              1186.19          361.00         1547.18
2010-2014       98               744.73          232.99          977.71
2010-2014       99               444.34          142.86          587.19
2010-2014      100               252.65           84.21          336.86
2010-2014      101               137.82           50.22          188.05
2010-2014      102                72.53           30.00          102.53
2010-2014      103                36.55           16.44           52.99
2010-2014      104                17.14            7.82           24.96
2010-2014      105                 7.08            2.85            9.93
2010-2014      106                 2.26            0.86            3.12
2010-2014      107                 0.47            0.36            0.83
2010-2014      108                 0.00            0.05            0.05
2010-2014      109                 0.00            0.00            0.00
2010-2014      110+                0.00            0.00            0.00
