New Zealand, Exposure to risk (period 1x10), 	Last modified: 26 Sep 2017;  Methods Protocol: v6 (2017)

  Year          Age             Female            Male           Total
1948-1949        0             46833.97        49003.13        95837.10
1948-1949        1             45767.55        47705.48        93473.03
1948-1949        2             43248.07        45040.91        88288.98
1948-1949        3             39291.38        40926.64        80218.02
1948-1949        4             35686.90        37244.43        72931.33
1948-1949        5             34005.84        35416.31        69422.14
1948-1949        6             34223.92        35314.41        69538.34
1948-1949        7             34540.43        35465.54        70005.96
1948-1949        8             33455.26        34337.96        67793.22
1948-1949        9             31355.69        32096.03        63451.72
1948-1949       10             29347.39        29945.08        59292.47
1948-1949       11             27844.32        28434.23        56278.55
1948-1949       12             26663.98        27451.15        54115.13
1948-1949       13             25780.90        26875.66        52656.56
1948-1949       14             25387.65        26607.83        51995.48
1948-1949       15             25499.53        26612.24        52111.77
1948-1949       16             26016.55        27029.11        53045.65
1948-1949       17             26679.09        27659.23        54338.32
1948-1949       18             27097.23        28012.30        55109.52
1948-1949       19             27145.05        28112.36        55257.42
1948-1949       20             27197.33        28222.80        55420.13
1948-1949       21             27459.56        28363.22        55822.78
1948-1949       22             27794.67        28583.84        56378.50
1948-1949       23             28014.85        28589.13        56603.98
1948-1949       24             28184.87        28251.61        56436.48
1948-1949       25             28462.21        27978.54        56440.74
1948-1949       26             28862.10        27923.27        56785.36
1948-1949       27             29070.23        27856.10        56926.33
1948-1949       28             28519.21        27284.46        55803.67
1948-1949       29             27391.78        26386.75        53778.52
1948-1949       30             26862.56        26037.75        52900.31
1948-1949       31             27271.71        26526.90        53798.61
1948-1949       32             27819.72        27189.74        55009.46
1948-1949       33             27912.83        27592.71        55505.54
1948-1949       34             27683.23        27693.01        55376.24
1948-1949       35             27298.31        27513.21        54811.53
1948-1949       36             26828.37        27220.68        54049.05
1948-1949       37             26360.62        27035.38        53396.00
1948-1949       38             26023.02        26895.53        52918.55
1948-1949       39             25620.84        26545.90        52166.74
1948-1949       40             25025.96        26015.83        51041.79
1948-1949       41             24455.74        25510.71        49966.45
1948-1949       42             23950.86        25020.82        48971.68
1948-1949       43             23203.91        24321.24        47525.15
1948-1949       44             22203.99        23393.89        45597.88
1948-1949       45             21341.05        22525.96        43867.00
1948-1949       46             20935.23        22017.82        42953.06
1948-1949       47             21044.68        21917.31        42961.99
1948-1949       48             20973.14        21615.72        42588.87
1948-1949       49             20209.09        20516.85        40725.95
1948-1949       50             19335.86        19161.41        38497.27
1948-1949       51             19047.39        18260.61        37308.00
1948-1949       52             19062.61        17683.07        36745.69
1948-1949       53             18698.46        16990.88        35689.34
1948-1949       54             17951.10        16305.50        34256.60
1948-1949       55             17435.30        16009.77        33445.07
1948-1949       56             17227.65        16052.05        33279.71
1948-1949       57             17032.74        16142.09        33174.82
1948-1949       58             16815.23        16164.63        32979.86
1948-1949       59             16617.64        16122.19        32739.83
1948-1949       60             16474.76        16049.44        32524.19
1948-1949       61             16399.72        16044.31        32444.03
1948-1949       62             16294.84        16034.47        32329.31
1948-1949       63             15880.39        15682.46        31562.85
1948-1949       64             15183.09        15022.57        30205.65
1948-1949       65             14584.50        14439.19        29023.69
1948-1949       66             14369.06        14131.48        28500.54
1948-1949       67             14354.00        13936.56        28290.56
1948-1949       68             14029.63        13409.63        27439.25
1948-1949       69             13155.34        12422.70        25578.04
1948-1949       70             12017.37        11297.17        23314.54
1948-1949       71             11019.75        10367.02        21386.77
1948-1949       72             10104.64         9506.97        19611.61
1948-1949       73              8990.00         8427.19        17417.19
1948-1949       74              7814.91         7287.05        15101.96
1948-1949       75              7658.59         7093.68        14752.27
1948-1949       76              6521.37         5781.37        12302.74
1948-1949       77              5263.48         4966.48        10229.96
1948-1949       78              5063.81         4336.47         9400.28
1948-1949       79              4233.75         3791.52         8025.28
1948-1949       80              4207.28         3536.70         7743.98
1948-1949       81              3627.44         2988.53         6615.97
1948-1949       82              3143.28         2538.19         5681.47
1948-1949       83              2659.18         2071.17         4730.35
1948-1949       84              2165.78         1639.97         3805.74
1948-1949       85              1727.34         1313.18         3040.51
1948-1949       86              1375.54         1029.76         2405.30
1948-1949       87              1105.97          782.45         1888.42
1948-1949       88               909.35          605.97         1515.32
1948-1949       89               714.45          460.72         1175.17
1948-1949       90               517.16          337.63          854.78
1948-1949       91               381.74          257.53          639.27
1948-1949       92               291.82          201.76          493.58
1948-1949       93               214.28          140.41          354.69
1948-1949       94               155.33           95.27          250.60
1948-1949       95               108.00           67.10          175.09
1948-1949       96                72.35           41.65          114.00
1948-1949       97                53.55           26.90           80.44
1948-1949       98                40.15           19.99           60.15
1948-1949       99                27.73           13.63           41.35
1948-1949      100                19.49            9.65           29.13
1948-1949      101                15.98            7.43           23.40
1948-1949      102                12.90            4.83           17.73
1948-1949      103                 9.12            2.35           11.47
1948-1949      104                 6.11            0.62            6.73
1948-1949      105                 4.21            0.28            4.48
1948-1949      106                 4.10            0.78            4.87
1948-1949      107                 3.26            1.00            4.26
1948-1949      108                 1.71            1.00            2.71
1948-1949      109                 1.00            0.73            1.73
1948-1949      110+                2.97            2.23            5.20
1950-1959        0            260023.96       273340.22       533364.18
1950-1959        1            251787.32       263906.52       515693.84
1950-1959        2            246302.36       257435.91       503738.27
1950-1959        3            241989.95       252432.74       494422.68
1950-1959        4            236255.77       246051.33       482307.09
1950-1959        5            229479.18       238649.92       468129.10
1950-1959        6            222067.25       231547.91       453615.17
1950-1959        7            215466.01       224732.05       440198.06
1950-1959        8            209772.29       218800.98       428573.28
1950-1959        9            202832.61       211473.78       414306.39
1950-1959       10            195826.17       204197.53       400023.69
1950-1959       11            188050.13       195826.44       383876.57
1950-1959       12            179075.68       186494.44       365570.12
1950-1959       13            170342.18       177220.72       347562.90
1950-1959       14            162687.57       169340.73       332028.30
1950-1959       15            156575.56       162893.25       319468.81
1950-1959       16            151754.10       157611.97       309366.07
1950-1959       17            147668.56       153028.79       300697.35
1950-1959       18            143595.98       149171.19       292767.17
1950-1959       19            140432.46       145765.27       286197.73
1950-1959       20            137786.17       142952.90       280739.06
1950-1959       21            136327.36       141918.35       278245.70
1950-1959       22            136341.29       142647.33       278988.61
1950-1959       23            137755.54       144419.13       282174.67
1950-1959       24            139670.19       147266.30       286936.49
1950-1959       25            141657.55       150179.88       291837.43
1950-1959       26            143535.14       151990.33       295525.47
1950-1959       27            145257.70       153965.75       299223.45
1950-1959       28            147127.73       155421.56       302549.30
1950-1959       29            148295.95       155769.59       304065.54
1950-1959       30            148447.38       154998.39       303445.77
1950-1959       31            146873.08       152573.62       299446.70
1950-1959       32            146820.01       151021.10       297841.11
1950-1959       33            146894.74       149303.04       296197.78
1950-1959       34            146134.75       147177.52       293312.26
1950-1959       35            145267.48       145191.32       290458.80
1950-1959       36            144027.81       143388.80       287416.61
1950-1959       37            143023.16       141741.19       284764.36
1950-1959       38            142025.89       140760.95       282786.83
1950-1959       39            140900.72       140222.97       281123.69
1950-1959       40            139735.76       139719.57       279455.33
1950-1959       41            138320.88       139129.44       277450.32
1950-1959       42            136386.22       138314.76       274700.99
1950-1959       43            134139.02       136977.63       271116.65
1950-1959       44            131374.57       135238.35       266612.92
1950-1959       45            128307.90       132871.08       261178.98
1950-1959       46            124480.59       129576.57       254057.16
1950-1959       47            121268.18       126654.37       247922.55
1950-1959       48            118275.20       123679.12       241954.32
1950-1959       49            115874.72       121003.69       236878.41
1950-1959       50            113032.30       117999.35       231031.66
1950-1959       51            108807.56       113185.00       221992.56
1950-1959       52            105577.30       108985.03       214562.33
1950-1959       53            102954.08       104907.29       207861.37
1950-1959       54            100101.27       100504.71       200605.98
1950-1959       55             97383.63        96102.24       193485.87
1950-1959       56             94096.25        91654.38       185750.63
1950-1959       57             92150.94        88486.31       180637.24
1950-1959       58             90001.01        85133.29       175134.30
1950-1959       59             87938.34        82220.18       170158.51
1950-1959       60             85946.69        79411.38       165358.07
1950-1959       61             84251.39        76933.24       161184.63
1950-1959       62             82853.48        75064.80       157918.28
1950-1959       63             81328.16        73379.07       154707.23
1950-1959       64             79580.56        71726.27       151306.83
1950-1959       65             78091.20        69887.04       147978.23
1950-1959       66             75833.95        67957.29       143791.24
1950-1959       67             74251.08        66504.46       140755.54
1950-1959       68             72775.72        64944.32       137720.04
1950-1959       69             70655.38        62796.75       133452.13
1950-1959       70             67873.97        60077.68       127951.64
1950-1959       71             64051.94        56603.70       120655.64
1950-1959       72             60253.83        53240.63       113494.46
1950-1959       73             56386.32        49620.67       106006.99
1950-1959       74             52168.86        45718.38        97887.24
1950-1959       75             47936.00        41793.51        89729.51
1950-1959       76             43746.03        37663.58        81409.61
1950-1959       77             38932.49        33524.83        72457.32
1950-1959       78             35318.69        29776.84        65095.52
1950-1959       79             30804.34        25916.99        56721.33
1950-1959       80             28603.80        23300.31        51904.10
1950-1959       81             24900.60        19997.82        44898.42
1950-1959       82             21477.03        16977.66        38454.68
1950-1959       83             18191.99        14137.97        32329.95
1950-1959       84             15147.88        11530.51        26678.39
1950-1959       85             12428.80         9190.65        21619.45
1950-1959       86             10095.77         7227.42        17323.18
1950-1959       87              8058.16         5583.81        13641.97
1950-1959       88              6339.94         4254.27        10594.22
1950-1959       89              4883.49         3181.15         8064.64
1950-1959       90              3663.57         2343.63         6007.20
1950-1959       91              2725.75         1741.17         4466.92
1950-1959       92              1999.19         1260.30         3259.48
1950-1959       93              1433.46          871.60         2305.06
1950-1959       94              1014.23          598.97         1613.20
1950-1959       95               702.14          410.48         1112.62
1950-1959       96               472.81          273.38          746.18
1950-1959       97               313.63          171.10          484.74
1950-1959       98               202.96          107.68          310.64
1950-1959       99               124.18           69.71          193.89
1950-1959      100                73.85           40.79          114.63
1950-1959      101                45.38           25.97           71.35
1950-1959      102                34.69           19.87           54.57
1950-1959      103                30.44           16.40           46.84
1950-1959      104                24.58           14.19           38.77
1950-1959      105                18.65           10.56           29.21
1950-1959      106                13.90            5.85           19.75
1950-1959      107                12.56            2.66           15.22
1950-1959      108                10.91            1.78           12.69
1950-1959      109                 7.71            1.74            9.45
1950-1959      110+               22.33            4.23           26.55
1960-1969        0            300566.28       315029.19       615595.48
1960-1969        1            295848.34       308915.74       604764.07
1960-1969        2            294161.94       306679.69       600841.63
1960-1969        3            293349.35       305331.74       598681.09
1960-1969        4            292054.33       304295.35       596349.68
1960-1969        5            290615.45       302531.65       593147.10
1960-1969        6            287385.30       299401.61       586786.91
1960-1969        7            282622.01       294557.98       577179.99
1960-1969        8            276695.11       288530.91       565226.02
1960-1969        9            270249.87       282442.59       552692.46
1960-1969       10            264338.46       276873.94       541212.40
1960-1969       11            259362.32       271743.00       531105.32
1960-1969       12            254851.80       266912.41       521764.21
1960-1969       13            250280.24       262136.03       512416.27
1960-1969       14            244404.68       255778.04       500182.72
1960-1969       15            237090.95       247878.82       484969.77
1960-1969       16            228693.85       239174.17       467868.02
1960-1969       17            219718.21       230266.28       449984.49
1960-1969       18            211539.21       221707.43       433246.64
1960-1969       19            204641.54       214062.02       418703.56
1960-1969       20            197495.36       206052.97       403548.34
1960-1969       21            188988.71       196281.00       385269.71
1960-1969       22            180261.25       186738.21       366999.46
1960-1969       23            173132.75       179031.64       352164.39
1960-1969       24            167645.80       173121.46       340767.26
1960-1969       25            163974.13       168899.77       332873.91
1960-1969       26            160662.90       165538.79       326201.69
1960-1969       27            157557.71       163060.90       320618.62
1960-1969       28            154805.66       160316.14       315121.80
1960-1969       29            152202.33       157492.80       309695.13
1960-1969       30            150358.16       157222.73       307580.89
1960-1969       31            149436.72       157331.12       306767.84
1960-1969       32            149718.57       157775.52       307494.09
1960-1969       33            149943.17       158662.72       308605.89
1960-1969       34            150577.56       159855.12       310432.68
1960-1969       35            151921.72       161584.29       313506.01
1960-1969       36            153569.39       163222.25       316791.64
1960-1969       37            154832.39       164190.62       319023.01
1960-1969       38            155708.58       164242.36       319950.94
1960-1969       39            155604.56       163596.26       319200.82
1960-1969       40            155504.67       162770.87       318275.54
1960-1969       41            155114.72       160728.82       315843.54
1960-1969       42            155095.49       157747.32       312842.81
1960-1969       43            152818.44       153862.47       306680.90
1960-1969       44            150273.30       150296.86       300570.16
1960-1969       45            148645.89       148045.56       296691.44
1960-1969       46            147013.66       145715.32       292728.98
1960-1969       47            144974.22       143855.35       288829.57
1960-1969       48            143017.58       142165.64       285183.22
1960-1969       49            140932.56       140367.97       281300.52
1960-1969       50            139131.41       138299.43       277430.84
1960-1969       51            136763.66       136533.90       273297.56
1960-1969       52            134742.28       134499.87       269242.16
1960-1969       53            131348.39       132150.83       263499.22
1960-1969       54            127801.61       129076.26       256877.87
1960-1969       55            123844.02       125634.36       249478.38
1960-1969       56            120339.60       121910.24       242249.84
1960-1969       57            116251.86       117640.54       233892.40
1960-1969       58            112539.31       113568.29       226107.61
1960-1969       59            108891.80       109043.39       217935.20
1960-1969       60            105567.62       104787.19       210354.81
1960-1969       61            101824.93       100387.42       202212.35
1960-1969       62             99057.58        95235.57       194293.15
1960-1969       63             94977.65        89308.06       184285.71
1960-1969       64             91187.20        83902.56       175089.76
1960-1969       65             88084.64        79455.31       167539.94
1960-1969       66             85874.32        75012.52       160886.85
1960-1969       67             83761.55        70444.70       154206.26
1960-1969       68             81126.61        65999.40       147126.02
1960-1969       69             77811.60        61483.83       139295.43
1960-1969       70             74389.02        57361.09       131750.12
1960-1969       71             71031.16        53790.57       124821.72
1960-1969       72             68053.35        50397.41       118450.76
1960-1969       73             64388.20        47349.50       111737.70
1960-1969       74             61130.50        44501.64       105632.14
1960-1969       75             57102.19        41813.31        98915.50
1960-1969       76             54216.75        39238.30        93455.05
1960-1969       77             50569.70        36293.84        86863.53
1960-1969       78             46788.86        33303.70        80092.56
1960-1969       79             42461.59        30116.44        72578.03
1960-1969       80             40180.23        28085.81        68266.04
1960-1969       81             36180.55        24919.07        61099.61
1960-1969       82             32222.79        21868.44        54091.22
1960-1969       83             28185.38        18842.86        47028.24
1960-1969       84             24188.18        15880.91        40069.08
1960-1969       85             20315.23        13104.86        33420.09
1960-1969       86             16723.65        10578.46        27302.11
1960-1969       87             13530.99         8316.05        21847.04
1960-1969       88             10810.95         6426.87        17237.82
1960-1969       89              8431.68         4878.87        13310.56
1960-1969       90              6420.18         3622.49        10042.67
1960-1969       91              4862.02         2688.31         7550.33
1960-1969       92              3611.73         1953.72         5565.44
1960-1969       93              2580.78         1371.94         3952.73
1960-1969       94              1814.59          940.99         2755.58
1960-1969       95              1261.18          613.89         1875.08
1960-1969       96               852.23          395.60         1247.84
1960-1969       97               555.80          260.84          816.64
1960-1969       98               353.59          161.81          515.39
1960-1969       99               216.94           89.14          306.08
1960-1969      100               125.96           53.19          179.16
1960-1969      101                74.22           33.99          108.22
1960-1969      102                48.11           20.88           69.00
1960-1969      103                31.77           13.64           45.41
1960-1969      104                19.51            9.07           28.58
1960-1969      105                13.64            6.24           19.88
1960-1969      106                10.45            4.95           15.40
1960-1969      107                 7.38            4.02           11.40
1960-1969      108                 4.43            3.47            7.90
1960-1969      109                 3.77            3.00            6.77
1960-1969      110+               28.88            8.37           37.25
1970-1979        0            281234.91       294148.99       575383.90
1970-1979        1            282706.20       294381.31       577087.51
1970-1979        2            286569.58       298204.50       584774.08
1970-1979        3            290000.30       300973.11       590973.40
1970-1979        4            292769.15       304188.21       596957.37
1970-1979        5            296334.03       308230.95       604564.99
1970-1979        6            299651.28       312323.52       611974.80
1970-1979        7            302146.58       314899.05       617045.63
1970-1979        8            303464.88       316497.57       619962.45
1970-1979        9            304385.41       317335.80       621721.21
1970-1979       10            305125.57       317998.46       623124.03
1970-1979       11            304801.34       317946.45       622747.79
1970-1979       12            304214.32       317534.53       621748.85
1970-1979       13            303759.87       317310.39       621070.26
1970-1979       14            302228.32       315704.36       617932.69
1970-1979       15            299505.68       312138.56       611644.24
1970-1979       16            294038.64       306316.14       600354.78
1970-1979       17            285362.74       298107.87       583470.61
1970-1979       18            275237.29       288625.96       563863.25
1970-1979       19            265518.09       278907.41       544425.50
1970-1979       20            257400.04       269814.68       527214.72
1970-1979       21            249216.39       260145.64       509362.03
1970-1979       22            242455.10       251976.27       494431.37
1970-1979       23            238925.41       245828.63       484754.04
1970-1979       24            235339.91       239907.47       475247.38
1970-1979       25            231218.68       234356.43       465575.11
1970-1979       26            227181.09       228605.90       455786.99
1970-1979       27            223101.40       224117.35       447218.75
1970-1979       28            218511.03       220443.94       438954.97
1970-1979       29            214519.51       216320.17       430839.68
1970-1979       30            209676.55       211269.01       420945.56
1970-1979       31            201972.42       204647.76       406620.18
1970-1979       32            193062.81       196893.52       389956.33
1970-1979       33            184351.47       188907.68       373259.16
1970-1979       34            176979.20       181783.07       358762.27
1970-1979       35            171762.02       176763.05       348525.06
1970-1979       36            168475.98       172827.05       341303.03
1970-1979       37            165425.95       169386.49       334812.43
1970-1979       38            162313.90       166321.07       328634.97
1970-1979       39            159665.47       163594.86       323260.33
1970-1979       40            157751.71       161872.30       319624.02
1970-1979       41            155675.64       160361.38       316037.01
1970-1979       42            154082.36       160575.61       314657.97
1970-1979       43            153686.52       161249.92       314936.44
1970-1979       44            152675.46       161424.98       314100.44
1970-1979       45            152412.54       161159.67       313572.21
1970-1979       46            153402.97       161445.76       314848.72
1970-1979       47            154385.93       161801.07       316187.00
1970-1979       48            154324.05       161168.82       315492.87
1970-1979       49            154895.34       160760.52       315655.86
1970-1979       50            155284.18       159384.91       314669.09
1970-1979       51            153442.19       155473.45       308915.64
1970-1979       52            150720.37       151381.38       302101.74
1970-1979       53            148439.85       146843.68       295283.53
1970-1979       54            145990.20       142285.69       288275.89
1970-1979       55            143259.74       138115.18       281374.92
1970-1979       56            140644.82       135002.46       275647.28
1970-1979       57            138493.06       132113.02       270606.08
1970-1979       58            135684.64       128601.21       264285.85
1970-1979       59            132907.31       125360.99       258268.31
1970-1979       60            131027.34       123126.83       254154.17
1970-1979       61            128454.49       120061.35       248515.85
1970-1979       62            125230.31       117369.31       242599.62
1970-1979       63            121858.84       113565.62       235424.46
1970-1979       64            118226.81       108519.39       226746.21
1970-1979       65            114652.69       104194.69       218847.38
1970-1979       66            111065.77        99659.74       210725.50
1970-1979       67            106738.17        94792.45       201530.62
1970-1979       68            102067.79        89382.75       191450.55
1970-1979       69             97724.90        83112.65       180837.55
1970-1979       70             93078.23        77145.31       170223.53
1970-1979       71             87983.45        71305.25       159288.70
1970-1979       72             82513.13        64960.21       147473.34
1970-1979       73             77210.17        58932.93       136143.10
1970-1979       74             71972.15        52877.72       124849.87
1970-1979       75             67241.29        47394.13       114635.41
1970-1979       76             62713.83        42333.77       105047.60
1970-1979       77             58213.69        37701.29        95914.98
1970-1979       78             53550.65        33138.60        86689.25
1970-1979       79             48785.53        28935.55        77721.08
1970-1979       80             45359.53        25604.40        70963.93
1970-1979       81             41463.96        22686.57        64150.52
1970-1979       82             37582.13        19924.05        57506.18
1970-1979       83             33568.71        17280.78        50849.48
1970-1979       84             29534.30        14861.20        44395.50
1970-1979       85             25729.40        12648.85        38378.26
1970-1979       86             22033.79        10631.60        32665.39
1970-1979       87             18504.86         8744.59        27249.45
1970-1979       88             15411.12         7078.00        22489.12
1970-1979       89             12566.24         5629.09        18195.32
1970-1979       90              9988.12         4350.15        14338.27
1970-1979       91              7772.62         3301.44        11074.06
1970-1979       92              5884.85         2452.38         8337.23
1970-1979       93              4342.65         1767.54         6110.19
1970-1979       94              3147.10         1256.42         4403.52
1970-1979       95              2216.85          858.90         3075.75
1970-1979       96              1514.92          553.78         2068.70
1970-1979       97              1007.46          350.84         1358.30
1970-1979       98               628.85          215.99          844.84
1970-1979       99               380.71          123.52          504.23
1970-1979      100               226.15           66.76          292.90
1970-1979      101               130.44           35.10          165.54
1970-1979      102                75.11           19.23           94.35
1970-1979      103                44.45            8.49           52.94
1970-1979      104                28.67            2.98           31.66
1970-1979      105                20.62            1.47           22.09
1970-1979      106                13.08            0.47           13.55
1970-1979      107                 5.91            0.00            5.91
1970-1979      108                 2.99            0.00            2.99
1970-1979      109                 2.77            0.00            2.77
1970-1979      110+               21.47            5.03           26.51
1980-1989        0            254313.93       266598.57       520912.49
1980-1989        1            250153.38       261600.62       511754.00
1980-1989        2            248206.48       259143.86       507350.34
1980-1989        3            246682.76       257893.79       504576.55
1980-1989        4            246042.75       257419.92       503462.67
1980-1989        5            247973.07       259601.59       507574.66
1980-1989        6            252445.19       264632.36       517077.55
1980-1989        7            258665.88       269694.71       528360.58
1980-1989        8            265670.99       275033.85       540704.83
1980-1989        9            271370.76       280937.27       552308.03
1980-1989       10            276736.98       287153.71       563890.70
1980-1989       11            281622.07       293063.39       574685.46
1980-1989       12            286480.36       298551.41       585031.76
1980-1989       13            290160.03       303051.05       593211.08
1980-1989       14            293178.38       306767.44       599945.82
1980-1989       15            295795.65       309436.90       605232.55
1980-1989       16            298593.53       310456.54       609050.08
1980-1989       17            299844.76       310192.90       610037.66
1980-1989       18            298688.40       309171.87       607860.27
1980-1989       19            294142.53       306184.21       600326.74
1980-1989       20            287889.92       301091.03       588980.95
1980-1989       21            281091.18       292229.05       573320.23
1980-1989       22            274188.60       283231.44       557420.05
1980-1989       23            269809.86       275636.65       545446.51
1980-1989       24            268376.85       270997.44       539374.29
1980-1989       25            268146.93       267805.57       535952.50
1980-1989       26            266242.55       262555.73       528798.28
1980-1989       27            264048.61       258540.10       522588.71
1980-1989       28            261694.95       256768.03       518462.97
1980-1989       29            259761.58       253857.20       513618.78
1980-1989       30            258458.36       250542.71       509001.06
1980-1989       31            255083.07       247727.05       502810.13
1980-1989       32            250874.81       246062.13       496936.94
1980-1989       33            246157.05       243421.23       489578.29
1980-1989       34            241441.88       238571.73       480013.61
1980-1989       35            235625.28       233634.96       469260.23
1980-1989       36            229252.40       229269.94       458522.35
1980-1989       37            223282.50       224640.16       447922.65
1980-1989       38            217956.66       220021.34       437978.00
1980-1989       39            212764.47       214384.33       427148.81
1980-1989       40            206961.47       205975.41       412936.87
1980-1989       41            199340.36       196740.04       396080.40
1980-1989       42            190073.88       190208.24       380282.13
1980-1989       43            182465.26       182739.45       365204.71
1980-1989       44            175158.18       176715.99       351874.17
1980-1989       45            168385.94       172439.70       340825.63
1980-1989       46            163562.81       169302.23       332865.03
1980-1989       47            159776.77       165317.56       325094.32
1980-1989       48            154982.63       160399.02       315381.65
1980-1989       49            150755.63       155975.42       306731.05
1980-1989       50            148625.88       153541.69       302167.57
1980-1989       51            147152.66       151447.54       298600.21
1980-1989       52            146522.33       151383.19       297905.52
1980-1989       53            146536.08       151115.65       297651.73
1980-1989       54            146334.74       150107.19       296441.93
1980-1989       55            146098.38       148271.04       294369.41
1980-1989       56            145602.65       147724.48       293327.13
1980-1989       57            144890.54       147906.78       292797.32
1980-1989       58            145166.22       146672.59       291838.81
1980-1989       59            145254.12       143702.75       288956.87
1980-1989       60            143818.58       139765.96       283584.54
1980-1989       61            141119.43       135370.20       276489.63
1980-1989       62            138181.72       131474.23       269655.96
1980-1989       63            136171.21       126195.90       262367.10
1980-1989       64            133373.41       120900.70       254274.11
1980-1989       65            130573.40       115395.98       245969.39
1980-1989       66            128069.48       110237.80       238307.29
1980-1989       67            124596.68       105658.76       230255.45
1980-1989       68            119701.34       101296.21       220997.54
1980-1989       69            115370.00        96789.35       212159.35
1980-1989       70            111988.26        91918.83       203907.09
1980-1989       71            108083.87        86873.25       194957.11
1980-1989       72            104222.45        81678.00       185900.46
1980-1989       73             99942.39        76535.36       176477.74
1980-1989       74             94676.22        71290.72       165966.94
1980-1989       75             88440.00        65196.45       153636.45
1980-1989       76             82858.87        59086.04       141944.90
1980-1989       77             77444.63        52882.89       130327.53
1980-1989       78             71383.60        46892.19       118275.80
1980-1989       79             65618.94        41100.70       106719.64
1980-1989       80             59390.52        35985.89        95376.42
1980-1989       81             53426.23        30948.28        84374.51
1980-1989       82             47859.06        26284.91        74143.97
1980-1989       83             42537.01        22048.44        64585.46
1980-1989       84             37361.49        18300.92        55662.41
1980-1989       85             32480.42        14976.69        47457.11
1980-1989       86             28001.65        12088.31        40089.96
1980-1989       87             23930.81         9609.25        33540.06
1980-1989       88             20109.58         7461.44        27571.02
1980-1989       89             16622.15         5771.61        22393.76
1980-1989       90             13578.37         4460.12        18038.49
1980-1989       91             10949.07         3415.18        14364.25
1980-1989       92              8685.92         2584.81        11270.73
1980-1989       93              6700.74         1902.21         8602.95
1980-1989       94              5031.94         1373.62         6405.56
1980-1989       95              3649.08          969.62         4618.69
1980-1989       96              2605.30          672.62         3277.92
1980-1989       97              1829.93          472.46         2302.38
1980-1989       98              1238.59          305.25         1543.84
1980-1989       99               824.47          189.19         1013.66
1980-1989      100               524.01          105.52          629.54
1980-1989      101               314.81           54.31          369.12
1980-1989      102               186.76           34.38          221.14
1980-1989      103                97.52           18.42          115.94
1980-1989      104                56.34            6.63           62.97
1980-1989      105                38.90            1.81           40.71
1980-1989      106                22.29            0.98           23.27
1980-1989      107                 9.16            0.98           10.14
1980-1989      108                 5.00            0.49            5.49
1980-1989      109                 2.17            0.00            2.17
1980-1989      110+                2.83            0.00            2.83
1990-1999        0            281667.97       298288.61       579956.58
1990-1999        1            282674.22       298835.36       581509.58
1990-1999        2            283126.96       299151.35       582278.31
1990-1999        3            283100.52       299070.09       582170.61
1990-1999        4            281772.15       297675.89       579448.04
1990-1999        5            280119.22       295197.06       575316.28
1990-1999        6            277686.80       292227.10       569913.91
1990-1999        7            274719.31       289090.13       563809.44
1990-1999        8            270809.61       284635.03       555444.64
1990-1999        9            267022.51       280631.91       547654.42
1990-1999       10            263784.52       277583.92       541368.44
1990-1999       11            261150.22       274524.37       535674.60
1990-1999       12            259520.56       272391.26       531911.82
1990-1999       13            258872.38       271848.17       530720.54
1990-1999       14            259866.31       272319.48       532185.80
1990-1999       15            262310.94       273806.36       536117.30
1990-1999       16            267264.34       276277.07       543541.41
1990-1999       17            272491.16       279178.42       551669.58
1990-1999       18            276551.89       282182.55       558734.45
1990-1999       19            280341.42       284221.31       564562.72
1990-1999       20            283271.79       285574.83       568846.62
1990-1999       21            282548.85       283660.53       566209.38
1990-1999       22            279807.69       279938.78       559746.47
1990-1999       23            277461.61       275805.20       553266.81
1990-1999       24            277435.95       272270.54       549706.49
1990-1999       25            278526.95       270441.33       548968.28
1990-1999       26            281092.90       271089.89       552182.78
1990-1999       27            285961.46       273024.96       558986.43
1990-1999       28            291222.58       275995.80       567218.38
1990-1999       29            295697.59       280296.33       575993.92
1990-1999       30            299282.26       284025.26       583307.52
1990-1999       31            300840.87       286430.51       587271.38
1990-1999       32            301050.29       288125.94       589176.23
1990-1999       33            300545.59       288291.45       588837.04
1990-1999       34            299358.89       287410.56       586769.46
1990-1999       35            296553.91       285324.90       581878.80
1990-1999       36            292237.46       282056.45       574293.91
1990-1999       37            286988.99       277442.68       564431.67
1990-1999       38            280114.48       271751.24       551865.72
1990-1999       39            273964.73       266633.65       540598.37
1990-1999       40            268381.50       262640.04       531021.54
1990-1999       41            264005.98       258629.63       522635.61
1990-1999       42            259559.74       254751.82       514311.56
1990-1999       43            255047.42       251243.90       506291.32
1990-1999       44            250272.13       247518.37       497790.50
1990-1999       45            242632.75       240845.47       483478.22
1990-1999       46            235558.97       234484.08       470043.05
1990-1999       47            228191.91       228629.90       456821.81
1990-1999       48            220464.71       221633.80       442098.51
1990-1999       49            214211.94       215296.58       429508.51
1990-1999       50            207095.63       207858.67       414954.30
1990-1999       51            198586.20       199288.34       397874.54
1990-1999       52            189443.94       189705.67       379149.61
1990-1999       53            180658.91       180556.05       361214.96
1990-1999       54            173515.67       173025.50       346541.17
1990-1999       55            167681.00       166851.23       334532.23
1990-1999       56            162625.23       161662.45       324287.68
1990-1999       57            158094.10       157082.07       315176.17
1990-1999       58            153795.80       152627.95       306423.74
1990-1999       59            149518.41       148425.66       297944.07
1990-1999       60            146096.21       145388.83       291485.04
1990-1999       61            144022.17       142794.23       286816.40
1990-1999       62            142325.52       140994.96       283320.48
1990-1999       63            141130.04       139661.32       280791.36
1990-1999       64            140276.55       138092.81       278369.37
1990-1999       65            139206.24       135837.05       275043.29
1990-1999       66            138066.59       132993.97       271060.56
1990-1999       67            136825.40       129377.36       266202.76
1990-1999       68            135467.93       124980.06       260447.99
1990-1999       69            133122.25       119625.32       252747.56
1990-1999       70            129525.26       113822.28       243347.54
1990-1999       71            126525.23       107561.96       234087.19
1990-1999       72            121798.88       100084.54       221883.43
1990-1999       73            117333.20        93368.69       210701.90
1990-1999       74            112838.61        86919.05       199757.66
1990-1999       75            107972.99        80355.04       188328.03
1990-1999       76            103303.13        73901.95       177205.08
1990-1999       77             98076.29        68003.96       166080.25
1990-1999       78             92110.34        61632.67       153743.01
1990-1999       79             85887.72        55485.19       141372.91
1990-1999       80             78026.01        47993.51       126019.52
1990-1999       81             72821.99        42958.57       115780.56
1990-1999       82             66896.22        37958.06       104854.28
1990-1999       83             60477.76        32936.06        93413.82
1990-1999       84             54115.86        28076.89        82192.75
1990-1999       85             47754.78        23467.24        71222.02
1990-1999       86             41489.71        19302.75        60792.45
1990-1999       87             35479.95        15579.77        51059.72
1990-1999       88             29955.65        12437.39        42393.05
1990-1999       89             25079.49         9838.13        34917.62
1990-1999       90             20338.93         7612.85        27951.78
1990-1999       91             16094.81         5764.00        21858.81
1990-1999       92             12678.00         4204.53        16882.53
1990-1999       93              9807.32         2961.39        12768.71
1990-1999       94              7450.18         2065.72         9515.90
1990-1999       95              5492.47         1410.82         6903.29
1990-1999       96              3898.72          923.99         4822.71
1990-1999       97              2726.35          594.00         3320.34
1990-1999       98              1886.66          371.36         2258.03
1990-1999       99              1288.62          235.22         1523.84
1990-1999      100               875.29          133.33         1008.62
1990-1999      101               547.37           76.38          623.75
1990-1999      102               327.89           45.10          372.99
1990-1999      103               213.57           23.46          237.03
1990-1999      104               127.18           13.46          140.64
1990-1999      105                64.11            9.48           73.59
1990-1999      106                39.44            6.17           45.61
1990-1999      107                22.64            3.67           26.30
1990-1999      108                12.66            1.49           14.15
1990-1999      109                 4.83            0.99            5.82
1990-1999      110+                0.17            0.83            1.00
2000-2009        0            287282.60       301638.10       588920.69
2000-2009        1            282439.46       296607.50       579046.96
2000-2009        2            280408.77       294233.46       574642.24
2000-2009        3            278990.08       292874.80       571864.88
2000-2009        4            279140.80       293359.59       572500.39
2000-2009        5            280830.86       295410.48       576241.34
2000-2009        6            282782.96       297586.88       580369.83
2000-2009        7            285610.74       301092.63       586703.38
2000-2009        8            289148.53       305498.09       594646.62
2000-2009        9            292991.38       309592.19       602583.57
2000-2009       10            296125.68       312474.94       608600.62
2000-2009       11            298930.30       314855.40       613785.70
2000-2009       12            300116.14       315650.10       615766.24
2000-2009       13            300115.59       315086.59       615202.18
2000-2009       14            299259.53       313356.27       612615.79
2000-2009       15            298200.70       310839.11       609039.82
2000-2009       16            297593.31       308223.19       605816.50
2000-2009       17            296739.36       305418.31       602157.67
2000-2009       18            293515.88       301684.66       595200.55
2000-2009       19            291458.91       299265.67       590724.58
2000-2009       20            289196.63       295266.88       584463.50
2000-2009       21            284674.58       288540.43       573215.01
2000-2009       22            277889.05       279916.51       557805.56
2000-2009       23            271450.84       271737.45       543188.29
2000-2009       24            266027.15       264015.74       530042.89
2000-2009       25            262527.83       257369.96       519897.79
2000-2009       26            262283.97       252707.95       514991.92
2000-2009       27            264868.08       250683.05       515551.13
2000-2009       28            270613.49       252484.54       523098.04
2000-2009       29            278190.97       256953.47       535144.44
2000-2009       30            286800.23       263259.63       550059.87
2000-2009       31            294488.43       269725.43       564213.85
2000-2009       32            300684.27       274833.50       575517.77
2000-2009       33            306534.01       279789.79       586323.79
2000-2009       34            311831.35       284938.16       596769.51
2000-2009       35            316458.43       289740.51       606198.94
2000-2009       36            320386.76       294338.09       614724.85
2000-2009       37            323394.49       298115.33       621509.82
2000-2009       38            325095.39       300824.02       625919.41
2000-2009       39            325729.28       302640.48       628369.77
2000-2009       40            325873.60       303985.72       629859.32
2000-2009       41            324897.99       304364.98       629262.97
2000-2009       42            322948.82       303971.04       626919.86
2000-2009       43            320320.16       302817.45       623137.61
2000-2009       44            316955.72       300648.02       617603.74
2000-2009       45            312278.06       297225.82       609503.88
2000-2009       46            305844.37       292098.67       597943.04
2000-2009       47            297901.68       285557.13       583458.80
2000-2009       48            289344.33       278864.78       568209.11
2000-2009       49            281118.83       272209.21       553328.04
2000-2009       50            273711.39       266073.97       539785.36
2000-2009       51            267030.04       260456.09       527486.13
2000-2009       52            261313.43       255475.04       516788.46
2000-2009       53            255671.80       250264.04       505935.84
2000-2009       54            248621.56       243644.62       492266.18
2000-2009       55            240857.39       236013.97       476871.36
2000-2009       56            232835.58       228350.37       461185.94
2000-2009       57            224961.66       220474.43       445436.09
2000-2009       58            217901.55       213429.77       431331.32
2000-2009       59            211229.52       206600.99       417830.51
2000-2009       60            203729.00       198967.38       402696.38
2000-2009       61            195258.36       190058.12       385316.49
2000-2009       62            185874.23       180197.43       366071.66
2000-2009       63            176681.66       170629.61       347311.27
2000-2009       64            169057.16       162596.86       331654.01
2000-2009       65            162529.73       155719.70       318249.43
2000-2009       66            156738.99       149441.75       306180.73
2000-2009       67            151461.25       143621.70       295082.95
2000-2009       68            145650.69       137508.23       283158.91
2000-2009       69            139894.72       131283.83       271178.55
2000-2009       70            135059.49       125733.01       260792.50
2000-2009       71            130999.49       120664.93       251664.42
2000-2009       72            127388.57       116185.69       243574.25
2000-2009       73            123823.43       111682.46       235505.88
2000-2009       74            120754.50       107060.85       227815.35
2000-2009       75            117781.25       102182.26       219963.51
2000-2009       76            114676.64        96924.80       211601.44
2000-2009       77            111073.68        91240.27       202313.95
2000-2009       78            107121.22        84904.08       192025.30
2000-2009       79            102563.74        78013.27       180577.01
2000-2009       80             96362.69        70149.03       166511.72
2000-2009       81             89842.09        62207.12       152049.21
2000-2009       82             83318.84        54626.02       137944.86
2000-2009       83             76853.05        47475.23       124328.28
2000-2009       84             70099.07        40916.16       111015.23
2000-2009       85             63104.41        34804.03        97908.45
2000-2009       86             56339.62        29166.39        85506.00
2000-2009       87             49658.10        24100.82        73758.92
2000-2009       88             42971.87        19654.33        62626.20
2000-2009       89             36195.47        15495.89        51691.36
2000-2009       90             30147.30        12026.17        42173.47
2000-2009       91             24904.26         9264.81        34169.06
2000-2009       92             20049.36         6979.01        27028.37
2000-2009       93             15620.52         5106.60        20727.12
2000-2009       94             11851.38         3612.15        15463.53
2000-2009       95              8779.11         2482.68        11261.79
2000-2009       96              6358.22         1645.21         8003.43
2000-2009       97              4434.60         1078.87         5513.47
2000-2009       98              2974.43          703.06         3677.49
2000-2009       99              2000.77          428.91         2429.68
2000-2009      100              1273.87          243.36         1517.22
2000-2009      101               760.48          134.35          894.83
2000-2009      102               467.13           71.90          539.03
2000-2009      103               286.24           39.50          325.74
2000-2009      104               160.87           20.00          180.87
2000-2009      105                77.83            8.67           86.50
2000-2009      106                41.83            3.33           45.17
2000-2009      107                20.17            0.50           20.67
2000-2009      108                11.00            0.00           11.00
2000-2009      109                 3.50            0.00            3.50
2000-2009      110+                4.67            0.00            4.67
2010-2013        0            121270.80       127432.61       248703.41
2010-2013        1            122796.91       129443.29       252240.20
2010-2013        2            123815.66       130850.07       254665.73
2010-2013        3            123318.49       130408.74       253727.23
2010-2013        4            120971.86       127732.08       248703.94
2010-2013        5            118573.10       124575.34       243148.43
2010-2013        6            116020.64       121570.25       237590.89
2010-2013        7            113829.62       119147.60       232977.22
2010-2013        8            113014.29       118312.64       231326.93
2010-2013        9            113700.10       119044.93       232745.03
2010-2013       10            115046.62       120531.69       235578.31
2010-2013       11            116058.10       121951.01       238009.11
2010-2013       12            117665.54       123952.48       241618.02
2010-2013       13            118093.19       124748.11       242841.30
2010-2013       14            118552.84       125318.46       243871.30
2010-2013       15            120408.76       126839.57       247248.34
2010-2013       16            121752.54       127484.62       249237.15
2010-2013       17            123574.59       128373.80       251948.40
2010-2013       18            124168.66       128557.42       252726.08
2010-2013       19            126117.11       130241.16       256358.27
2010-2013       20            127923.38       131018.69       258942.07
2010-2013       21            126720.86       129008.63       255729.49
2010-2013       22            123336.61       125413.03       248749.64
2010-2013       23            118928.60       120496.91       239425.50
2010-2013       24            115612.15       115794.08       231406.23
2010-2013       25            113955.57       111879.69       225835.26
2010-2013       26            112854.14       108958.86       221813.00
2010-2013       27            112587.59       107200.13       219787.72
2010-2013       28            112483.44       105853.32       218336.76
2010-2013       29            112725.82       105172.81       217898.63
2010-2013       30            112718.49       104338.79       217057.28
2010-2013       31            112793.78       103516.43       216310.20
2010-2013       32            112342.89       102580.93       214923.82
2010-2013       33            111829.59       101669.39       213498.99
2010-2013       34            112381.03       102141.28       214522.31
2010-2013       35            114016.87       103549.95       217566.82
2010-2013       36            117104.93       106223.93       223328.86
2010-2013       37            121396.60       109821.81       231218.41
2010-2013       38            126261.42       113856.73       240118.15
2010-2013       39            130486.76       117487.03       247973.79
2010-2013       40            132963.58       119765.14       252728.72
2010-2013       41            133774.94       120919.14       254694.08
2010-2013       42            133214.53       120916.87       254131.40
2010-2013       43            131846.90       120325.67       252172.57
2010-2013       44            130618.26       119957.63       250575.90
2010-2013       45            129983.88       120214.00       250197.88
2010-2013       46            130323.72       121289.76       251613.49
2010-2013       47            131610.80       122860.47       254471.28
2010-2013       48            133020.98       124271.20       257292.18
2010-2013       49            133423.25       124706.66       258129.90
2010-2013       50            131859.95       123596.80       255456.75
2010-2013       51            128750.44       121215.20       249965.64
2010-2013       52            124674.22       117856.87       242531.09
2010-2013       53            120655.14       114516.01       235171.15
2010-2013       54            117022.19       111407.51       228429.70
2010-2013       55            113596.68       108264.39       221861.08
2010-2013       56            110402.85       105225.95       215628.80
2010-2013       57            107243.45       102271.34       209514.79
2010-2013       58            104220.59        99510.45       203731.04
2010-2013       59            101635.88        97189.29       198825.17
2010-2013       60             99620.73        95611.57       195232.30
2010-2013       61             98079.07        94481.66       192560.72
2010-2013       62             97184.31        93794.87       190979.18
2010-2013       63             95797.44        92371.29       188168.73
2010-2013       64             92537.85        89070.78       181608.63
2010-2013       65             87656.19        84286.94       171943.14
2010-2013       66             81542.29        78130.69       159672.98
2010-2013       67             75424.46        72044.70       147469.16
2010-2013       68             71800.62        68277.07       140077.70
2010-2013       69             69627.78        65943.52       135571.30
2010-2013       70             67502.42        63500.90       131003.31
2010-2013       71             64854.95        60483.75       125338.70
2010-2013       72             61207.34        56452.97       117660.31
2010-2013       73             57080.85        51843.13       108923.98
2010-2013       74             53286.77        47836.46       101123.23
2010-2013       75             49973.54        44568.94        94542.48
2010-2013       76             47194.77        41698.48        88893.25
2010-2013       77             44907.81        39162.36        84070.17
2010-2013       78             43202.91        37025.20        80228.11
2010-2013       79             41957.91        35160.11        77118.02
2010-2013       80             40612.55        33210.79        73823.33
2010-2013       81             38847.08        31057.60        69904.68
2010-2013       82             36841.94        28569.80        65411.74
2010-2013       83             34432.19        25758.81        60191.00
2010-2013       84             31901.65        22912.93        54814.58
2010-2013       85             29442.04        19993.17        49435.21
2010-2013       86             26749.34        17178.72        43928.05
2010-2013       87             23870.86        14435.36        38306.22
2010-2013       88             20996.65        11730.63        32727.28
2010-2013       89             18255.17         9491.06        27746.23
2010-2013       90             15472.51         7422.91        22895.41
2010-2013       91             12592.47         5471.37        18063.84
2010-2013       92             10017.82         4035.82        14053.63
2010-2013       93              7729.15         2937.03        10666.18
2010-2013       94              5926.92         2125.71         8052.63
2010-2013       95              4530.96         1552.81         6083.76
2010-2013       96              3338.43         1083.36         4421.80
2010-2013       97              2381.33          723.23         3104.55
2010-2013       98              1637.32          468.42         2105.74
2010-2013       99              1051.00          271.61         1322.61
2010-2013      100               648.02          165.69          813.71
2010-2013      101               397.29           83.69          480.98
2010-2013      102               230.47           46.33          276.80
2010-2013      103               133.20           24.08          157.28
2010-2013      104                80.66           12.52           93.19
2010-2013      105                48.48            6.02           54.49
2010-2013      106                23.13            2.23           25.36
2010-2013      107                10.57            1.33           11.90
2010-2013      108                 5.53            0.00            5.53
2010-2013      109                 1.33            0.00            1.33
2010-2013      110+                0.17            0.00            0.17
