Poland, Exposure to risk (period 1x10), 	Last modified: 30 Aug 2018;  Methods Protocol: v6 (2017)

  Year          Age             Female            Male           Total
1958-1959        0            697368.46       732913.61      1430282.07
1958-1959        1            700364.91       732055.81      1432420.71
1958-1959        2            704387.14       737175.44      1441562.59
1958-1959        3            704601.09       736792.32      1441393.41
1958-1959        4            697727.04       726891.06      1424618.10
1958-1959        5            690071.21       717986.59      1408057.79
1958-1959        6            682833.29       710207.51      1393040.80
1958-1959        7            673056.39       699194.44      1372250.82
1958-1959        8            654214.97       679692.17      1333907.13
1958-1959        9            628118.27       652392.95      1280511.22
1958-1959       10            603745.58       626691.10      1230436.68
1958-1959       11            570729.40       590382.04      1161111.44
1958-1959       12            504298.86       518604.13      1022902.99
1958-1959       13            423530.18       433692.96       857223.14
1958-1959       14            384326.18       391926.00       776252.18
1958-1959       15            377238.69       383832.94       761071.63
1958-1959       16            378870.43       386395.28       765265.71
1958-1959       17            396148.51       406666.51       802815.02
1958-1959       18            417122.91       433097.62       850220.53
1958-1959       19            427887.14       447627.65       875514.79
1958-1959       20            433568.99       449905.70       883474.69
1958-1959       21            443239.23       451646.38       894885.61
1958-1959       22            453723.31       456170.56       909893.87
1958-1959       23            456299.01       457186.28       913485.29
1958-1959       24            452043.38       453575.98       905619.36
1958-1959       25            455480.45       457550.05       913030.50
1958-1959       26            468849.51       471589.95       940439.46
1958-1959       27            484633.09       488058.71       972691.80
1958-1959       28            493612.99       494859.61       988472.59
1958-1959       29            487230.53       482467.18       969697.71
1958-1959       30            473929.35       459372.50       933301.85
1958-1959       31            463558.20       433796.60       897354.80
1958-1959       32            469507.67       421592.16       891099.83
1958-1959       33            478186.09       417975.73       896161.83
1958-1959       34            467630.48       404410.38       872040.86
1958-1959       35            453849.14       391782.51       845631.65
1958-1959       36            428094.11       372372.60       800466.71
1958-1959       37            391331.28       346897.25       738228.52
1958-1959       38            366994.45       327276.14       694270.59
1958-1959       39            325269.67       284368.09       609637.76
1958-1959       40            267958.16       230603.48       498561.65
1958-1959       41            245667.05       211762.55       457429.60
1958-1959       42            260168.25       221148.64       481316.89
1958-1959       43            300403.61       250667.16       551070.77
1958-1959       44            346533.78       291658.51       638192.29
1958-1959       45            371349.12       317932.82       689281.94
1958-1959       46            377686.48       326803.51       704489.99
1958-1959       47            375879.35       330222.56       706101.91
1958-1959       48            375912.65       335032.61       710945.26
1958-1959       49            370630.16       332714.09       703344.25
1958-1959       50            362058.00       325683.14       687741.14
1958-1959       51            356675.56       320548.61       677224.17
1958-1959       52            345547.10       306839.38       652386.48
1958-1959       53            332650.43       290377.96       623028.39
1958-1959       54            321390.56       279575.45       600966.01
1958-1959       55            312946.51       270830.41       583776.92
1958-1959       56            304427.97       259252.53       563680.50
1958-1959       57            299904.38       245380.34       545284.72
1958-1959       58            292575.26       229299.66       521874.92
1958-1959       59            267479.74       208097.23       475576.97
1958-1959       60            248832.28       192032.09       440864.38
1958-1959       61            241142.50       181297.64       422440.14
1958-1959       62            231103.19       168710.42       399813.61
1958-1959       63            217624.68       155397.32       373022.01
1958-1959       64            199294.50       141690.85       340985.35
1958-1959       65            181224.77       127049.16       308273.93
1958-1959       66            164241.76       112823.12       277064.88
1958-1959       67            155480.67       104304.37       259785.03
1958-1959       68            152777.13        99454.79       252231.92
1958-1959       69            147896.66        94519.07       242415.73
1958-1959       70            141140.27        88594.51       229734.78
1958-1959       71            128875.06        80070.06       208945.12
1958-1959       72            117190.67        71569.02       188759.69
1958-1959       73            107218.71        63671.80       170890.51
1958-1959       74             94637.33        56035.63       150672.96
1958-1959       75             85477.25        50189.14       135666.39
1958-1959       76             76830.23        44208.73       121038.96
1958-1959       77             67513.11        38144.87       105657.98
1958-1959       78             61095.78        33552.23        94648.01
1958-1959       79             52197.36        28535.90        80733.26
1958-1959       80             45093.90        24640.43        69734.33
1958-1959       81             39127.22        20920.47        60047.69
1958-1959       82             34429.38        17834.04        52263.42
1958-1959       83             29590.39        15031.22        44621.61
1958-1959       84             24323.80        12226.48        36550.28
1958-1959       85             19530.18         9441.31        28971.49
1958-1959       86             15149.59         7039.86        22189.45
1958-1959       87             11980.12         5388.11        17368.23
1958-1959       88              9667.17         4146.98        13814.16
1958-1959       89              6991.58         2946.21         9937.79
1958-1959       90              5022.43         2085.09         7107.53
1958-1959       91              3836.87         1479.80         5316.67
1958-1959       92              2748.97          992.48         3741.45
1958-1959       93              1996.82          660.40         2657.21
1958-1959       94              1443.95          446.88         1890.83
1958-1959       95               955.71          293.61         1249.32
1958-1959       96               580.70          170.45          751.15
1958-1959       97               375.65          109.57          485.22
1958-1959       98               211.00           75.50          286.49
1958-1959       99                75.48           28.80          104.28
1958-1959      100                42.72           12.20           54.92
1958-1959      101                25.95            5.11           31.06
1958-1959      102                12.58            1.50           14.08
1958-1959      103                 5.27            0.44            5.71
1958-1959      104                 1.46            0.06            1.52
1958-1959      105                 0.05            0.00            0.05
1958-1959      106                 0.00            0.00            0.00
1958-1959      107                 0.00            0.00            0.00
1958-1959      108                 0.00            0.00            0.00
1958-1959      109                 0.00            0.00            0.00
1958-1959      110+                0.00            0.00            0.00
1960-1969        0           2719368.14      2879674.59      5599042.73
1960-1969        1           2760992.99      2905515.58      5666508.58
1960-1969        2           2856754.71      3001027.39      5857782.10
1960-1969        3           2957049.56      3102754.57      6059804.13
1960-1969        4           3055961.15      3203817.03      6259778.18
1960-1969        5           3147004.95      3295334.08      6442339.03
1960-1969        6           3225902.60      3373106.80      6599009.40
1960-1969        7           3297259.00      3443367.02      6740626.02
1960-1969        8           3356753.49      3500698.23      6857451.72
1960-1969        9           3394799.34      3537739.14      6932538.48
1960-1969       10           3399285.59      3540382.22      6939667.80
1960-1969       11           3373527.74      3510205.61      6883733.35
1960-1969       12           3322479.83      3454491.77      6776971.60
1960-1969       13           3246775.52      3371565.23      6618340.75
1960-1969       14           3123089.97      3236929.55      6360019.52
1960-1969       15           2964719.22      3066856.15      6031575.37
1960-1969       16           2808088.07      2899132.91      5707220.99
1960-1969       17           2650878.66      2730162.92      5381041.58
1960-1969       18           2502182.65      2571156.99      5073339.63
1960-1969       19           2372760.14      2434133.28      4806893.42
1960-1969       20           2267044.41      2325503.94      4592548.34
1960-1969       21           2176003.97      2232799.25      4408803.22
1960-1969       22           2100979.22      2151400.73      4252379.96
1960-1969       23           2053154.74      2094248.92      4147403.66
1960-1969       24           2053302.91      2085850.24      4139153.14
1960-1969       25           2085714.37      2111944.64      4197659.01
1960-1969       26           2120694.19      2141845.85      4262540.04
1960-1969       27           2164929.57      2181110.62      4346040.18
1960-1969       28           2211179.77      2222965.59      4434145.36
1960-1969       29           2252369.87      2259967.07      4512336.94
1960-1969       30           2285077.84      2287729.10      4572806.94
1960-1969       31           2307475.61      2303519.52      4610995.12
1960-1969       32           2320478.11      2304202.68      4624680.79
1960-1969       33           2323755.90      2286709.72      4610465.62
1960-1969       34           2332951.68      2266576.42      4599528.10
1960-1969       35           2342183.65      2242656.67      4584840.31
1960-1969       36           2344739.04      2212437.73      4557176.77
1960-1969       37           2337995.74      2173790.66      4511786.40
1960-1969       38           2302127.67      2111679.56      4413807.23
1960-1969       39           2242121.21      2031791.35      4273912.56
1960-1969       40           2173555.55      1944266.72      4117822.26
1960-1969       41           2079249.30      1833965.37      3913214.67
1960-1969       42           1967051.35      1715323.77      3682375.12
1960-1969       43           1861272.13      1611527.27      3472799.40
1960-1969       44           1759332.03      1515257.42      3274589.45
1960-1969       45           1685959.74      1445107.98      3131067.72
1960-1969       46           1639582.32      1402345.37      3041927.69
1960-1969       47           1604330.19      1370739.60      2975069.79
1960-1969       48           1587667.81      1354917.30      2942585.11
1960-1969       49           1583784.63      1349721.21      2933505.84
1960-1969       50           1591198.78      1356970.35      2948169.13
1960-1969       51           1621655.09      1388104.78      3009759.87
1960-1969       52           1673562.94      1435983.27      3109546.21
1960-1969       53           1720151.42      1478298.61      3198450.03
1960-1969       54           1748048.55      1502657.89      3250706.43
1960-1969       55           1744590.71      1500469.62      3245060.33
1960-1969       56           1717308.50      1475627.15      3192935.65
1960-1969       57           1680261.56      1438480.93      3118742.49
1960-1969       58           1636934.99      1392153.42      3029088.41
1960-1969       59           1595968.12      1338133.20      2934101.32
1960-1969       60           1545128.77      1272149.50      2817278.27
1960-1969       61           1483036.46      1200101.91      2683138.36
1960-1969       62           1421400.45      1126493.06      2547893.51
1960-1969       63           1357414.52      1050795.57      2408210.09
1960-1969       64           1295513.53       978542.56      2274056.09
1960-1969       65           1230270.92       905383.97      2135654.89
1960-1969       66           1160632.82       831481.18      1992114.00
1960-1969       67           1085343.73       756109.69      1841453.42
1960-1969       68           1007677.40       682963.33      1690640.73
1960-1969       69            930738.47       615316.25      1546054.72
1960-1969       70            860125.90       554699.98      1414825.88
1960-1969       71            799828.76       502427.24      1302256.00
1960-1969       72            739520.93       452704.86      1192225.79
1960-1969       73            677139.05       404684.70      1081823.74
1960-1969       74            616872.79       360227.91       977100.70
1960-1969       75            559031.53       318680.94       877712.47
1960-1969       76            503952.54       280435.83       784388.37
1960-1969       77            454265.29       246697.64       700962.93
1960-1969       78            406114.15       215712.42       621826.57
1960-1969       79            358463.46       186352.21       544815.67
1960-1969       80            304910.72       155834.59       460745.31
1960-1969       81            261929.28       131111.37       393040.65
1960-1969       82            221838.37       108890.01       330728.37
1960-1969       83            185839.03        89357.21       275196.24
1960-1969       84            154222.42        72536.00       226758.41
1960-1969       85            126753.63        58297.27       185050.90
1960-1969       86            102514.51        46131.14       148645.65
1960-1969       87             81132.82        35684.87       116817.68
1960-1969       88             63053.54        26960.53        90014.06
1960-1969       89             48287.44        20112.41        68399.85
1960-1969       90             36294.02        14645.89        50939.91
1960-1969       91             26649.73        10489.60        37139.33
1960-1969       92             19308.53         7316.71        26625.24
1960-1969       93             13745.24         4993.21        18738.45
1960-1969       94              9439.78         3312.38        12752.15
1960-1969       95              6440.18         2127.69         8567.86
1960-1969       96              4308.05         1352.09         5660.14
1960-1969       97              2824.52          839.13         3663.64
1960-1969       98              1862.15          549.27         2411.42
1960-1969       99              1092.31          316.77         1409.08
1960-1969      100               671.21          177.77          848.98
1960-1969      101               393.00           98.36          491.36
1960-1969      102               224.06           50.36          274.42
1960-1969      103               120.79           22.95          143.74
1960-1969      104                63.13            8.81           71.93
1960-1969      105                29.46            2.42           31.88
1960-1969      106                11.68            0.32           12.00
1960-1969      107                 3.17            0.00            3.17
1960-1969      108                 0.39            0.00            0.39
1960-1969      109                 0.00            0.00            0.00
1960-1969      110+                0.00            0.00            0.00
1970-1979        0           2914122.71      3079545.23      5993667.94
1970-1979        1           2813056.51      2955869.63      5768926.14
1970-1979        2           2752663.88      2886680.94      5639344.81
1970-1979        3           2692429.04      2819798.15      5512227.19
1970-1979        4           2632278.13      2755832.12      5388110.25
1970-1979        5           2588410.11      2709644.32      5298054.43
1970-1979        6           2564460.08      2684420.87      5248880.95
1970-1979        7           2553301.48      2673513.12      5226814.60
1970-1979        8           2560972.61      2682973.44      5243946.06
1970-1979        9           2593630.29      2716721.18      5310351.46
1970-1979       10           2653840.67      2779760.22      5433600.89
1970-1979       11           2735047.41      2867234.07      5602281.48
1970-1979       12           2830244.21      2969382.24      5799626.45
1970-1979       13           2928426.72      3073978.09      6002404.81
1970-1979       14           3023712.71      3176419.59      6200132.31
1970-1979       15           3111283.08      3269453.18      6380736.26
1970-1979       16           3183346.57      3342886.22      6526232.79
1970-1979       17           3245237.63      3403348.42      6648586.05
1970-1979       18           3297333.83      3450875.34      6748209.16
1970-1979       19           3328137.06      3474406.40      6802543.45
1970-1979       20           3329373.85      3462695.24      6792069.09
1970-1979       21           3303042.26      3422425.54      6725467.80
1970-1979       22           3252348.20      3361400.95      6613749.15
1970-1979       23           3177699.33      3277253.16      6454952.48
1970-1979       24           3056881.92      3145769.45      6202651.37
1970-1979       25           2904637.07      2981534.17      5886171.24
1970-1979       26           2751531.09      2817356.42      5568887.51
1970-1979       27           2596843.93      2651769.76      5248613.69
1970-1979       28           2451754.45      2497077.03      4948831.48
1970-1979       29           2328480.99      2363957.03      4692438.02
1970-1979       30           2227148.48      2252222.58      4479371.06
1970-1979       31           2138614.62      2152862.38      4291477.00
1970-1979       32           2065521.21      2070256.30      4135777.51
1970-1979       33           2019797.66      2017489.03      4037286.69
1970-1979       34           2021208.28      2013974.77      4035183.05
1970-1979       35           2054964.74      2044988.02      4099952.76
1970-1979       36           2088912.25      2076339.41      4165251.67
1970-1979       37           2129026.74      2113183.37      4242210.11
1970-1979       38           2171397.83      2151979.11      4323376.94
1970-1979       39           2210107.11      2186375.60      4396482.71
1970-1979       40           2238157.44      2209879.10      4448036.55
1970-1979       41           2255121.97      2220038.15      4475160.12
1970-1979       42           2264509.91      2215621.67      4480131.59
1970-1979       43           2263995.39      2193092.51      4457087.90
1970-1979       44           2267790.24      2166980.58      4434770.81
1970-1979       45           2273760.29      2138825.29      4412585.58
1970-1979       46           2273221.32      2104254.03      4377475.35
1970-1979       47           2261613.44      2059801.02      4321414.45
1970-1979       48           2224499.00      1994576.38      4219075.38
1970-1979       49           2166026.98      1914138.95      4080165.92
1970-1979       50           2096610.69      1825120.25      3921730.93
1970-1979       51           2001515.05      1714414.27      3715929.32
1970-1979       52           1888832.84      1595463.68      3484296.51
1970-1979       53           1781352.30      1489952.18      3271304.49
1970-1979       54           1675616.68      1390650.23      3066266.92
1970-1979       55           1597260.55      1315846.37      2913106.92
1970-1979       56           1545457.78      1266792.93      2812250.71
1970-1979       57           1504951.98      1227913.36      2732865.34
1970-1979       58           1484160.51      1203338.82      2687499.33
1970-1979       59           1476814.45      1188300.51      2665114.96
1970-1979       60           1477181.22      1181926.66      2659107.88
1970-1979       61           1498843.39      1194967.39      2693810.78
1970-1979       62           1538603.48      1220198.85      2758802.33
1970-1979       63           1571473.86      1237302.50      2808776.36
1970-1979       64           1583980.84      1236605.25      2820586.09
1970-1979       65           1564353.59      1210690.66      2775044.24
1970-1979       66           1520399.69      1163337.98      2683737.67
1970-1979       67           1466896.14      1105708.42      2572604.55
1970-1979       68           1407778.53      1042044.59      2449823.12
1970-1979       69           1349243.72       972855.02      2322098.74
1970-1979       70           1281070.12       895992.10      2177062.22
1970-1979       71           1204501.77       816594.01      2021095.78
1970-1979       72           1126653.49       737592.91      1864246.40
1970-1979       73           1047423.13       660798.39      1708221.52
1970-1979       74            967365.10       588258.73      1555623.83
1970-1979       75            885818.65       518557.64      1404376.29
1970-1979       76            802709.07       451888.51      1254597.58
1970-1979       77            716760.90       388208.34      1104969.24
1970-1979       78            632527.49       329566.69       962094.18
1970-1979       79            551026.86       277271.61       828298.47
1970-1979       80            486601.29       236614.35       723215.64
1970-1979       81            420463.83       197882.14       618345.97
1970-1979       82            359392.71       164075.97       523468.68
1970-1979       83            303341.49       134453.48       437794.97
1970-1979       84            252338.65       108731.82       361070.47
1970-1979       85            206644.07        86456.03       293100.10
1970-1979       86            167054.66        67853.14       234907.80
1970-1979       87            133219.50        52661.07       185880.57
1970-1979       88            104482.74        40168.64       144651.38
1970-1979       89             80288.56        30002.24       110290.80
1970-1979       90             60180.28        21917.64        82097.92
1970-1979       91             44125.32        15689.87        59815.19
1970-1979       92             31662.16        11075.12        42737.29
1970-1979       93             22186.00         7683.96        29869.96
1970-1979       94             15225.19         5202.92        20428.11
1970-1979       95             10274.24         3460.81        13735.06
1970-1979       96              6830.60         2261.38         9091.99
1970-1979       97              4436.67         1467.87         5904.54
1970-1979       98              2858.01          968.55         3826.56
1970-1979       99              1890.34          641.31         2531.65
1970-1979      100              1183.41          402.97         1586.38
1970-1979      101               692.97          239.01          931.98
1970-1979      102               401.95          138.25          540.20
1970-1979      103               225.75           76.19          301.94
1970-1979      104               121.16           39.59          160.75
1970-1979      105                62.22           18.53           80.75
1970-1979      106                30.10            7.14           37.24
1970-1979      107                12.20            1.85           14.05
1970-1979      108                 3.38            0.26            3.65
1970-1979      109                 0.17            0.00            0.17
1970-1979      110+                0.00            0.00            0.00
1980-1989        0           3163726.03      3330453.03      6494179.06
1980-1989        1           3198472.62      3360939.65      6559412.27
1980-1989        2           3230971.90      3393758.91      6624730.81
1980-1989        3           3248052.83      3407476.89      6655529.73
1980-1989        4           3246345.30      3402996.72      6649342.02
1980-1989        5           3211412.13      3363809.09      6575221.21
1980-1989        6           3161890.16      3309777.06      6471667.22
1980-1989        7           3099264.56      3243091.09      6342355.65
1980-1989        8           3037052.63      3175683.20      6212735.83
1980-1989        9           2966637.36      3101199.55      6067836.91
1980-1989       10           2896203.76      3029008.19      5925211.95
1980-1989       11           2828287.51      2957941.14      5786228.64
1980-1989       12           2757695.94      2884413.62      5642109.56
1980-1989       13           2686280.96      2808982.00      5495262.96
1980-1989       14           2622557.88      2743666.42      5366224.30
1980-1989       15           2582024.79      2701609.90      5283634.68
1980-1989       16           2553974.63      2674182.07      5228156.70
1980-1989       17           2542418.62      2665763.74      5208182.35
1980-1989       18           2544669.27      2670117.19      5214786.45
1980-1989       19           2565403.65      2697941.55      5263345.20
1980-1989       20           2613013.40      2753166.58      5366179.98
1980-1989       21           2685153.97      2831909.16      5517063.13
1980-1989       22           2772993.63      2919301.58      5692295.20
1980-1989       23           2865795.77      3009490.48      5875286.25
1980-1989       24           2957503.61      3099506.18      6057009.79
1980-1989       25           3036636.51      3173637.17      6210273.68
1980-1989       26           3106486.46      3235704.53      6342190.98
1980-1989       27           3168950.95      3290275.54      6459226.50
1980-1989       28           3225010.80      3335965.40      6560976.20
1980-1989       29           3260732.29      3358001.04      6618733.32
1980-1989       30           3263445.31      3351873.92      6615319.23
1980-1989       31           3240411.63      3319869.40      6560281.02
1980-1989       32           3191635.52      3262281.97      6453917.49
1980-1989       33           3117117.74      3177670.58      6294788.31
1980-1989       34           2996296.11      3044816.75      6041112.86
1980-1989       35           2845251.26      2880398.91      5725650.17
1980-1989       36           2694058.75      2716863.91      5410922.66
1980-1989       37           2543337.09      2554430.31      5097767.39
1980-1989       38           2403325.80      2404108.69      4807434.49
1980-1989       39           2280697.97      2272840.73      4553538.69
1980-1989       40           2179291.52      2159505.55      4338797.06
1980-1989       41           2094026.43      2063258.60      4157285.03
1980-1989       42           2021519.91      1981134.45      4002654.36
1980-1989       43           1979384.20      1928152.69      3907536.90
1980-1989       44           1975085.60      1916183.90      3891269.50
1980-1989       45           2000636.46      1934760.69      3935397.15
1980-1989       46           2029127.47      1954955.40      3984082.87
1980-1989       47           2064007.28      1981001.05      4045008.33
1980-1989       48           2101434.77      2008705.43      4110140.20
1980-1989       49           2133574.53      2031022.08      4164596.61
1980-1989       50           2153994.18      2039156.22      4193150.40
1980-1989       51           2166423.10      2037862.39      4204285.48
1980-1989       52           2168848.53      2021257.40      4190105.93
1980-1989       53           2163694.28      1987903.28      4151597.56
1980-1989       54           2162179.63      1951081.54      4113261.17
1980-1989       55           2161215.71      1911472.12      4072687.82
1980-1989       56           2152478.35      1863922.17      4016400.52
1980-1989       57           2134050.45      1809401.97      3943452.42
1980-1989       58           2089611.78      1734751.49      3824363.27
1980-1989       59           2021682.14      1646727.41      3668409.55
1980-1989       60           1945020.76      1552081.80      3497102.56
1980-1989       61           1844680.66      1439627.20      3284307.86
1980-1989       62           1728345.48      1321416.89      3049762.37
1980-1989       63           1616489.50      1216018.65      2832508.15
1980-1989       64           1509697.45      1118815.83      2628513.28
1980-1989       65           1428903.71      1043517.11      2472420.82
1980-1989       66           1371059.45       989104.99      2360164.44
1980-1989       67           1325639.52       942670.87      2268310.40
1980-1989       68           1290934.94       904069.79      2195004.73
1980-1989       69           1264098.71       870634.33      2134733.04
1980-1989       70           1244326.81       842074.22      2086401.02
1980-1989       71           1237966.43       823279.33      2061245.77
1980-1989       72           1241251.86       809519.74      2050771.60
1980-1989       73           1234617.93       788260.77      2022878.71
1980-1989       74           1207939.49       752400.27      1960339.76
1980-1989       75           1157690.98       702498.70      1860189.68
1980-1989       76           1085204.65       640105.45      1725310.10
1980-1989       77           1008886.33       575468.84      1584355.17
1980-1989       78            924317.60       508950.38      1433267.98
1980-1989       79            842251.79       444679.89      1286931.68
1980-1989       80            747865.94       377382.93      1125248.87
1980-1989       81            659978.32       318091.42       978069.74
1980-1989       82            574424.29       263924.30       838348.59
1980-1989       83            492420.86       215779.41       708200.26
1980-1989       84            416659.57       174368.27       591027.84
1980-1989       85            346422.88       138592.32       485015.20
1980-1989       86            282233.38       108141.05       390374.43
1980-1989       87            224840.30        82701.72       307542.02
1980-1989       88            175075.36        62206.37       237281.73
1980-1989       89            133835.08        45782.69       179617.77
1980-1989       90            100468.65        33299.68       133768.34
1980-1989       91             74287.05        24125.10        98412.14
1980-1989       92             53818.87        17121.57        70940.44
1980-1989       93             38250.66        11946.73        50197.39
1980-1989       94             26719.57         8254.92        34974.49
1980-1989       95             18122.43         5607.73        23730.16
1980-1989       96             12082.94         3733.67        15816.61
1980-1989       97              8060.03         2462.90        10522.93
1980-1989       98              5270.76         1625.43         6896.19
1980-1989       99              3495.49         1078.99         4574.48
1980-1989      100              2216.69          681.25         2897.93
1980-1989      101              1308.67          406.18         1714.86
1980-1989      102               756.90          237.62          994.51
1980-1989      103               427.06          136.18          563.24
1980-1989      104               234.79           75.19          309.98
1980-1989      105               124.93           38.26          163.19
1980-1989      106                62.17           16.37           78.55
1980-1989      107                28.17            4.99           33.15
1980-1989      108                10.51            0.55           11.06
1980-1989      109                 2.13            0.00            2.13
1980-1989      110+                0.04            0.00            0.04
1990-1999        0           2275114.70      2399968.93      4675083.63
1990-1999        1           2347290.13      2470059.46      4817349.60
1990-1999        2           2430381.37      2552213.96      4982595.33
1990-1999        3           2520737.89      2643665.10      5164402.99
1990-1999        4           2626956.57      2751787.89      5378744.45
1990-1999        5           2743269.48      2873155.89      5616425.37
1990-1999        6           2849063.12      2983654.09      5832717.21
1990-1999        7           2948228.96      3086655.82      6034884.78
1990-1999        8           3024885.15      3166260.98      6191146.13
1990-1999        9           3084466.59      3226003.50      6310470.08
1990-1999       10           3138639.79      3280243.50      6418883.29
1990-1999       11           3182436.93      3325127.52      6507564.45
1990-1999       12           3207440.42      3350208.96      6557649.38
1990-1999       13           3223120.36      3365383.22      6588503.58
1990-1999       14           3216840.42      3357089.03      6573929.45
1990-1999       15           3178422.17      3314649.35      6493071.52
1990-1999       16           3125431.54      3257401.79      6382833.33
1990-1999       17           3063413.11      3190843.21      6254256.32
1990-1999       18           3000840.20      3123967.10      6124807.31
1990-1999       19           2932839.37      3052754.67      5985594.04
1990-1999       20           2853982.12      2971606.84      5825588.96
1990-1999       21           2773288.14      2888626.09      5661914.23
1990-1999       22           2696693.58      2809097.02      5505790.59
1990-1999       23           2621514.67      2729330.46      5350845.14
1990-1999       24           2555429.15      2658161.34      5213590.49
1990-1999       25           2506847.11      2604478.05      5111325.16
1990-1999       26           2476412.41      2569176.96      5045589.37
1990-1999       27           2462422.92      2550794.15      5013217.07
1990-1999       28           2465246.49      2550316.03      5015562.52
1990-1999       29           2492770.00      2573826.50      5066596.50
1990-1999       30           2546603.01      2622992.65      5169595.66
1990-1999       31           2622241.90      2695096.40      5317338.30
1990-1999       32           2711866.43      2781259.59      5493126.01
1990-1999       33           2803839.19      2868356.50      5672195.69
1990-1999       34           2893658.44      2952768.47      5846426.91
1990-1999       35           2975057.88      3027488.51      6002546.39
1990-1999       36           3044936.63      3088464.33      6133400.95
1990-1999       37           3107706.94      3141187.93      6248894.87
1990-1999       38           3159058.75      3180697.97      6339756.72
1990-1999       39           3188612.60      3198983.02      6387595.62
1990-1999       40           3186587.97      3185780.68      6372368.65
1990-1999       41           3157622.12      3144543.36      6302165.48
1990-1999       42           3106698.72      3081763.08      6188461.80
1990-1999       43           3032679.43      2994650.81      6027330.24
1990-1999       44           2916411.24      2863141.58      5779552.82
1990-1999       45           2768114.40      2700759.17      5468873.57
1990-1999       46           2618866.40      2540028.47      5158894.87
1990-1999       47           2468971.65      2379267.58      4848239.23
1990-1999       48           2326135.82      2227799.20      4553935.02
1990-1999       49           2202504.78      2095265.97      4297770.75
1990-1999       50           2100814.52      1981420.89      4082235.40
1990-1999       51           2011067.48      1878656.90      3889724.38
1990-1999       52           1934866.50      1789682.17      3724548.66
1990-1999       53           1882779.18      1725389.09      3608168.28
1990-1999       54           1876436.68      1703897.42      3580334.10
1990-1999       55           1898793.30      1708344.48      3607137.79
1990-1999       56           1919974.24      1711499.20      3631473.43
1990-1999       57           1947622.33      1718819.66      3666441.98
1990-1999       58           1974446.68      1723710.70      3698157.38
1990-1999       59           1994444.16      1721134.14      3715578.30
1990-1999       60           2004996.14      1708250.12      3713246.26
1990-1999       61           2006253.99      1684773.49      3691027.48
1990-1999       62           1996497.75      1647600.75      3644098.50
1990-1999       63           1976116.04      1595895.20      3572011.24
1990-1999       64           1959480.22      1541388.33      3500868.55
1990-1999       65           1940582.19      1482396.14      3422978.34
1990-1999       66           1913320.49      1417881.03      3331201.52
1990-1999       67           1874719.98      1347575.77      3222295.75
1990-1999       68           1810759.00      1263352.91      3074111.90
1990-1999       69           1727368.64      1169791.58      2897160.22
1990-1999       70           1634425.88      1073082.01      2707507.89
1990-1999       71           1522605.36       967560.25      2490165.61
1990-1999       72           1398475.19       861512.14      2259987.33
1990-1999       73           1277227.04       765429.50      2042656.54
1990-1999       74           1160241.55       677228.92      1837470.47
1990-1999       75           1063298.98       604630.74      1667929.72
1990-1999       76            983385.33       545435.37      1528820.70
1990-1999       77            911298.43       492424.07      1403722.50
1990-1999       78            849804.26       445488.65      1295292.91
1990-1999       79            792642.80       402008.24      1194651.04
1990-1999       80            745482.48       363085.56      1108568.03
1990-1999       81            700448.23       330021.06      1030469.29
1990-1999       82            659251.81       299912.64       959164.45
1990-1999       83            609591.04       266945.32       876536.36
1990-1999       84            549130.61       231332.50       780463.10
1990-1999       85            479110.82       194142.30       673253.12
1990-1999       86            405829.95       157895.79       563725.74
1990-1999       87            335813.92       125183.53       460997.45
1990-1999       88            272016.32        97270.88       369287.20
1990-1999       89            215858.00        73751.75       289609.75
1990-1999       90            166310.24        54301.03       220611.26
1990-1999       91            124849.36        38798.96       163648.31
1990-1999       92             91109.56        27110.77       118220.33
1990-1999       93             64603.12        18442.93        83046.06
1990-1999       94             44641.02        12235.80        56876.81
1990-1999       95             30212.55         7987.15        38199.70
1990-1999       96             19895.62         5159.80        25055.42
1990-1999       97             12627.19         3258.79        15885.98
1990-1999       98              7953.63         2079.12        10032.75
1990-1999       99              5065.92         1362.16         6428.08
1990-1999      100              2918.30          789.44         3707.74
1990-1999      101              1732.11          504.87         2236.99
1990-1999      102              1004.67          328.51         1333.18
1990-1999      103               596.55          205.94          802.48
1990-1999      104               370.28          134.74          505.02
1990-1999      105               226.38           89.04          315.42
1990-1999      106               140.57           53.05          193.61
1990-1999      107                88.18           34.99          123.17
1990-1999      108                53.30           25.17           78.47
1990-1999      109                29.00           14.84           43.85
1990-1999      110+               21.20            7.25           28.45
2000-2009        0           1861135.87      1959739.71      3820875.58
2000-2009        1           1838182.29      1935737.40      3773919.68
2000-2009        2           1829076.76      1926487.84      3755564.60
2000-2009        3           1841491.30      1939110.11      3780601.41
2000-2009        4           1869287.45      1967655.82      3836943.27
2000-2009        5           1912065.34      2010199.37      3922264.71
2000-2009        6           1972651.07      2071681.54      4044332.60
2000-2009        7           2042603.95      2143807.68      4186411.63
2000-2009        8           2119805.17      2223772.13      4343577.30
2000-2009        9           2203254.09      2310982.03      4514236.11
2000-2009       10           2287506.22      2399291.02      4686797.24
2000-2009       11           2372821.86      2487393.43      4860215.29
2000-2009       12           2463411.05      2581440.89      5044851.94
2000-2009       13           2549322.99      2670330.51      5219653.50
2000-2009       14           2647483.24      2771484.50      5418967.74
2000-2009       15           2756217.76      2885352.80      5641570.56
2000-2009       16           2853942.65      2985774.31      5839716.96
2000-2009       17           2944124.00      3075344.87      6019468.87
2000-2009       18           3011091.88      3134084.46      6145176.34
2000-2009       19           3058882.84      3174169.34      6233052.18
2000-2009       20           3103483.92      3212995.45      6316479.37
2000-2009       21           3141006.76      3247614.80      6388621.56
2000-2009       22           3162574.62      3266082.94      6428657.56
2000-2009       23           3177886.75      3278747.78      6456634.53
2000-2009       24           3171793.86      3270683.56      6442477.43
2000-2009       25           3135153.27      3232525.16      6367678.43
2000-2009       26           3082400.02      3179445.33      6261845.35
2000-2009       27           3019407.20      3115286.86      6134694.05
2000-2009       28           2958888.64      3053317.67      6012206.31
2000-2009       29           2893355.96      2986869.40      5880225.36
2000-2009       30           2818237.65      2909791.22      5728028.87
2000-2009       31           2743475.69      2831735.77      5575211.46
2000-2009       32           2671303.23      2756310.49      5427613.71
2000-2009       33           2600198.89      2681774.75      5281973.64
2000-2009       34           2536621.16      2614730.99      5151352.16
2000-2009       35           2488487.90      2562764.47      5051252.36
2000-2009       36           2457111.80      2528040.37      4985152.17
2000-2009       37           2440985.88      2508590.11      4949576.00
2000-2009       38           2441412.53      2505907.38      4947319.92
2000-2009       39           2465023.64      2524147.12      4989170.76
2000-2009       40           2514623.18      2567455.30      5082078.48
2000-2009       41           2586017.65      2633090.91      5219108.56
2000-2009       42           2669405.52      2708269.18      5377674.71
2000-2009       43           2754544.31      2783673.93      5538218.24
2000-2009       44           2838115.83      2856059.54      5694175.37
2000-2009       45           2913869.98      2917391.95      5831261.93
2000-2009       46           2976732.62      2963319.23      5940051.85
2000-2009       47           3032314.13      3000169.47      6032483.60
2000-2009       48           3077480.25      3023981.02      6101461.27
2000-2009       49           3100337.35      3025763.07      6126100.42
2000-2009       50           3091506.77      2995916.51      6087423.28
2000-2009       51           3056965.57      2939094.66      5996060.23
2000-2009       52           3000745.35      2861593.69      5862339.03
2000-2009       53           2922029.61      2759913.18      5681942.79
2000-2009       54           2799104.00      2615415.17      5414519.17
2000-2009       55           2646322.66      2445495.30      5091817.96
2000-2009       56           2496460.83      2281045.97      4777506.80
2000-2009       57           2345815.08      2117693.93      4463509.01
2000-2009       58           2203641.23      1965199.65      4168840.88
2000-2009       59           2080730.16      1830424.42      3911154.58
2000-2009       60           1976335.85      1711189.99      3687525.84
2000-2009       61           1882642.58      1601916.33      3484558.91
2000-2009       62           1803357.28      1505571.88      3308929.16
2000-2009       63           1745691.66      1429091.19      3174782.85
2000-2009       64           1728036.21      1387452.89      3115489.10
2000-2009       65           1737023.09      1367825.71      3104848.81
2000-2009       66           1744281.29      1346350.93      3090632.22
2000-2009       67           1755416.56      1326218.72      3081635.29
2000-2009       68           1765146.02      1303424.65      3068570.66
2000-2009       69           1765007.34      1273664.66      3038672.00
2000-2009       70           1752773.24      1233649.03      2986422.27
2000-2009       71           1728674.68      1183474.34      2912149.02
2000-2009       72           1691826.46      1122012.18      2813838.64
2000-2009       73           1645951.19      1053000.08      2698951.27
2000-2009       74           1598668.91       982960.98      2581629.90
2000-2009       75           1544986.56       910193.78      2455180.34
2000-2009       76           1482178.20       836437.26      2318615.46
2000-2009       77           1406685.81       760219.06      2166904.87
2000-2009       78           1310031.43       677964.28      1987995.71
2000-2009       79           1199102.63       594640.99      1793743.61
2000-2009       80           1087373.58       520560.06      1607933.63
2000-2009       81            963514.71       441758.73      1405273.44
2000-2009       82            836595.67       368018.43      1204614.10
2000-2009       83            718611.91       304765.30      1023377.22
2000-2009       84            608989.82       249268.39       858258.21
2000-2009       85            515870.85       204213.70       720084.55
2000-2009       86            436598.42       167336.36       603934.78
2000-2009       87            364637.25       135053.99       499691.24
2000-2009       88            302680.33       108111.03       410791.35
2000-2009       89            249403.47        85518.46       334921.93
2000-2009       90            202810.98        66869.39       269680.37
2000-2009       91            164157.89        52338.23       216496.12
2000-2009       92            131881.48        40639.48       172520.95
2000-2009       93            102672.54        30542.82       133215.36
2000-2009       94             76825.11        22113.00        98938.10
2000-2009       95             54658.82        15341.13        69999.95
2000-2009       96             37315.12        10183.46        47498.57
2000-2009       97             24677.42         6535.86        31213.28
2000-2009       98             15690.98         4099.55        19790.53
2000-2009       99              9742.33         2520.75        12263.08
2000-2009      100              5985.40         1531.36         7516.76
2000-2009      101              3582.02          928.46         4510.48
2000-2009      102              2085.73          529.27         2614.99
2000-2009      103              1161.62          316.27         1477.89
2000-2009      104               600.02          186.80          786.81
2000-2009      105               310.43          115.81          426.24
2000-2009      106               177.58           75.46          253.03
2000-2009      107               110.98           44.13          155.11
2000-2009      108                70.58           32.95          103.53
2000-2009      109                43.73           23.33           67.06
2000-2009      110+               34.57           22.48           57.06
2010-2016        0           1297415.58      1371636.59      2669052.17
2010-2016        1           1351101.34      1426866.34      2777967.68
2010-2016        2           1374879.18      1450624.45      2825503.63
2010-2016        3           1386483.08      1462060.61      2848543.69
2010-2016        4           1385003.97      1459631.89      2844635.86
2010-2016        5           1371042.70      1443871.79      2814914.49
2010-2016        6           1347613.51      1418280.38      2765893.90
2010-2016        7           1312381.88      1381059.52      2693441.40
2010-2016        8           1274713.70      1342173.28      2616886.98
2010-2016        9           1252424.00      1319088.64      2571512.64
2010-2016       10           1245752.60      1311824.22      2557576.82
2010-2016       11           1251169.84      1317797.99      2568967.83
2010-2016       12           1267431.45      1334841.33      2602272.77
2010-2016       13           1298387.35      1366838.62      2665225.97
2010-2016       14           1336830.65      1406403.19      2743233.83
2010-2016       15           1380946.30      1450348.39      2831294.69
2010-2016       16           1433299.26      1503041.27      2936340.53
2010-2016       17           1489201.82      1559862.39      3049064.21
2010-2016       18           1553507.73      1624956.47      3178464.19
2010-2016       19           1624356.11      1695071.01      3319427.12
2010-2016       20           1688969.43      1759824.50      3448793.93
2010-2016       21           1751855.74      1822501.89      3574357.63
2010-2016       22           1815354.53      1887020.86      3702375.39
2010-2016       23           1870004.48      1941640.47      3811644.94
2010-2016       24           1934320.21      2004624.33      3938944.54
2010-2016       25           2007055.74      2076459.55      4083515.29
2010-2016       26           2072039.50      2139368.34      4211407.84
2010-2016       27           2132460.03      2198554.11      4331014.14
2010-2016       28           2176027.40      2242008.33      4418035.73
2010-2016       29           2206404.06      2270781.69      4477185.75
2010-2016       30           2232434.88      2296144.56      4528579.44
2010-2016       31           2235501.40      2299365.70      4534867.10
2010-2016       32           2213791.17      2276637.50      4490428.67
2010-2016       33           2186841.67      2248819.33      4435661.00
2010-2016       34           2156012.33      2215891.33      4371903.67
2010-2016       35           2126592.00      2184757.83      4311349.83
2010-2016       36           2089924.33      2147325.17      4237249.50
2010-2016       37           2041647.83      2096343.83      4137991.67
2010-2016       38           1989437.00      2039890.00      4029327.00
2010-2016       39           1934096.17      1980348.50      3914444.67
2010-2016       40           1871103.17      1913264.00      3784367.17
2010-2016       41           1806660.00      1844224.83      3650884.83
2010-2016       42           1750021.00      1782462.83      3532483.83
2010-2016       43           1703836.67      1731241.83      3435078.50
2010-2016       44           1670286.67      1692901.83      3363188.50
2010-2016       45           1651026.33      1669269.83      3320296.17
2010-2016       46           1646522.00      1659412.17      3305934.17
2010-2016       47           1654426.17      1660901.33      3315327.50
2010-2016       48           1674767.50      1674351.17      3349118.67
2010-2016       49           1711442.33      1701219.33      3412661.67
2010-2016       50           1765436.67      1743281.17      3508717.83
2010-2016       51           1831619.50      1795420.17      3627039.67
2010-2016       52           1901899.67      1848751.00      3750650.67
2010-2016       53           1967652.67      1896120.17      3863772.83
2010-2016       54           2028761.17      1937756.67      3966517.83
2010-2016       55           2079337.00      1966570.00      4045907.00
2010-2016       56           2109879.00      1974889.50      4084768.50
2010-2016       57           2120136.33      1962890.00      4083026.33
2010-2016       58           2111901.00      1931007.50      4042908.50
2010-2016       59           2085785.67      1882764.00      3968549.67
2010-2016       60           2044904.00      1820789.50      3865693.50
2010-2016       61           1993116.83      1748863.83      3741980.67
2010-2016       62           1931913.00      1670200.33      3602113.33
2010-2016       63           1857233.50      1580605.17      3437838.67
2010-2016       64           1744085.83      1459286.33      3203372.17
2010-2016       65           1604150.17      1318539.50      2922689.67
2010-2016       66           1470578.83      1185073.17      2655652.00
2010-2016       67           1346322.83      1061671.50      2407994.33
2010-2016       68           1236458.33       952356.33      2188814.67
2010-2016       69           1148590.33       861580.17      2010170.50
2010-2016       70           1083536.83       790091.67      1873628.50
2010-2016       71           1057266.33       748877.33      1806143.67
2010-2016       72           1058566.17       729154.33      1787720.50
2010-2016       73           1062055.83       710406.17      1772462.00
2010-2016       74           1065609.33       691457.33      1757066.67
2010-2016       75           1059262.33       666080.17      1725342.50
2010-2016       76           1037215.17       632311.00      1669526.17
2010-2016       77           1009291.67       595990.50      1605282.17
2010-2016       78            979875.17       559887.50      1539762.67
2010-2016       79            947035.83       522993.83      1470029.67
2010-2016       80            905709.83       482062.00      1387771.83
2010-2016       81            853903.17       437794.17      1291697.33
2010-2016       82            795570.83       391106.00      1186676.83
2010-2016       83            733795.58       343740.58      1077536.17
2010-2016       84            670361.78       297895.07       968256.85
2010-2016       85            599641.01       252498.95       852139.97
2010-2016       86            524290.10       208799.53       733089.63
2010-2016       87            450500.02       169657.29       620157.31
2010-2016       88            378174.56       134502.46       512677.02
2010-2016       89            309051.18       105150.69       414201.87
2010-2016       90            245858.66        80658.47       326517.13
2010-2016       91            186390.10        58896.16       245286.25
2010-2016       92            135019.15        41332.48       176351.63
2010-2016       93             95504.06        28310.85       123814.92
2010-2016       94             66025.08        18845.84        84870.91
2010-2016       95             45901.47        12586.03        58487.50
2010-2016       96             32111.67         8448.53        40560.21
2010-2016       97             22113.36         5553.56        27666.92
2010-2016       98             15343.68         3711.09        19054.77
2010-2016       99             10668.82         2529.22        13198.04
2010-2016      100              7268.72         1693.23         8961.95
2010-2016      101              4673.67         1115.50         5789.17
2010-2016      102              2848.95          702.59         3551.53
2010-2016      103              1600.52          431.82         2032.33
2010-2016      104               875.77          264.67         1140.44
2010-2016      105               460.30          153.97          614.26
2010-2016      106               237.82           83.53          321.35
2010-2016      107               120.14           51.02          171.17
2010-2016      108                61.10           31.74           92.84
2010-2016      109                35.84           17.66           53.50
2010-2016      110+               22.50            8.11           30.61
