Taiwan, Exposure to risk (period 1x10), 	Last modified: 26 Sep 2017;  Methods Protocol: v6 (2017)

  Year          Age             Female            Male           Total
1970-1979        0           1751714.68      1871562.22      3623276.90
1970-1979        1           1818967.26      1931801.81      3750769.07
1970-1979        2           1821630.31      1930675.38      3752305.69
1970-1979        3           1814351.14      1923659.86      3738011.00
1970-1979        4           1828706.03      1939113.56      3767819.59
1970-1979        5           1852047.97      1961290.34      3813338.31
1970-1979        6           1881286.89      1987456.75      3868743.64
1970-1979        7           1907903.86      2015465.46      3923369.32
1970-1979        8           1928791.26      2036104.13      3964895.38
1970-1979        9           1940245.89      2047627.92      3987873.81
1970-1979       10           1946022.75      2057325.23      4003347.97
1970-1979       11           1947856.01      2057146.20      4005002.22
1970-1979       12           1948091.82      2053181.57      4001273.39
1970-1979       13           1942520.00      2045521.69      3988041.68
1970-1979       14           1930324.85      2035459.30      3965784.15
1970-1979       15           1912910.07      2017446.89      3930356.96
1970-1979       16           1882715.24      1984484.12      3867199.36
1970-1979       17           1849049.05      1948038.47      3797087.51
1970-1979       18           1819882.54      1913141.39      3733023.93
1970-1979       19           1780658.50      1867097.57      3647756.07
1970-1979       20           1726350.16      1805757.99      3532108.14
1970-1979       21           1657352.75      1732205.00      3389557.75
1970-1979       22           1579844.25      1653331.23      3233175.48
1970-1979       23           1487842.04      1559113.14      3046955.18
1970-1979       24           1381835.18      1448824.09      2830659.27
1970-1979       25           1287787.76      1348754.21      2636541.97
1970-1979       26           1209241.89      1264896.89      2474138.78
1970-1979       27           1135017.69      1186062.46      2321080.14
1970-1979       28           1060413.58      1107849.55      2168263.13
1970-1979       29           1000112.98      1044172.71      2044285.69
1970-1979       30            956471.63       997014.78      1953486.41
1970-1979       31            921718.98       958530.06      1880249.03
1970-1979       32            897300.50       931290.73      1828591.24
1970-1979       33            888045.02       919816.12      1807861.15
1970-1979       34            892770.65       922001.78      1814772.43
1970-1979       35            890315.45       922268.92      1812584.36
1970-1979       36            875464.08       914639.37      1790103.45
1970-1979       37            857207.47       909167.45      1766374.92
1970-1979       38            838651.20       906133.67      1744784.87
1970-1979       39            817784.04       909263.79      1727047.83
1970-1979       40            794402.22       913137.15      1707539.37
1970-1979       41            773851.16       920544.52      1694395.68
1970-1979       42            754019.53       929734.16      1683753.68
1970-1979       43            732825.36       939720.72      1672546.08
1970-1979       44            710356.20       947573.79      1657929.99
1970-1979       45            686650.82       950854.15      1637504.97
1970-1979       46            662869.26       945426.89      1608296.15
1970-1979       47            642354.75       932785.74      1575140.50
1970-1979       48            622554.48       915054.71      1537609.19
1970-1979       49            599052.24       887289.98      1486342.21
1970-1979       50            570284.77       850537.37      1420822.14
1970-1979       51            542397.02       806279.56      1348676.58
1970-1979       52            517561.37       760477.00      1278038.37
1970-1979       53            493758.04       714056.00      1207814.04
1970-1979       54            468670.56       667042.05      1135712.61
1970-1979       55            446530.13       624702.05      1071232.19
1970-1979       56            427302.35       590039.40      1017341.75
1970-1979       57            409048.98       559290.25       968339.23
1970-1979       58            390521.16       524564.98       915086.14
1970-1979       59            374107.99       488731.40       862839.39
1970-1979       60            359356.20       458871.09       818227.29
1970-1979       61            344883.12       430187.99       775071.10
1970-1979       62            329175.29       401846.27       731021.56
1970-1979       63            314029.86       373846.00       687875.87
1970-1979       64            299190.98       347468.33       646659.30
1970-1979       65            282223.71       318074.52       600298.23
1970-1979       66            263706.04       287510.79       551216.84
1970-1979       67            245609.43       255081.58       500691.01
1970-1979       68            227754.92       226999.10       454754.01
1970-1979       69            210570.93       204449.92       415020.85
1970-1979       70            193837.40       182428.72       376266.11
1970-1979       71            179070.22       162582.40       341652.62
1970-1979       72            164033.92       143968.79       308002.71
1970-1979       73            147822.12       126023.43       273845.55
1970-1979       74            131834.74       109196.60       241031.33
1970-1979       75            118176.91        93774.99       211951.91
1970-1979       76            105702.42        80036.52       185738.94
1970-1979       77             94719.45        67765.86       162485.31
1970-1979       78             84004.99        56838.12       140843.11
1970-1979       79             72853.00        47175.55       120028.55
1970-1979       80             60139.62        38683.26        98822.88
1970-1979       81             51346.49        31665.97        83012.46
1970-1979       82             43488.97        25794.29        69283.26
1970-1979       83             36737.36        20992.64        57730.00
1970-1979       84             30846.07        16883.82        47729.89
1970-1979       85             25632.37        13398.81        39031.18
1970-1979       86             21077.72        10632.37        31710.10
1970-1979       87             17084.85         8342.13        25426.98
1970-1979       88             13689.86         6441.20        20131.06
1970-1979       89             10862.65         4915.83        15778.49
1970-1979       90              8451.74         3711.56        12163.30
1970-1979       91              6448.53         2762.27         9210.80
1970-1979       92              4821.18         2026.06         6847.24
1970-1979       93              3544.29         1494.63         5038.92
1970-1979       94              2572.46         1080.11         3652.57
1970-1979       95              1833.41          754.28         2587.69
1970-1979       96              1288.13          520.89         1809.02
1970-1979       97               891.60          353.26         1244.86
1970-1979       98               605.16          236.20          841.35
1970-1979       99               401.18          154.54          555.73
1970-1979      100               260.08           98.02          358.11
1970-1979      101               164.65           59.85          224.50
1970-1979      102               101.33           34.42          135.75
1970-1979      103                59.95           18.28           78.23
1970-1979      104                33.71            8.15           41.86
1970-1979      105                17.63            2.60           20.23
1970-1979      106                 8.35            0.47            8.82
1970-1979      107                 3.35            0.00            3.35
1970-1979      108                 0.47            0.00            0.47
1970-1979      109                 0.00            0.00            0.00
1970-1979      110+                0.00            0.00            0.00
1980-1989        0           1621179.78      1741448.23      3362628.00
1980-1989        1           1785564.79      1907958.41      3693523.20
1980-1989        2           1831041.32      1952762.76      3783804.08
1980-1989        3           1886716.32      2009514.26      3896230.57
1980-1989        4           1915000.67      2037096.82      3952097.49
1980-1989        5           1918134.12      2038339.59      3956473.70
1980-1989        6           1909238.06      2027904.85      3937142.91
1980-1989        7           1893489.73      2011217.45      3904707.18
1980-1989        8           1875657.06      1987940.97      3863598.03
1980-1989        9           1861025.93      1971244.28      3832270.21
1980-1989       10           1846143.49      1955634.42      3801777.91
1980-1989       11           1834445.01      1942451.70      3776896.71
1980-1989       12           1827864.02      1934110.98      3761975.00
1980-1989       13           1812782.27      1917233.40      3730015.68
1980-1989       14           1819193.75      1923623.39      3742817.14
1980-1989       15           1835870.27      1936372.73      3772242.99
1980-1989       16           1858239.63      1958157.17      3816396.79
1980-1989       17           1880873.81      1979014.92      3859888.72
1980-1989       18           1899267.93      1998067.12      3897335.05
1980-1989       19           1911002.64      2008562.51      3919565.15
1980-1989       20           1921387.10      2020215.32      3941602.42
1980-1989       21           1923305.94      2021420.01      3944725.95
1980-1989       22           1922804.67      2018369.14      3941173.81
1980-1989       23           1915334.52      2007855.67      3923190.20
1980-1989       24           1903168.17      1993299.17      3896467.34
1980-1989       25           1883829.86      1972963.97      3856793.83
1980-1989       26           1852277.65      1938792.72      3791070.37
1980-1989       27           1816560.28      1899485.09      3716045.38
1980-1989       28           1784635.86      1865236.17      3649872.03
1980-1989       29           1742292.48      1819187.07      3561479.55
1980-1989       30           1683879.31      1759996.48      3443875.79
1980-1989       31           1617166.05      1689740.55      3306906.61
1980-1989       32           1543241.00      1615988.21      3159229.21
1980-1989       33           1454865.36      1524610.71      2979476.07
1980-1989       34           1354409.23      1418645.24      2773054.47
1980-1989       35           1256793.26      1319119.49      2575912.76
1980-1989       36           1179803.27      1238322.28      2418125.56
1980-1989       37           1106942.15      1163829.19      2270771.34
1980-1989       38           1036453.53      1090136.36      2126589.89
1980-1989       39            979680.79      1029532.37      2009213.16
1980-1989       40            937549.10       982417.65      1919966.76
1980-1989       41            903552.20       944045.65      1847597.85
1980-1989       42            881864.64       918425.95      1800290.59
1980-1989       43            872443.73       906034.66      1778478.38
1980-1989       44            871979.34       904229.05      1776208.39
1980-1989       45            865544.51       899003.10      1764547.61
1980-1989       46            851049.38       887402.43      1738451.81
1980-1989       47            832954.91       876778.39      1709733.30
1980-1989       48            814472.95       870908.69      1685381.63
1980-1989       49            792959.95       870269.30      1663229.25
1980-1989       50            769533.21       874127.28      1643660.50
1980-1989       51            748769.08       879613.49      1628382.57
1980-1989       52            727289.09       886507.57      1613796.66
1980-1989       53            705881.95       891553.03      1597434.98
1980-1989       54            684215.76       895625.51      1579841.27
1980-1989       55            657690.99       889626.19      1547317.18
1980-1989       56            632875.73       877807.54      1510683.27
1980-1989       57            609507.47       860230.94      1469738.41
1980-1989       58            586818.40       836866.61      1423685.01
1980-1989       59            561331.13       802484.41      1363815.53
1980-1989       60            533004.10       758698.47      1291702.57
1980-1989       61            504749.86       711811.65      1216561.51
1980-1989       62            478411.88       664340.22      1142752.10
1980-1989       63            451987.83       616328.83      1068316.66
1980-1989       64            425530.26       567294.47       992824.73
1980-1989       65            402132.16       523398.64       925530.80
1980-1989       66            381555.62       486344.81       867900.43
1980-1989       67            361530.28       454059.27       815589.55
1980-1989       68            339479.35       417256.13       756735.48
1980-1989       69            319125.39       379863.16       698988.54
1980-1989       70            301548.33       346808.61       648356.93
1980-1989       71            282546.60       315223.15       597769.75
1980-1989       72            263392.87       285136.47       548529.34
1980-1989       73            245136.56       255715.62       500852.18
1980-1989       74            226791.14       228175.30       454966.44
1980-1989       75            206642.53       199282.56       405925.09
1980-1989       76            185587.36       171100.51       356687.87
1980-1989       77            165328.99       144872.35       310201.34
1980-1989       78            145812.38       121959.87       267772.25
1980-1989       79            127912.51       103190.33       231102.84
1980-1989       80            106501.34        80417.00       186918.34
1980-1989       81             91737.23        66740.16       158477.39
1980-1989       82             78287.53        54584.10       132871.63
1980-1989       83             65743.80        43904.19       109648.00
1980-1989       84             54407.82        34975.85        89383.67
1980-1989       85             44622.81        27617.45        72240.26
1980-1989       86             36219.68        21483.27        57702.95
1980-1989       87             28895.00        16392.88        45287.88
1980-1989       88             22688.10        12363.89        35051.99
1980-1989       89             17497.84         9236.69        26734.53
1980-1989       90             13283.34         6817.13        20100.46
1980-1989       91              9970.84         4994.71        14965.55
1980-1989       92              7380.18         3634.23        11014.41
1980-1989       93              5402.74         2634.33         8037.07
1980-1989       94              3892.74         1935.03         5827.77
1980-1989       95              2724.85         1386.37         4111.22
1980-1989       96              1859.96          950.34         2810.31
1980-1989       97              1243.28          643.84         1887.13
1980-1989       98               815.18          427.35         1242.53
1980-1989       99               524.99          278.83          803.82
1980-1989      100               329.95          179.93          509.88
1980-1989      101               201.53          113.53          315.06
1980-1989      102               119.20           69.19          188.40
1980-1989      103                67.89           40.56          108.45
1980-1989      104                36.56           22.31           58.88
1980-1989      105                17.63           10.73           28.36
1980-1989      106                 6.45            3.41            9.86
1980-1989      107                 0.74            0.15            0.88
1980-1989      108                 0.00            0.00            0.00
1980-1989      109                 0.00            0.00            0.00
1980-1989      110+                0.00            0.00            0.00
1990-1999        0           1434644.05      1560874.46      2995518.51
1990-1999        1           1543831.24      1674617.94      3218449.18
1990-1999        2           1561507.43      1691894.71      3253402.13
1990-1999        3           1559234.77      1689401.70      3248636.47
1990-1999        4           1562999.61      1692574.20      3255573.81
1990-1999        5           1575436.34      1705203.88      3280640.21
1990-1999        6           1590565.93      1718886.21      3309452.14
1990-1999        7           1622395.35      1747905.62      3370300.97
1990-1999        8           1662764.82      1785582.07      3448346.90
1990-1999        9           1702361.42      1821942.98      3524304.41
1990-1999       10           1745240.44      1863275.83      3608516.27
1990-1999       11           1782431.11      1898141.12      3680572.23
1990-1999       12           1816879.39      1933164.87      3750044.27
1990-1999       13           1868899.70      1987379.56      3856279.26
1990-1999       14           1897740.85      2013483.31      3911224.16
1990-1999       15           1898491.91      2011070.03      3909561.93
1990-1999       16           1892317.09      1998672.15      3890989.24
1990-1999       17           1876205.92      1978539.73      3854745.66
1990-1999       18           1859230.70      1957990.62      3817221.33
1990-1999       19           1843649.38      1935050.95      3778700.33
1990-1999       20           1827872.22      1917161.83      3745034.05
1990-1999       21           1814386.84      1902009.46      3716396.30
1990-1999       22           1806667.68      1895915.27      3702582.94
1990-1999       23           1791266.63      1880604.21      3671870.83
1990-1999       24           1796065.24      1884719.78      3680785.02
1990-1999       25           1814261.07      1902866.16      3717127.23
1990-1999       26           1835191.11      1922690.81      3757881.92
1990-1999       27           1855372.39      1941371.78      3796744.17
1990-1999       28           1870005.74      1956335.86      3826341.61
1990-1999       29           1879528.42      1964968.01      3844496.43
1990-1999       30           1883826.22      1969791.95      3853618.17
1990-1999       31           1885184.45      1967826.88      3853011.33
1990-1999       32           1883746.31      1963381.54      3847127.84
1990-1999       33           1878669.20      1955608.25      3834277.45
1990-1999       34           1866196.60      1942467.04      3808663.63
1990-1999       35           1845967.47      1920321.60      3766289.07
1990-1999       36           1816602.09      1888004.48      3704606.57
1990-1999       37           1783526.37      1851206.56      3634732.93
1990-1999       38           1750923.83      1815627.99      3566551.82
1990-1999       39           1708605.34      1770903.67      3479509.00
1990-1999       40           1649615.58      1709068.34      3358683.91
1990-1999       41           1583903.49      1641143.07      3225046.56
1990-1999       42           1511580.77      1565290.42      3076871.20
1990-1999       43           1427159.76      1477530.61      2904690.37
1990-1999       44           1329265.83      1373640.78      2702906.60
1990-1999       45           1237994.00      1277876.35      2515870.35
1990-1999       46           1161652.01      1197518.02      2359170.03
1990-1999       47           1091318.15      1122330.65      2213648.80
1990-1999       48           1018898.47      1047900.70      2066799.17
1990-1999       49            958958.64       982417.98      1941376.62
1990-1999       50            913980.35       932799.70      1846780.05
1990-1999       51            878418.99       890524.80      1768943.79
1990-1999       52            853117.67       861964.72      1715082.39
1990-1999       53            841953.25       846271.85      1688225.10
1990-1999       54            841038.79       842184.08      1683222.88
1990-1999       55            833592.53       832558.24      1666150.77
1990-1999       56            817059.22       816178.01      1633237.23
1990-1999       57            797278.33       801964.12      1599242.45
1990-1999       58            775906.57       791303.49      1567210.06
1990-1999       59            752546.68       785018.10      1537564.78
1990-1999       60            726234.17       780700.76      1506934.92
1990-1999       61            701708.41       778273.95      1479982.36
1990-1999       62            677426.34       776394.68      1453821.02
1990-1999       63            652178.02       773389.88      1425567.90
1990-1999       64            626263.37       767927.89      1394191.26
1990-1999       65            599476.27       756027.45      1355503.72
1990-1999       66            570786.37       736589.91      1307376.28
1990-1999       67            543589.02       712814.94      1256403.96
1990-1999       68            516703.62       682845.02      1199548.64
1990-1999       69            487017.09       643142.70      1130159.80
1990-1999       70            454821.29       595463.22      1050284.51
1990-1999       71            423331.01       546076.88       969407.89
1990-1999       72            393108.87       497001.08       890109.94
1990-1999       73            363305.84       447804.87       811110.71
1990-1999       74            333351.79       399683.26       733035.05
1990-1999       75            304955.59       354681.09       659636.68
1990-1999       76            280392.36       316998.42       597390.78
1990-1999       77            256348.45       282460.14       538808.59
1990-1999       78            231597.35       246771.74       478369.09
1990-1999       79            207091.47       212641.79       419733.25
1990-1999       80            180442.09       169238.64       349680.72
1990-1999       81            160038.64       143637.11       303675.76
1990-1999       82            140236.24       120347.04       260583.28
1990-1999       83            121678.63        99714.21       221392.84
1990-1999       84            104381.68        81528.31       185909.99
1990-1999       85             87583.28        65138.81       152722.09
1990-1999       86             71837.88        50814.44       122652.33
1990-1999       87             57861.96        38777.50        96639.46
1990-1999       88             45835.77        29096.53        74932.30
1990-1999       89             35771.14        21648.99        57420.13
1990-1999       90             27460.69        15992.12        43452.81
1990-1999       91             20786.80        11630.84        32417.64
1990-1999       92             15510.19         8276.53        23786.72
1990-1999       93             11317.91         5772.60        17090.52
1990-1999       94              8038.15         3951.11        11989.26
1990-1999       95              5577.83         2650.04         8227.87
1990-1999       96              3808.78         1754.66         5563.44
1990-1999       97              2528.65         1126.86         3655.51
1990-1999       98              1630.19          702.40         2332.59
1990-1999       99              1026.32          427.85         1454.17
1990-1999      100               636.53          254.83          891.36
1990-1999      101               381.92          146.46          528.38
1990-1999      102               218.18           80.54          298.73
1990-1999      103               119.70           41.50          161.20
1990-1999      104                62.04           18.76           80.80
1990-1999      105                29.35            6.14           35.49
1990-1999      106                11.42            0.83           12.25
1990-1999      107                 2.49            0.00            2.49
1990-1999      108                 0.10            0.00            0.10
1990-1999      109                 0.00            0.00            0.00
1990-1999      110+                0.00            0.00            0.00
2000-2009        0           1047264.99      1147322.52      2194587.51
2000-2009        1           1140499.09      1247632.77      2388131.86
2000-2009        2           1188553.74      1298811.17      2487364.91
2000-2009        3           1244689.24      1359118.31      2603807.54
2000-2009        4           1300785.62      1418874.95      2719660.56
2000-2009        5           1355274.38      1476217.41      2831491.79
2000-2009        6           1406361.98      1529436.98      2935798.96
2000-2009        7           1447247.47      1572880.43      3020127.89
2000-2009        8           1479942.26      1609652.39      3089594.64
2000-2009        9           1497642.92      1630835.29      3128478.22
2000-2009       10           1512740.11      1647193.50      3159933.62
2000-2009       11           1542014.81      1677628.65      3219643.46
2000-2009       12           1551217.51      1686252.19      3237469.71
2000-2009       13           1542085.02      1674238.99      3216324.01
2000-2009       14           1541795.06      1671065.02      3212860.07
2000-2009       15           1556790.87      1683944.03      3240734.90
2000-2009       16           1577492.35      1702020.25      3279512.60
2000-2009       17           1609650.21      1729595.78      3339245.99
2000-2009       18           1652323.16      1767291.79      3419614.95
2000-2009       19           1693215.85      1801226.43      3494442.27
2000-2009       20           1736454.20      1837446.38      3573900.58
2000-2009       21           1773488.10      1871570.47      3645058.57
2000-2009       22           1809380.90      1903878.34      3713259.24
2000-2009       23           1865024.13      1955902.73      3820926.86
2000-2009       24           1898943.00      1983411.96      3882354.96
2000-2009       25           1906687.89      1982258.57      3888946.46
2000-2009       26           1905201.12      1972820.69      3878021.81
2000-2009       27           1893172.55      1953889.91      3847062.45
2000-2009       28           1877715.48      1930848.26      3808563.75
2000-2009       29           1864166.32      1911617.84      3775784.16
2000-2009       30           1851611.81      1894234.70      3745846.51
2000-2009       31           1840202.31      1878827.23      3719029.53
2000-2009       32           1832370.55      1869412.83      3701783.37
2000-2009       33           1815413.74      1851346.76      3666760.50
2000-2009       34           1819167.64      1854404.02      3673571.66
2000-2009       35           1832575.73      1869600.88      3702176.61
2000-2009       36           1851071.66      1889741.04      3740812.70
2000-2009       37           1868099.67      1909253.84      3777353.51
2000-2009       38           1878759.96      1922603.05      3801363.01
2000-2009       39           1882802.01      1927927.61      3810729.61
2000-2009       40           1884205.96      1929627.20      3813833.16
2000-2009       41           1880920.02      1924653.74      3805573.76
2000-2009       42           1874937.59      1915194.95      3790132.54
2000-2009       43           1865421.54      1901696.77      3767118.30
2000-2009       44           1850891.30      1884158.66      3735049.97
2000-2009       45           1829639.58      1859006.44      3688646.02
2000-2009       46           1797950.70      1822766.22      3620716.92
2000-2009       47           1761332.33      1781911.26      3543243.59
2000-2009       48           1727118.70      1742944.10      3470062.80
2000-2009       49           1684475.55      1694334.16      3378809.70
2000-2009       50           1625936.42      1631559.05      3257495.47
2000-2009       51           1558658.82      1560278.30      3118937.13
2000-2009       52           1484425.74      1482378.03      2966803.77
2000-2009       53           1396576.25      1390566.20      2787142.45
2000-2009       54           1295539.50      1284877.98      2580417.48
2000-2009       55           1203365.33      1188703.11      2392068.43
2000-2009       56           1125339.39      1107930.92      2233270.31
2000-2009       57           1052404.76      1031769.60      2084174.36
2000-2009       58            979976.51       956205.21      1936181.73
2000-2009       59            919090.49       891934.30      1811024.79
2000-2009       60            873856.62       841246.67      1715103.30
2000-2009       61            835891.03       798039.60      1633930.63
2000-2009       62            808132.47       765014.19      1573146.65
2000-2009       63            792421.38       744287.91      1536709.29
2000-2009       64            786088.84       733250.56      1519339.40
2000-2009       65            775708.48       719227.68      1494936.16
2000-2009       66            754161.23       697829.41      1451990.64
2000-2009       67            728960.47       676810.86      1405771.33
2000-2009       68            702076.27       658945.04      1361021.31
2000-2009       69            672758.59       643864.18      1316622.77
2000-2009       70            641675.70       631108.63      1272784.33
2000-2009       71            611449.84       619028.56      1230478.40
2000-2009       72            580828.52       606024.32      1186852.84
2000-2009       73            549952.72       590857.13      1140809.85
2000-2009       74            518527.69       573421.20      1091948.89
2000-2009       75            484725.75       549499.07      1034224.82
2000-2009       76            450852.80       518926.62       969779.41
2000-2009       77            418174.08       484687.34       902861.42
2000-2009       78            385749.16       446341.26       832090.42
2000-2009       79            351867.55       402461.83       754329.38
2000-2009       80            313982.29       344511.93       658494.23
2000-2009       81            279546.21       298214.32       577760.53
2000-2009       82            246679.44       254504.30       501183.75
2000-2009       83            214972.31       213393.16       428365.47
2000-2009       84            185481.79       176367.95       361849.73
2000-2009       85            158899.33       144682.46       303581.79
2000-2009       86            135000.96       118170.86       253171.82
2000-2009       87            113168.17        95412.87       208581.04
2000-2009       88             92644.39        75029.43       167673.82
2000-2009       89             74730.73        57853.51       132584.24
2000-2009       90             59685.09        44111.02       103796.10
2000-2009       91             46765.98        33147.83        79913.81
2000-2009       92             35756.87        24384.01        60140.88
2000-2009       93             26864.21        17587.94        44452.15
2000-2009       94             19811.13        12451.46        32262.58
2000-2009       95             14128.23         8563.54        22691.77
2000-2009       96              9780.99         5726.24        15507.22
2000-2009       97              6606.18         3689.55        10295.73
2000-2009       98              4368.59         2318.89         6687.47
2000-2009       99              2859.69         1474.62         4334.31
2000-2009      100              1802.85          913.31         2716.16
2000-2009      101              1094.18          539.48         1633.66
2000-2009      102               649.35          308.36          957.70
2000-2009      103               371.81          169.19          541.01
2000-2009      104               205.49           88.67          294.16
2000-2009      105               109.31           43.20          152.51
2000-2009      106                54.66           18.05           72.71
2000-2009      107                24.34            5.64           29.97
2000-2009      108                 8.14            0.89            9.03
2000-2009      109                 1.16            0.00            1.16
2000-2009      110+                0.00            0.00            0.00
2010-2014        0            450889.32       486177.07       937066.40
2010-2014        1            482161.64       521398.95      1003560.59
2010-2014        2            471552.52       512015.37       983567.89
2010-2014        3            464658.04       506422.22       971080.25
2010-2014        4            477090.11       520748.57       997838.68
2010-2014        5            491812.87       537795.77      1029608.63
2010-2014        6            503205.38       551561.90      1054767.28
2010-2014        7            519034.50       569273.72      1088308.21
2010-2014        8            539265.28       590883.93      1130149.21
2010-2014        9            578085.77       632834.91      1210920.68
2010-2014       10            614192.56       671938.08      1286130.64
2010-2014       11            639572.16       698120.07      1337692.23
2010-2014       12            669836.32       729604.77      1399441.09
2010-2014       13            705636.05       767944.21      1473580.26
2010-2014       14            722320.66       784807.36      1507128.02
2010-2014       15            739724.99       801647.96      1541372.95
2010-2014       16            764843.69       827637.56      1592481.25
2010-2014       17            775246.88       838579.24      1613826.13
2010-2014       18            772398.19       836434.24      1608832.43
2010-2014       19            773756.64       839569.57      1613326.21
2010-2014       20            771158.09       836544.35      1607702.44
2010-2014       21            774043.35       839265.06      1613308.41
2010-2014       22            771986.63       835765.12      1607751.75
2010-2014       23            766601.51       825519.90      1592121.41
2010-2014       24            767559.67       818540.77      1586100.44
2010-2014       25            788895.75       832158.65      1621054.41
2010-2014       26            812097.04       847296.44      1659393.48
2010-2014       27            854336.58       880191.98      1734528.56
2010-2014       28            911184.23       928400.17      1839584.40
2010-2014       29            960501.52       969991.75      1930493.27
2010-2014       30            992278.20       994405.58      1986683.78
2010-2014       31           1015787.97      1012731.48      2028519.46
2010-2014       32           1017969.53      1010838.93      2028808.46
2010-2014       33           1022643.09      1012569.66      2035212.75
2010-2014       34           1008756.57       996695.72      2005452.29
2010-2014       35            983598.71       969411.56      1953010.27
2010-2014       36            956004.76       939981.43      1895986.19
2010-2014       37            937890.17       921998.16      1859888.33
2010-2014       38            911923.61       895553.64      1807477.25
2010-2014       39            905470.89       890073.62      1795544.51
2010-2014       40            910475.76       897483.87      1807959.63
2010-2014       41            919563.51       908937.93      1828501.44
2010-2014       42            922378.56       915661.57      1838040.13
2010-2014       43            924498.75       921265.26      1845764.02
2010-2014       44            928367.10       926429.10      1854796.19
2010-2014       45            931542.83       930449.43      1861992.26
2010-2014       46            936552.89       935163.90      1871716.78
2010-2014       47            946950.62       943769.77      1890720.39
2010-2014       48            952255.46       947323.98      1899579.44
2010-2014       49            949564.86       943767.17      1893332.03
2010-2014       50            945532.84       937437.99      1882970.82
2010-2014       51            934845.62       923894.07      1858739.69
2010-2014       52            916582.66       903020.48      1819603.14
2010-2014       53            900277.93       882929.27      1783207.20
2010-2014       54            886702.31       866223.90      1752926.21
2010-2014       55            868197.09       844846.97      1713044.05
2010-2014       56            845804.22       819550.20      1665354.42
2010-2014       57            825366.42       797171.25      1622537.66
2010-2014       58            805801.17       775543.75      1581344.92
2010-2014       59            774566.88       742024.08      1516590.96
2010-2014       60            732830.09       699113.60      1431943.69
2010-2014       61            686319.68       652229.38      1338549.06
2010-2014       62            631124.67       597260.45      1228385.12
2010-2014       63            561662.69       528950.63      1090613.32
2010-2014       64            491290.20       459610.05       950900.25
2010-2014       65            439628.82       408117.10       847745.92
2010-2014       66            405786.16       374018.10       779804.26
2010-2014       67            385311.94       351906.57       737218.52
2010-2014       68            379176.11       342903.44       722079.55
2010-2014       69            384796.20       344630.87       729427.07
2010-2014       70            386448.27       341289.01       727737.28
2010-2014       71            377493.12       328239.85       705732.97
2010-2014       72            364925.01       312466.88       677391.89
2010-2014       73            349646.96       294555.09       644202.05
2010-2014       74            331420.25       275240.75       606661.00
2010-2014       75            312491.81       257717.33       570209.15
2010-2014       76            294111.12       242554.56       536665.68
2010-2014       77            275529.69       230187.15       505716.84
2010-2014       78            257850.44       221314.36       479164.80
2010-2014       79            240848.76       215220.27       456069.03
2010-2014       80            221632.89       208598.44       430231.33
2010-2014       81            204388.50       200021.97       404410.46
2010-2014       82            187215.53       188384.21       375599.75
2010-2014       83            169294.03       173037.61       342331.64
2010-2014       84            150448.56       154105.07       304553.62
2010-2014       85            131761.24       133031.33       264792.57
2010-2014       86            113721.17       111661.10       225382.27
2010-2014       87             96743.14        91726.59       188469.73
2010-2014       88             81463.53        74094.97       155558.50
2010-2014       89             67387.27        58709.31       126096.57
2010-2014       90             54342.45        45593.78        99936.23
2010-2014       91             42938.84        34870.60        77809.44
2010-2014       92             33297.86        26194.51        59492.38
2010-2014       93             24916.42        19011.35        43927.77
2010-2014       94             18251.57        13547.29        31798.86
2010-2014       95             13318.84         9683.79        23002.62
2010-2014       96              9593.15         6949.81        16542.96
2010-2014       97              6767.27         4950.67        11717.94
2010-2014       98              4687.70         3470.41         8158.11
2010-2014       99              3155.59         2381.67         5537.26
2010-2014      100              2017.26         1555.35         3572.60
2010-2014      101              1240.01          961.78         2201.79
2010-2014      102               732.40          565.75         1298.15
2010-2014      103               418.82          320.32          739.14
2010-2014      104               232.59          179.55          412.13
2010-2014      105               124.01           98.30          222.31
2010-2014      106                63.32           50.85          114.17
2010-2014      107                30.54           24.31           54.85
2010-2014      108                13.13            9.94           23.07
2010-2014      109                 4.41            2.92            7.32
2010-2014      110+                0.49            0.38            0.87
