The United States of America, Exposure to risk (period 1x10), 	Last modified: 04 May 2018;  Methods Protocol: v6 (2017)

  Year          Age             Female            Male           Total
1933-1939        0           6775403.24      7029634.64     13805037.88
1933-1939        1           6766435.67      6945961.13     13712396.80
1933-1939        2           7240102.76      7408765.98     14648868.74
1933-1939        3           7344463.97      7523792.45     14868256.42
1933-1939        4           7407868.84      7590013.87     14997882.71
1933-1939        5           7650418.59      7928973.65     15579392.24
1933-1939        6           7799558.08      8089636.18     15889194.26
1933-1939        7           7938304.94      8230316.58     16168621.52
1933-1939        8           8073514.17      8355805.22     16429319.38
1933-1939        9           8200065.35      8460174.94     16660240.29
1933-1939       10           8328541.49      8560095.72     16888637.20
1933-1939       11           8448014.65      8646350.14     17094364.79
1933-1939       12           8530597.03      8695894.14     17226491.17
1933-1939       13           8567404.61      8698559.10     17265963.71
1933-1939       14           8565247.13      8660218.38     17225465.51
1933-1939       15           8529111.73      8584993.09     17114104.81
1933-1939       16           8468977.27      8481277.51     16950254.77
1933-1939       17           8392707.07      8358001.95     16750709.02
1933-1939       18           8313082.64      8229129.64     16542212.27
1933-1939       19           8239938.25      8112050.38     16351988.63
1933-1939       20           8174305.60      8011016.29     16185321.90
1933-1939       21           8113712.90      7924022.75     16037735.64
1933-1939       22           8053029.98      7845564.83     15898594.80
1933-1939       23           7985810.40      7766642.34     15752452.75
1933-1939       24           7907088.69      7680235.03     15587323.71
1933-1939       25           7814024.38      7583953.35     15397977.74
1933-1939       26           7704179.42      7477353.14     15181532.56
1933-1939       27           7579819.23      7363010.73     14942829.96
1933-1939       28           7446811.77      7245950.34     14692762.11
1933-1939       29           7311496.59      7130721.21     14442217.80
1933-1939       30           7178189.32      7019248.75     14197438.07
1933-1939       31           7050705.31      6913280.63     13963985.94
1933-1939       32           6929347.25      6812478.68     13741825.93
1933-1939       33           6810727.80      6714577.27     13525305.07
1933-1939       34           6691363.82      6617922.28     13309286.10
1933-1939       35           6574012.12      6526401.11     13100413.23
1933-1939       36           6464162.72      6446081.53     12910244.25
1933-1939       37           6367533.18      6382325.00     12749858.18
1933-1939       38           6286395.47      6336278.41     12622673.88
1933-1939       39           6219757.65      6304989.38     12524747.03
1933-1939       40           6159860.53      6281909.11     12441769.64
1933-1939       41           6094363.95      6252525.51     12346889.46
1933-1939       42           6011645.34      6206050.73     12217696.07
1933-1939       43           5906208.69      6136668.38     12042877.07
1933-1939       44           5777483.73      6043555.55     11821039.28
1933-1939       45           5629728.40      5929463.87     11559192.27
1933-1939       46           5470705.07      5800595.12     11271300.19
1933-1939       47           5307480.39      5661712.53     10969192.91
1933-1939       48           5144179.75      5515461.73     10659641.48
1933-1939       49           4981823.94      5362102.10     10343926.04
1933-1939       50           4819107.27      5200023.89     10019131.17
1933-1939       51           4655291.53      5029498.98      9684790.50
1933-1939       52           4490542.12      4851803.13      9342345.25
1933-1939       53           4327252.01      4671358.04      8998610.05
1933-1939       54           4168307.05      4492601.83      8660908.88
1933-1939       55           4015278.85      4317502.48      8332781.33
1933-1939       56           3867614.85      4145789.58      8013404.43
1933-1939       57           3723957.31      3976360.40      7700317.71
1933-1939       58           3581587.15      3807156.57      7388743.72
1933-1939       59           3438557.75      3636968.88      7075526.62
1933-1939       60           3296087.47      3468256.16      6764343.62
1933-1939       61           3155763.99      3303417.05      6459181.04
1933-1939       62           3018769.89      3144385.16      6163155.04
1933-1939       63           2884182.85      2990136.24      5874319.08
1933-1939       64           2750264.02      2838530.07      5588794.09
1933-1939       65           2614132.39      2686595.91      5300728.30
1933-1939       66           2473084.09      2531289.67      5004373.76
1933-1939       67           2326375.84      2371378.00      4697753.84
1933-1939       68           2176577.49      2208504.01      4385081.50
1933-1939       69           2026089.42      2045292.74      4071382.16
1933-1939       70           1877414.93      1883781.41      3761196.34
1933-1939       71           1733745.78      1727449.21      3461194.99
1933-1939       72           1596150.56      1577941.11      3174091.67
1933-1939       73           1465058.91      1436305.44      2901364.35
1933-1939       74           1340957.04      1303300.64      2644257.68
1933-1939       75           1246918.64      1199321.46      2446240.09
1933-1939       76           1131114.72      1076697.76      2207812.48
1933-1939       77           1015529.82       955729.25      1971259.07
1933-1939       78            900428.21       837024.52      1737452.72
1933-1939       79            788266.38       722904.76      1511171.15
1933-1939       80            710942.18       625685.39      1336627.56
1933-1939       81            609164.41       527048.02      1136212.43
1933-1939       82            516657.68       438576.90       955234.58
1933-1939       83            433573.20       360463.20       794036.40
1933-1939       84            360054.87       292643.30       652698.17
1933-1939       85            295830.22       234604.35       530434.56
1933-1939       86            240567.48       185961.91       426529.39
1933-1939       87            193221.48       145485.18       338706.66
1933-1939       88            153041.38       112159.56       265200.94
1933-1939       89            119370.58        85066.02       204436.60
1933-1939       90             91584.60        63398.94       154983.54
1933-1939       91             69424.93        46679.56       116104.49
1933-1939       92             52038.08        34035.78        86073.87
1933-1939       93             38648.20        24702.52        63350.71
1933-1939       94             28506.60        17899.51        46406.10
1933-1939       95             20859.82        12877.64        33737.46
1933-1939       96             15235.09         9212.56        24447.65
1933-1939       97             11166.59         6578.70        17745.29
1933-1939       98              8263.74         4752.84        13016.58
1933-1939       99              6162.08         3480.82         9642.91
1933-1939      100              4406.20         2437.08         6843.27
1933-1939      101              3009.42         1621.17         4630.59
1933-1939      102              2025.73         1066.13         3091.85
1933-1939      103              1348.12          694.52         2042.64
1933-1939      104               888.75          448.04         1336.79
1933-1939      105               577.07          284.23          861.30
1933-1939      106               366.63          176.42          543.05
1933-1939      107               228.08          107.58          335.66
1933-1939      108               139.75           63.61          203.36
1933-1939      109                84.38           35.28          119.66
1933-1939      110+              103.06           31.63          134.68
1940-1949        0          12924098.68     13543279.43     26467378.11
1940-1949        1          12658410.00     13158572.61     25816982.61
1940-1949        2          12980843.98     13389821.42     26370665.40
1940-1949        3          12447107.08     12821490.71     25268597.79
1940-1949        4          12082391.24     12498230.05     24580621.28
1940-1949        5          11605930.79     11988441.85     23594372.64
1940-1949        6          11251202.17     11603544.28     22854746.45
1940-1949        7          10871093.66     11194086.85     22065180.51
1940-1949        8          10623394.77     10917945.41     21541340.18
1940-1949        9          10481711.75     10776882.66     21258594.41
1940-1949       10          10680322.67     11073719.76     21754042.43
1940-1949       11          10741050.69     11144828.90     21885879.59
1940-1949       12          10857541.58     11257066.14     22114607.72
1940-1949       13          11033615.16     11419587.32     22453202.48
1940-1949       14          11238541.16     11588836.00     22827377.15
1940-1949       15          11410645.54     11632985.34     23043630.87
1940-1949       16          11559598.35     11699208.80     23258807.15
1940-1949       17          11693543.26     11754041.46     23447584.73
1940-1949       18          11789357.29     10376669.74     22166027.03
1940-1949       19          11833100.01     10126440.51     21959540.51
1940-1949       20          11814581.80     10115944.21     21930526.01
1940-1949       21          11885582.63     10219931.34     22105513.97
1940-1949       22          11932098.54     10320111.11     22252209.65
1940-1949       23          11967630.10     10428620.05     22396250.15
1940-1949       24          11990836.09     10541379.51     22532215.60
1940-1949       25          12067922.51     10674910.59     22742833.10
1940-1949       26          11999899.51     10689459.40     22689358.91
1940-1949       27          11888471.06     10658237.27     22546708.33
1940-1949       28          11740039.86     10587409.70     22327449.56
1940-1949       29          11580014.97     10504123.04     22084138.01
1940-1949       30          11326949.70     10358179.57     21685129.27
1940-1949       31          11156674.38     10278402.06     21435076.44
1940-1949       32          11006094.70     10206181.22     21212275.92
1940-1949       33          10871516.05     10139735.95     21011252.00
1940-1949       34          10738615.98     10062145.80     20800761.78
1940-1949       35          10677806.77     10021668.67     20699475.45
1940-1949       36          10559861.08      9968633.87     20528494.95
1940-1949       37          10417955.48      9898156.00     20316111.48
1940-1949       38          10261185.00      9818434.32     20079619.33
1940-1949       39          10094812.90      9732859.04     19827671.93
1940-1949       40           9866345.15      9619261.89     19485607.04
1940-1949       41           9637965.52      9487517.15     19125482.67
1940-1949       42           9427968.26      9353281.18     18781249.44
1940-1949       43           9236895.56      9220408.30     18457303.86
1940-1949       44           9065418.29      9092223.63     18157641.92
1940-1949       45           8939552.14      8985849.38     17925401.51
1940-1949       46           8796875.20      8866236.77     17663111.96
1940-1949       47           8655798.56      8753962.76     17409761.32
1940-1949       48           8505706.40      8639197.45     17144903.84
1940-1949       49           8337730.79      8512493.61     16850224.40
1940-1949       50           8107509.62      8331302.85     16438812.47
1940-1949       51           7873703.21      8121219.36     15994922.57
1940-1949       52           7632697.67      7897708.96     15530406.63
1940-1949       53           7386258.28      7658117.41     15044375.68
1940-1949       54           7135766.95      7402939.23     14538706.18
1940-1949       55           6890843.62      7123745.06     14014588.68
1940-1949       56           6646489.93      6868170.46     13514660.39
1940-1949       57           6395114.09      6602892.47     12998006.56
1940-1949       58           6142384.56      6333587.19     12475971.75
1940-1949       59           5890247.51      6061725.77     11951973.28
1940-1949       60           5678399.34      5837751.33     11516150.67
1940-1949       61           5511601.59      5633966.82     11145568.41
1940-1949       62           5346866.74      5423742.22     10770608.96
1940-1949       63           5180284.94      5207872.05     10388156.99
1940-1949       64           5010154.91      4988247.85      9998402.76
1940-1949       65           4832770.02      4758751.61      9591521.63
1940-1949       66           4606575.16      4499699.50      9106274.66
1940-1949       67           4372002.51      4241187.76      8613190.27
1940-1949       68           4130110.32      3982377.56      8112487.88
1940-1949       69           3885555.39      3726737.02      7612292.41
1940-1949       70           3599126.56      3445750.42      7044876.99
1940-1949       71           3304863.68      3152082.85      6456946.53
1940-1949       72           3024094.06      2870216.47      5894310.53
1940-1949       73           2755626.96      2599207.42      5354834.38
1940-1949       74           2495800.57      2336411.60      4832212.17
1940-1949       75           2260427.48      2084869.09      4345296.57
1940-1949       76           2056715.98      1869485.62      3926201.60
1940-1949       77           1857525.27      1663193.86      3520719.13
1940-1949       78           1664171.18      1467411.13      3131582.31
1940-1949       79           1477059.88      1282683.26      2759743.14
1940-1949       80           1363433.48      1128309.01      2491742.48
1940-1949       81           1184969.59       964852.62      2149822.21
1940-1949       82           1019210.79       815877.00      1835087.78
1940-1949       83            865750.37       680324.80      1546075.17
1940-1949       84            726451.91       559423.10      1285875.00
1940-1949       85            602472.56       454018.53      1056491.09
1940-1949       86            493527.75       363641.52       857169.26
1940-1949       87            397451.00       285774.90       683225.90
1940-1949       88            313154.30       219337.88       532492.18
1940-1949       89            241040.02       164222.86       405262.88
1940-1949       90            182040.15       120411.14       302451.29
1940-1949       91            136148.40        87416.14       223564.54
1940-1949       92            100776.22        62980.82       163757.04
1940-1949       93             73709.49        45148.38       118857.87
1940-1949       94             53359.81        32290.43        85650.24
1940-1949       95             38291.97        22945.76        61237.73
1940-1949       96             27435.55        16266.57        43702.11
1940-1949       97             19704.89        11559.62        31264.51
1940-1949       98             14278.77         8299.75        22578.52
1940-1949       99             10366.19         5966.55        16332.74
1940-1949      100              7170.39         4096.20        11266.59
1940-1949      101              4768.27         2706.87         7475.14
1940-1949      102              3156.19         1778.83         4935.02
1940-1949      103              2070.89         1160.38         3231.27
1940-1949      104              1343.69          748.86         2092.54
1940-1949      105               863.36          479.52         1342.88
1940-1949      106               552.02          305.24          857.25
1940-1949      107               355.63          192.90          548.53
1940-1949      108               232.55          121.98          354.53
1940-1949      109               153.28           77.14          230.42
1940-1949      110+              338.98          142.66          481.64
1950-1959        0          18117181.88     18778848.48     36896030.36
1950-1959        1          18034820.81     18758709.75     36793530.56
1950-1959        2          18169348.08     18785945.81     36955293.89
1950-1959        3          18050556.26     18651684.66     36702240.92
1950-1959        4          17459941.46     18166940.61     35626882.07
1950-1959        5          16796389.94     17405370.19     34201760.13
1950-1959        6          16252764.10     16820888.56     33073652.66
1950-1959        7          15897758.34     16527250.38     32425008.73
1950-1959        8          15270471.73     15821816.42     31092288.14
1950-1959        9          14708877.48     15257100.23     29965977.71
1950-1959       10          14328911.11     14894848.93     29223760.04
1950-1959       11          13775552.16     14303295.60     28078847.76
1950-1959       12          13191476.35     13684221.44     26875697.79
1950-1959       13          12434760.01     12858409.24     25293169.24
1950-1959       14          12234375.18     12625080.00     24859455.18
1950-1959       15          11787893.19     12017441.22     23805334.41
1950-1959       16          11414288.60     11612857.80     23027146.40
1950-1959       17          11092140.64     11264521.44     22356662.08
1950-1959       18          10898053.94     10488349.47     21386403.41
1950-1959       19          10703166.14     10150366.91     20853533.05
1950-1959       20          10737837.40      9857984.16     20595821.55
1950-1959       21          10874483.11      9797177.44     20671660.55
1950-1959       22          10881427.00      9713426.64     20594853.64
1950-1959       23          11180709.67     10154793.71     21335503.37
1950-1959       24          11327459.35     10445366.35     21772825.70
1950-1959       25          11397854.51     10723473.58     22121328.10
1950-1959       26          11844093.01     11327085.57     23171178.59
1950-1959       27          12199626.52     11770059.73     23969686.26
1950-1959       28          12007082.47     11475950.11     23483032.58
1950-1959       29          12136156.16     11529632.46     23665788.62
1950-1959       30          12329702.92     11719618.38     24049321.30
1950-1959       31          12380111.53     11834432.38     24214543.91
1950-1959       32          12194890.54     11571383.00     23766273.54
1950-1959       33          12352687.45     11733849.53     24086536.98
1950-1959       34          12400302.73     11815554.84     24215857.57
1950-1959       35          12228194.75     11650634.77     23878829.52
1950-1959       36          12219825.03     11657910.47     23877735.50
1950-1959       37          12199120.46     11682680.73     23881801.19
1950-1959       38          11876013.58     11368290.03     23244303.61
1950-1959       39          11633927.32     11197102.35     22831029.67
1950-1959       40          11443279.72     11037455.77     22480735.49
1950-1959       41          11261328.63     10939468.11     22200796.74
1950-1959       42          11010954.44     10704388.26     21715342.70
1950-1959       43          10858399.81     10572173.49     21430573.30
1950-1959       44          10709346.13     10448730.08     21158076.21
1950-1959       45          10541272.51     10285539.08     20826811.59
1950-1959       46          10277874.09     10043676.43     20321550.52
1950-1959       47          10071792.53      9860016.80     19931809.33
1950-1959       48           9936142.81      9762208.91     19698351.72
1950-1959       49           9549488.65      9396770.72     18946259.37
1950-1959       50           9264841.78      9115018.26     18379860.04
1950-1959       51           9060327.59      8911732.36     17972059.95
1950-1959       52           8838750.06      8704587.03     17543337.09
1950-1959       53           8548461.40      8424201.75     16972663.15
1950-1959       54           8307132.59      8184349.28     16491481.87
1950-1959       55           8163691.21      8021743.65     16185434.86
1950-1959       56           7962657.49      7804052.25     15766709.74
1950-1959       57           7798065.85      7619229.94     15417295.78
1950-1959       58           7743462.71      7552412.10     15295874.81
1950-1959       59           7531615.57      7309509.02     14841124.59
1950-1959       60           7218951.81      6972389.09     14191340.90
1950-1959       61           7013039.68      6745099.96     13758139.63
1950-1959       62           6856103.35      6557527.70     13413631.04
1950-1959       63           6652801.67      6312262.49     12965064.17
1950-1959       64           6436325.32      6058410.74     12494736.06
1950-1959       65           6263959.10      5843660.64     12107619.74
1950-1959       66           6095340.39      5620661.12     11716001.51
1950-1959       67           5894002.41      5385200.99     11279203.40
1950-1959       68           5619222.12      5093102.70     10712324.81
1950-1959       69           5367951.35      4843967.57     10211918.92
1950-1959       70           4997888.01      4472193.88      9470081.89
1950-1959       71           4622328.08      4103988.99      8726317.07
1950-1959       72           4257883.41      3755858.89      8013742.30
1950-1959       73           3958241.23      3460458.75      7418699.98
1950-1959       74           3613001.57      3125750.40      6738751.98
1950-1959       75           3310741.45      2838120.22      6148861.68
1950-1959       76           3015174.40      2557535.37      5572709.77
1950-1959       77           2745186.96      2307235.00      5052421.96
1950-1959       78           2483249.81      2053013.31      4536263.12
1950-1959       79           2238274.04      1815732.69      4054006.73
1950-1959       80           2055772.44      1565822.77      3621595.21
1950-1959       81           1815801.46      1358634.67      3174436.13
1950-1959       82           1587295.30      1164709.11      2752004.41
1950-1959       83           1367488.74       983147.08      2350635.82
1950-1959       84           1157366.78       815672.35      1973039.12
1950-1959       85            963097.33       665003.67      1628101.00
1950-1959       86            791343.06       534468.07      1325811.13
1950-1959       87            641088.59       421967.59      1063056.19
1950-1959       88            514156.34       329297.76       843454.10
1950-1959       89            407040.68       253726.92       660767.61
1950-1959       90            314354.16       190949.94       505304.10
1950-1959       91            239143.44       141603.97       380747.41
1950-1959       92            179626.55       103312.67       282939.21
1950-1959       93            131584.18        73449.29       205033.47
1950-1959       94             94461.29        51244.37       145705.67
1950-1959       95             66515.16        35238.33       101753.48
1950-1959       96             46116.66        23876.27        69992.93
1950-1959       97             31392.03        15837.19        47229.22
1950-1959       98             20989.64        10407.78        31397.42
1950-1959       99             14063.73         6947.91        21011.64
1950-1959      100              9380.14         4632.76        14012.90
1950-1959      101              6282.52         3133.32         9415.84
1950-1959      102              4337.54         2223.35         6560.89
1950-1959      103              3042.53         1577.22         4619.75
1950-1959      104              2177.82         1148.18         3325.99
1950-1959      105              1552.28          849.91         2402.19
1950-1959      106              1136.30          627.02         1763.32
1950-1959      107               868.25          474.51         1342.76
1950-1959      108               675.52          368.69         1044.21
1950-1959      109               518.98          296.29          815.27
1950-1959      110+             1595.71         1005.49         2601.20
1960-1969        0          18645480.19     19355442.45     38000922.63
1960-1969        1          18876102.14     19545499.83     38421601.97
1960-1969        2          18964969.01     19656311.92     38621280.93
1960-1969        3          19368400.92     20037043.42     39405444.34
1960-1969        4          19808867.82     20537241.59     40346109.42
1960-1969        5          19904928.22     20642843.44     40547771.65
1960-1969        6          19875080.01     20526569.92     40401649.93
1960-1969        7          19866993.65     20556595.79     40423589.44
1960-1969        8          19331115.83     20038599.21     39369715.04
1960-1969        9          19194345.07     19922527.55     39116872.63
1960-1969       10          19350531.22     20082482.07     39433013.29
1960-1969       11          18733142.60     19420729.80     38153872.40
1960-1969       12          18484699.86     19173302.31     37658002.17
1960-1969       13          18116638.47     18715622.09     36832260.56
1960-1969       14          17957588.87     18555711.95     36513300.83
1960-1969       15          17192406.27     17813310.12     35005716.40
1960-1969       16          16466096.56     17015284.37     33481380.93
1960-1969       17          16163192.07     16566826.45     32730018.52
1960-1969       18          15810439.23     15837251.13     31647690.36
1960-1969       19          15119548.64     14670307.95     29789856.60
1960-1969       20          14825950.70     14001228.87     28827179.56
1960-1969       21          14064428.61     13208275.79     27272704.40
1960-1969       22          13435621.88     12664824.47     26100446.35
1960-1969       23          12717813.29     11976143.28     24693956.57
1960-1969       24          12632810.45     11954896.24     24587706.69
1960-1969       25          12270080.11     11728597.02     23998677.13
1960-1969       26          11881202.04     11411171.07     23292373.11
1960-1969       27          11627753.71     11162929.84     22790683.55
1960-1969       28          11443815.09     11004415.15     22448230.24
1960-1969       29          11317872.16     10908678.26     22226550.42
1960-1969       30          11593260.01     11198220.41     22791480.43
1960-1969       31          11323038.20     10937350.68     22260388.88
1960-1969       32          11421773.94     11005355.45     22427129.38
1960-1969       33          11500078.30     11061746.13     22561824.43
1960-1969       34          11782938.70     11297818.39     23080757.10
1960-1969       35          11919850.06     11397913.52     23317763.58
1960-1969       36          12117644.76     11540429.66     23658074.42
1960-1969       37          12306130.50     11684230.44     23990360.94
1960-1969       38          12430817.17     11783962.36     24214779.53
1960-1969       39          12523300.60     11867254.43     24390555.03
1960-1969       40          12583369.49     11924194.09     24507563.57
1960-1969       41          12569802.58     11912847.41     24482649.99
1960-1969       42          12501944.06     11846694.46     24348638.52
1960-1969       43          12389688.95     11742207.92     24131896.87
1960-1969       44          12253921.71     11619610.47     23873532.18
1960-1969       45          12091589.59     11483670.37     23575259.96
1960-1969       46          11899972.08     11308048.06     23208020.14
1960-1969       47          11682337.55     11111791.53     22794129.08
1960-1969       48          11455592.62     10910455.14     22366047.76
1960-1969       49          11219665.42     10698673.11     21918338.52
1960-1969       50          11006342.73     10498798.19     21505140.92
1960-1969       51          10771615.76     10270349.62     21041965.38
1960-1969       52          10578967.00     10077163.23     20656130.23
1960-1969       53          10431545.97      9916663.38     20348209.34
1960-1969       54          10291297.19      9754673.55     20045970.73
1960-1969       55          10129230.45      9562722.96     19691953.42
1960-1969       56           9940727.96      9345009.51     19285737.47
1960-1969       57           9690741.01      9059568.79     18750309.80
1960-1969       58           9364083.75      8704098.13     18068181.88
1960-1969       59           8992922.90      8299917.86     17292840.77
1960-1969       60           8646080.89      7918985.44     16565066.33
1960-1969       61           8279863.72      7520239.34     15800103.06
1960-1969       62           7980612.06      7174108.15     15154720.21
1960-1969       63           7762460.71      6887734.35     14650195.06
1960-1969       64           7610332.14      6652449.87     14262782.00
1960-1969       65           7464434.28      6430000.97     13894435.24
1960-1969       66           7326810.81      6207808.53     13534619.33
1960-1969       67           7168378.98      5985674.10     13154053.08
1960-1969       68           6953837.78      5739074.08     12692911.86
1960-1969       69           6721373.93      5488960.26     12210334.19
1960-1969       70           6453603.48      5214929.06     11668532.53
1960-1969       71           6158136.31      4926718.43     11084854.74
1960-1969       72           5835294.40      4624552.81     10459847.20
1960-1969       73           5485262.15      4304803.34      9790065.49
1960-1969       74           5113682.74      3967284.09      9080966.83
1960-1969       75           4735486.81      3628472.08      8363958.89
1960-1969       76           4346107.07      3289727.96      7635835.03
1960-1969       77           3964887.03      2959358.33      6924245.36
1960-1969       78           3586843.88      2634579.09      6221422.96
1960-1969       79           3229277.28      2327977.98      5557255.26
1960-1969       80           2979516.74      2039085.71      5018602.45
1960-1969       81           2635968.94      1765698.50      4401667.44
1960-1969       82           2318401.89      1518537.67      3836939.55
1960-1969       83           2021384.95      1293620.41      3315005.36
1960-1969       84           1740178.67      1086534.86      2826713.53
1960-1969       85           1475796.67       897710.51      2373507.17
1960-1969       86           1232395.22       729870.08      1962265.30
1960-1969       87           1015258.40       585570.02      1600828.42
1960-1969       88            824295.54       463218.99      1287514.53
1960-1969       89            658817.63       360353.90      1019171.53
1960-1969       90            517231.43       275479.03       792710.45
1960-1969       91            399802.33       207386.73       607189.06
1960-1969       92            303835.88       153269.20       457105.08
1960-1969       93            224854.92       110241.28       335096.20
1960-1969       94            162176.29        77520.25       239696.54
1960-1969       95            114055.21        53471.67       167526.87
1960-1969       96             78898.15        36209.90       115108.05
1960-1969       97             53441.55        23988.70        77430.24
1960-1969       98             35556.58        15613.14        51169.72
1960-1969       99             23577.40        10142.33        33719.73
1960-1969      100             15329.12         6508.75        21837.86
1960-1969      101              9871.22         4178.78        14049.99
1960-1969      102              6368.24         2750.77         9119.00
1960-1969      103              4105.12         1856.05         5961.17
1960-1969      104              2698.38         1302.46         4000.83
1960-1969      105              1770.29          898.32         2668.61
1960-1969      106              1190.06          623.26         1813.32
1960-1969      107               844.24          456.73         1300.97
1960-1969      108               607.55          336.32          943.87
1960-1969      109               450.77          253.43          704.20
1960-1969      110+             1517.34          902.69         2420.03
1970-1979        0          16112971.10     16877228.46     32990199.56
1970-1979        1          15813338.00     16509184.27     32322522.27
1970-1979        2          15727246.45     16431043.36     32158289.81
1970-1979        3          16081730.64     16765945.24     32847675.88
1970-1979        4          16574301.99     17271217.33     33845519.31
1970-1979        5          16864661.21     17581668.08     34446329.29
1970-1979        6          17371011.52     18045245.25     35416256.77
1970-1979        7          17990502.55     18741807.52     36732310.07
1970-1979        8          17951232.51     18703581.20     36654813.71
1970-1979        9          18663412.39     19418889.25     38082301.64
1970-1979       10          19480599.58     20323714.93     39804314.51
1970-1979       11          19378554.59     20179568.99     39558123.58
1970-1979       12          19716546.64     20528546.12     40245092.76
1970-1979       13          20100072.84     20903768.30     41003841.14
1970-1979       14          20560827.25     21361731.00     41922558.26
1970-1979       15          20644179.77     21503191.71     42147371.48
1970-1979       16          20537056.63     21299702.25     41836758.88
1970-1979       17          20433290.85     21141526.65     41574817.50
1970-1979       18          20258134.99     20635220.97     40893355.96
1970-1979       19          20514204.04     20612230.20     41126434.24
1970-1979       20          20230833.43     20155079.02     40385912.45
1970-1979       21          19401861.50     19198378.40     38600239.90
1970-1979       22          18987246.45     18678445.66     37665692.11
1970-1979       23          18687959.03     18318851.13     37006810.16
1970-1979       24          18484633.74     18163196.96     36647830.70
1970-1979       25          17786475.56     17541069.02     35327544.59
1970-1979       26          17062433.88     16818804.38     33881238.26
1970-1979       27          16840103.91     16519246.29     33359350.20
1970-1979       28          16015765.19     15663130.78     31678895.97
1970-1979       29          16022013.65     15662291.76     31684305.40
1970-1979       30          15784323.24     15477523.51     31261846.74
1970-1979       31          14589359.54     14248383.01     28837742.55
1970-1979       32          14067480.55     13639593.63     27707074.18
1970-1979       33          13237374.76     12734805.13     25972179.89
1970-1979       34          13262502.63     12733244.43     25995747.06
1970-1979       35          12784749.78     12303412.65     25088162.43
1970-1979       36          12325284.91     11799917.74     24125202.65
1970-1979       37          11990537.12     11423573.65     23414110.77
1970-1979       38          11657949.11     11108166.81     22766115.92
1970-1979       39          11757435.89     11220441.37     22977877.26
1970-1979       40          11838708.53     11333636.98     23172345.51
1970-1979       41          11648319.81     11152637.46     22800957.27
1970-1979       42          11692610.11     11190184.66     22882794.77
1970-1979       43          11682129.55     11168629.83     22850759.38
1970-1979       44          11827518.41     11272704.03     23100222.44
1970-1979       45          11904156.95     11258923.53     23163080.47
1970-1979       46          11995224.20     11326689.09     23321913.29
1970-1979       47          12110632.81     11396889.50     23507522.32
1970-1979       48          12158232.59     11342760.69     23500993.28
1970-1979       49          12455868.08     11567162.50     24023030.57
1970-1979       50          12212923.09     11343194.83     23556117.92
1970-1979       51          12403302.62     11470109.08     23873411.70
1970-1979       52          12301474.31     11323402.76     23624877.06
1970-1979       53          12166409.30     11189692.74     23356102.04
1970-1979       54          11923890.41     10943120.55     22867010.97
1970-1979       55          11654003.95     10657136.73     22311140.68
1970-1979       56          11437665.54     10416582.65     21854248.19
1970-1979       57          11192709.61     10148005.96     21340715.57
1970-1979       58          10928763.82      9796115.05     20724878.87
1970-1979       59          10763058.63      9584594.96     20347653.59
1970-1979       60          10146249.15      8987876.79     19134125.94
1970-1979       61          10159397.22      8987081.28     19146478.50
1970-1979       62          10025304.43      8720607.55     18745911.98
1970-1979       63           9857306.49      8469311.80     18326618.29
1970-1979       64           9683576.32      8146630.40     17830206.71
1970-1979       65           9476338.25      7814472.38     17290810.63
1970-1979       66           9228164.01      7445215.68     16673379.69
1970-1979       67           8868089.27      7068953.79     15937043.06
1970-1979       68           8511286.82      6661971.09     15173257.91
1970-1979       69           8075866.93      6240718.19     14316585.12
1970-1979       70           7393632.47      5574843.02     12968475.49
1970-1979       71           7214161.42      5397420.54     12611581.95
1970-1979       72           6761417.63      4924068.35     11685485.98
1970-1979       73           6460210.47      4622780.60     11082991.07
1970-1979       74           6095493.01      4236997.68     10332490.69
1970-1979       75           5735100.62      3880210.71      9615311.32
1970-1979       76           5473643.12      3601414.37      9075057.49
1970-1979       77           5162979.83      3304388.78      8467368.61
1970-1979       78           4922807.07      3113610.62      8036417.68
1970-1979       79           4464846.68      2756895.56      7221742.24
1970-1979       80           4053907.78      2394737.97      6448645.75
1970-1979       81           3711519.24      2136822.01      5848341.25
1970-1979       82           3353007.51      1881489.08      5234496.59
1970-1979       83           2985529.08      1629954.47      4615483.55
1970-1979       84           2619646.90      1391729.51      4011376.40
1970-1979       85           2270800.47      1173787.06      3444587.53
1970-1979       86           1941791.13       975760.32      2917551.45
1970-1979       87           1632094.27       796555.58      2428649.85
1970-1979       88           1350946.79       640625.55      1991572.34
1970-1979       89           1101341.06       507644.51      1608985.56
1970-1979       90            877461.07       393150.65      1270611.72
1970-1979       91            683867.37       297309.04       981176.41
1970-1979       92            525320.40       221286.86       746607.26
1970-1979       93            396616.03       161665.60       558281.63
1970-1979       94            292682.97       115300.66       407983.63
1970-1979       95            210661.06        80346.06       291007.12
1970-1979       96            147873.30        54585.42       202458.72
1970-1979       97            101506.10        36440.48       137946.58
1970-1979       98             68281.09        23983.37        92264.46
1970-1979       99             45177.60        15590.19        60767.79
1970-1979      100             29557.74        10036.83        39594.57
1970-1979      101             19155.90         6473.19        25629.09
1970-1979      102             12348.54         4205.15        16553.69
1970-1979      103              7915.72         2794.97        10710.68
1970-1979      104              4999.16         1877.51         6876.67
1970-1979      105              3163.33         1282.99         4446.32
1970-1979      106              2052.18          872.91         2925.09
1970-1979      107              1355.16          615.27         1970.43
1970-1979      108               914.67          432.40         1347.07
1970-1979      109               632.10          303.01          935.10
1970-1979      110+             1746.28          903.24         2649.53
1980-1989        0          17959916.83     18818420.99     36778337.83
1980-1989        1          17242435.98     18071806.01     35314241.99
1980-1989        2          17056706.74     17856454.18     34913160.92
1980-1989        3          16991775.56     17777255.87     34769031.44
1980-1989        4          16928363.46     17727436.48     34655799.95
1980-1989        5          16687568.54     17478289.90     34165858.43
1980-1989        6          16470309.81     17250412.36     33720722.17
1980-1989        7          16462999.90     17248490.36     33711490.25
1980-1989        8          15791860.20     16564670.51     32356530.71
1980-1989        9          16610147.98     17419295.46     34029443.44
1980-1989       10          16825747.17     17702346.64     34528093.81
1980-1989       11          16689729.33     17496693.16     34186422.49
1980-1989       12          16753252.51     17533493.95     34286746.46
1980-1989       13          17022698.83     17791102.05     34813800.88
1980-1989       14          17344752.25     18165576.77     35510329.03
1980-1989       15          17835712.41     18664680.50     36500392.91
1980-1989       16          18286180.21     19170821.38     37457001.59
1980-1989       17          18828476.73     19829403.16     38657879.88
1980-1989       18          19105937.98     19794026.28     38899964.26
1980-1989       19          20425853.48     20873845.65     41299699.13
1980-1989       20          20539879.62     20971946.43     41511826.05
1980-1989       21          20460201.14     20875280.75     41335481.89
1980-1989       22          20507021.03     20868655.74     41375676.77
1980-1989       23          20800187.75     21032038.73     41832226.47
1980-1989       24          21338659.50     21559456.23     42898115.73
1980-1989       25          21421386.26     21566048.37     42987434.63
1980-1989       26          21306687.09     21342749.66     42649436.76
1980-1989       27          21339251.28     21337298.30     42676549.58
1980-1989       28          20189431.47     20108347.58     40297779.05
1980-1989       29          21558118.50     21521434.44     43079552.94
1980-1989       30          20958675.59     20787715.99     41746391.58
1980-1989       31          20139738.95     19868200.40     40007939.35
1980-1989       32          19880529.16     19574509.03     39455038.20
1980-1989       33          19484935.26     19046596.96     38531532.21
1980-1989       34          19354025.52     19082930.61     38436956.13
1980-1989       35          18544369.43     18159807.31     36704176.74
1980-1989       36          17678272.57     17198247.44     34876520.01
1980-1989       37          17327173.66     16803618.95     34130792.61
1980-1989       38          16086310.51     15561313.77     31647624.28
1980-1989       39          16629422.66     16202239.35     32831662.01
1980-1989       40          15823280.86     15307561.72     31130842.58
1980-1989       41          14743350.26     14229986.08     28973336.34
1980-1989       42          14119233.69     13652797.32     27772031.01
1980-1989       43          13404549.24     12863925.84     26268475.08
1980-1989       44          13269505.06     12812616.25     26082121.31
1980-1989       45          12728887.00     12226813.08     24955700.08
1980-1989       46          12349613.00     11803248.99     24152861.99
1980-1989       47          12116270.96     11537653.76     23653924.72
1980-1989       48          11249397.41     10713033.09     21962430.50
1980-1989       49          11869003.00     11326773.82     23195776.82
1980-1989       50          11725470.18     11012920.74     22738390.91
1980-1989       51          11328788.70     10655735.05     21984523.75
1980-1989       52          11336322.55     10602567.15     21938889.70
1980-1989       53          11496415.69     10734752.94     22231168.63
1980-1989       54          11770850.19     10871584.21     22642434.40
1980-1989       55          11615449.72     10589769.97     22205219.69
1980-1989       56          11760391.28     10670551.38     22430942.65
1980-1989       57          12027639.94     10852325.41     22879965.34
1980-1989       58          11539498.73     10318287.02     21857785.74
1980-1989       59          11989185.23     10643111.31     22632296.54
1980-1989       60          11883548.07     10377542.16     22261090.23
1980-1989       61          11564919.40     10099289.53     21664208.94
1980-1989       62          11245877.48      9716423.01     20962300.49
1980-1989       63          11150708.89      9646269.74     20796978.62
1980-1989       64          11254573.17      9542792.22     20797365.38
1980-1989       65          10969200.95      9156794.02     20125994.98
1980-1989       66          10572775.99      8711049.51     19283825.49
1980-1989       67          10412372.44      8447457.99     18859830.43
1980-1989       68           9901426.75      7856843.31     17758270.07
1980-1989       69           9851506.00      7590215.73     17441721.73
1980-1989       70           9317383.92      7075240.46     16392624.38
1980-1989       71           8999151.78      6696120.47     15695272.25
1980-1989       72           8521418.92      6194633.21     14716052.13
1980-1989       73           8124012.51      5771350.73     13895363.24
1980-1989       74           7966077.98      5483632.02     13449710.00
1980-1989       75           7536548.28      5076875.28     12613423.57
1980-1989       76           7062827.31      4598406.48     11661233.79
1980-1989       77           6677400.58      4182207.48     10859608.06
1980-1989       78           6223975.08      3780134.56     10004109.64
1980-1989       79           5823539.13      3408453.65      9231992.78
1980-1989       80           5221606.63      2924009.83      8145616.46
1980-1989       81           4784671.86      2572801.82      7357473.67
1980-1989       82           4354435.43      2245099.12      6599534.55
1980-1989       83           3936376.01      1947242.47      5883618.49
1980-1989       84           3536312.16      1677779.05      5214091.21
1980-1989       85           3146290.95      1431347.07      4577638.01
1980-1989       86           2768527.22      1207676.95      3976204.17
1980-1989       87           2404242.38      1005850.65      3410093.03
1980-1989       88           2068105.84       829195.66      2897301.50
1980-1989       89           1746706.08       670785.14      2417491.22
1980-1989       90           1454979.18       535909.89      1990889.07
1980-1989       91           1196487.83       423417.70      1619905.54
1980-1989       92            959856.66       326907.12      1286763.78
1980-1989       93            750860.62       245900.20       996760.82
1980-1989       94            572482.46       180185.87       752668.33
1980-1989       95            426479.84       129264.38       555744.21
1980-1989       96            310407.14        90366.28       400773.42
1980-1989       97            219412.04        61500.80       280912.84
1980-1989       98            151356.71        41048.42       192405.13
1980-1989       99            102299.05        26861.51       129160.56
1980-1989      100             67144.08        17086.68        84230.76
1980-1989      101             42792.41        10669.55        53461.96
1980-1989      102             26626.45         6600.04        33226.49
1980-1989      103             16401.29         4028.92        20430.21
1980-1989      104              9880.95         2448.08        12329.03
1980-1989      105              5886.15         1516.65         7402.81
1980-1989      106              3526.51          930.28         4456.79
1980-1989      107              2143.31          597.89         2741.20
1980-1989      108              1288.12          390.48         1678.60
1980-1989      109               806.63          260.30         1066.93
1980-1989      110+             1547.18          659.12         2206.30
1990-1999        0          18823438.83     19744909.41     38568348.24
1990-1999        1          18802024.45     19683670.33     38485694.78
1990-1999        2          18821393.46     19728347.91     38549741.37
1990-1999        3          18913823.31     19818184.17     38732007.48
1990-1999        4          19184336.15     20115613.80     39299949.95
1990-1999        5          19103637.84     20054701.21     39158339.05
1990-1999        6          18950656.56     19868261.31     38818917.87
1990-1999        7          18922771.36     19828274.51     38751045.88
1990-1999        8          18363681.69     19262122.67     37625804.36
1990-1999        9          18895207.23     19856798.23     38752005.46
1990-1999       10          18906616.40     19894439.89     38801056.29
1990-1999       11          18560220.85     19484156.64     38044377.49
1990-1999       12          18414510.71     19322669.63     37737180.34
1990-1999       13          18290631.22     19190403.39     37481034.61
1990-1999       14          18105936.10     19067595.77     37173531.87
1990-1999       15          17987532.73     19011542.98     36999075.71
1990-1999       16          17768839.59     18882874.04     36651713.63
1990-1999       17          17711029.17     18925432.12     36636461.29
1990-1999       18          17675543.93     18613376.08     36288920.00
1990-1999       19          18500234.67     19292964.15     37793198.82
1990-1999       20          18454117.50     19274861.97     37728979.47
1990-1999       21          18199974.07     18996693.34     37196667.41
1990-1999       22          17958148.10     18678897.70     36637045.81
1990-1999       23          18079606.48     18696541.64     36776148.12
1990-1999       24          18683740.44     19193081.60     37876822.04
1990-1999       25          19176558.39     19623157.23     38799715.62
1990-1999       26          19509731.09     19753392.33     39263123.42
1990-1999       27          20177010.27     20428113.72     40605123.99
1990-1999       28          19920119.25     20104500.27     40024619.52
1990-1999       29          21251684.91     21431247.83     42682932.74
1990-1999       30          21644362.57     21865532.46     43509895.03
1990-1999       31          21349220.09     21415482.09     42764702.18
1990-1999       32          21848261.08     21872819.36     43721080.44
1990-1999       33          21988399.36     21903983.47     43892382.83
1990-1999       34          22615373.25     22682440.89     45297814.14
1990-1999       35          22800357.20     22819123.90     45619481.10
1990-1999       36          22288288.38     22052338.03     44340626.40
1990-1999       37          22105499.59     21845993.41     43951493.00
1990-1999       38          21117638.77     20800212.34     41917851.11
1990-1999       39          21951063.27     21662807.85     43613871.12
1990-1999       40          21534360.01     21229081.92     42763441.93
1990-1999       41          20495101.59     20008685.71     40503787.30
1990-1999       42          20206191.13     19734604.94     39940796.07
1990-1999       43          19774998.70     19154882.49     38929881.20
1990-1999       44          19340548.55     18915524.20     38256072.75
1990-1999       45          18740414.95     18256939.49     36997354.44
1990-1999       46          17674856.97     17063730.99     34738587.96
1990-1999       47          17321010.97     16670784.11     33991795.08
1990-1999       48          16227335.62     15582913.19     31810248.81
1990-1999       49          16436020.47     15829157.42     32265177.89
1990-1999       50          15786124.88     15162582.73     30948707.61
1990-1999       51          14617662.72     13948921.04     28566583.77
1990-1999       52          13985013.60     13306689.09     27291702.70
1990-1999       53          13225893.58     12496406.16     25722299.74
1990-1999       54          13092070.83     12369904.18     25461975.01
1990-1999       55          12547041.89     11761206.04     24308247.94
1990-1999       56          12149252.87     11305242.60     23454495.46
1990-1999       57          11786715.14     10888908.73     22675623.87
1990-1999       58          11143382.44     10253185.37     21396567.81
1990-1999       59          11313860.12     10367757.18     21681617.30
1990-1999       60          11242718.02     10130930.21     21373648.23
1990-1999       61          10830253.90      9769160.44     20599414.34
1990-1999       62          10856275.14      9683461.92     20539737.06
1990-1999       63          10897948.40      9674169.32     20572117.72
1990-1999       64          11076863.63      9629960.68     20706824.32
1990-1999       65          10983518.16      9385512.16     20369030.32
1990-1999       66          10935552.01      9211951.43     20147503.45
1990-1999       67          10976405.64      9146664.57     20123070.21
1990-1999       68          10618226.89      8717449.37     19335676.25
1990-1999       69          10628359.21      8537899.13     19166258.33
1990-1999       70          10494331.05      8249729.89     18744060.95
1990-1999       71          10069547.47      7854061.07     17923608.53
1990-1999       72           9793078.12      7518562.25     17311640.37
1990-1999       73           9460666.33      7107819.92     16568486.25
1990-1999       74           9230624.99      6742322.10     15972947.09
1990-1999       75           8897646.03      6333332.69     15230978.72
1990-1999       76           8432465.80      5866348.36     14298814.16
1990-1999       77           7999153.67      5396172.35     13395326.02
1990-1999       78           7641360.43      4954693.39     12596053.81
1990-1999       79           7181450.52      4480698.57     11662149.09
1990-1999       80           6449245.58      3843783.27     10293028.85
1990-1999       81           6005528.24      3429331.92      9434860.16
1990-1999       82           5554245.92      3028729.43      8582975.35
1990-1999       83           5098853.54      2647377.00      7746230.54
1990-1999       84           4638537.98      2286258.90      6924796.88
1990-1999       85           4169299.95      1946672.86      6115972.80
1990-1999       86           3703224.17      1635242.20      5338466.37
1990-1999       87           3252410.46      1356089.08      4608499.54
1990-1999       88           2815800.07      1106777.66      3922577.73
1990-1999       89           2409862.34       892136.57      3301998.91
1990-1999       90           2025421.01       705755.62      2731176.63
1990-1999       91           1669843.81       547868.46      2217712.27
1990-1999       92           1353447.83       417127.51      1770575.34
1990-1999       93           1076157.99       312109.90      1388267.89
1990-1999       94            840587.31       229323.70      1069911.01
1990-1999       95            641970.45       164906.19       806876.64
1990-1999       96            478253.78       115818.71       594072.49
1990-1999       97            347992.99        79204.81       427197.81
1990-1999       98            247391.71        52953.92       300345.63
1990-1999       99            171278.35        34650.02       205928.37
1990-1999      100            115547.26        22224.99       137772.24
1990-1999      101             75871.26        13918.50        89789.76
1990-1999      102             47931.19         8482.62        56413.81
1990-1999      103             29509.62         5014.35        34523.97
1990-1999      104             17805.12         2935.48        20740.59
1990-1999      105             10402.24         1733.24        12135.48
1990-1999      106              6022.96         1042.93         7065.89
1990-1999      107              3438.78          635.86         4074.64
1990-1999      108              1960.95          391.03         2351.98
1990-1999      109              1145.02          251.82         1396.84
1990-1999      110+             1593.54          337.59         1931.13
2000-2009        0          19632151.09     20528490.94     40160642.02
2000-2009        1          19402790.18     20265676.47     39668466.64
2000-2009        2          19266359.82     20139633.83     39405993.65
2000-2009        3          19188940.28     20051328.78     39240269.06
2000-2009        4          19216439.95     20104988.09     39321428.04
2000-2009        5          19256730.98     20138229.81     39394960.79
2000-2009        6          19228092.60     20105334.19     39333426.80
2000-2009        7          19342414.43     20229497.05     39571911.49
2000-2009        8          19436692.04     20362324.83     39799016.87
2000-2009        9          19662422.38     20624212.24     40286634.61
2000-2009       10          20377315.18     21369865.33     41747180.51
2000-2009       11          20383253.04     21384175.37     41767428.41
2000-2009       12          20580641.67     21593814.07     42174455.74
2000-2009       13          20601764.20     21628801.15     42230565.35
2000-2009       14          20555041.84     21612369.89     42167411.73
2000-2009       15          20678088.90     21794041.56     42472130.46
2000-2009       16          20704884.16     21903672.54     42608556.70
2000-2009       17          20606224.79     21922649.45     42528874.24
2000-2009       18          20705915.68     21998438.26     42704353.94
2000-2009       19          20733108.77     21932789.26     42665898.03
2000-2009       20          20497901.50     21629923.05     42127824.55
2000-2009       21          20363912.61     21413010.24     41776922.85
2000-2009       22          20104921.31     21075432.77     41180354.08
2000-2009       23          19961868.82     20798806.83     40760675.65
2000-2009       24          19819726.70     20498101.69     40317828.39
2000-2009       25          19828052.18     20336922.96     40164975.14
2000-2009       26          19581527.63     19886775.04     39468302.67
2000-2009       27          19590493.65     19759091.79     39349585.44
2000-2009       28          19412524.23     19636149.18     39048673.41
2000-2009       29          19305108.84     19563286.05     38868394.90
2000-2009       30          19674709.51     20025572.22     39700281.73
2000-2009       31          19573243.41     19756333.09     39329576.50
2000-2009       32          19910131.08     20043857.79     39953988.87
2000-2009       33          20036153.19     20112686.59     40148839.78
2000-2009       34          20266987.53     20315481.63     40582469.16
2000-2009       35          20662366.50     20719797.65     41382164.14
2000-2009       36          21054361.99     21002957.66     42057319.64
2000-2009       37          21377681.81     21246828.24     42624510.05
2000-2009       38          21669414.90     21494357.43     43163772.32
2000-2009       39          21887386.82     21687798.33     43575185.15
2000-2009       40          22084524.66     21821386.72     43905911.38
2000-2009       41          22316334.93     22021406.66     44337741.58
2000-2009       42          22548341.71     22222635.21     44770976.92
2000-2009       43          22772642.10     22369042.04     45141684.13
2000-2009       44          22746546.13     22276781.62     45023327.75
2000-2009       45          22684417.77     22148516.35     44832934.12
2000-2009       46          22555654.25     22014778.96     44570433.21
2000-2009       47          22360287.82     21769844.96     44130132.79
2000-2009       48          21979303.42     21317724.90     43297028.32
2000-2009       49          21636024.57     20940001.66     42576026.24
2000-2009       50          21164390.87     20379672.97     41544063.85
2000-2009       51          20822445.75     20028475.22     40850920.97
2000-2009       52          20342574.21     19480448.54     39823022.74
2000-2009       53          20009814.38     19134420.64     39144235.02
2000-2009       54          19358791.46     18439905.15     37798696.61
2000-2009       55          18544731.12     17536696.62     36081427.74
2000-2009       56          17931985.02     16944737.79     34876722.81
2000-2009       57          17298538.48     16280432.68     33578971.16
2000-2009       58          16639861.41     15590609.89     32230471.30
2000-2009       59          15885835.51     14801862.39     30687697.90
2000-2009       60          15061548.79     13937576.05     28999124.84
2000-2009       61          14451475.77     13334069.65     27785545.42
2000-2009       62          13717884.69     12562539.80     26280424.50
2000-2009       63          12901304.91     11731415.88     24632720.79
2000-2009       64          12388170.09     11179602.76     23567772.84
2000-2009       65          11993754.47     10705881.46     22699635.93
2000-2009       66          11507754.65     10186412.87     21694167.52
2000-2009       67          11026887.37      9665577.78     20692465.14
2000-2009       68          10660874.69      9236062.12     19896936.81
2000-2009       69          10353398.16      8849172.81     19202570.96
2000-2009       70          10072980.84      8477376.22     18550357.06
2000-2009       71           9891412.92      8223557.94     18114970.86
2000-2009       72           9653516.56      7874453.49     17527970.05
2000-2009       73           9478052.05      7599383.98     17077436.03
2000-2009       74           9258674.73      7275367.14     16534041.87
2000-2009       75           9007030.26      6903579.24     15910609.50
2000-2009       76           8872571.15      6653223.52     15525794.67
2000-2009       77           8620241.08      6297548.87     14917789.95
2000-2009       78           8366496.40      5946144.04     14312640.44
2000-2009       79           8042568.68      5546524.02     13589092.70
2000-2009       80           7576274.33      5028977.48     12605251.81
2000-2009       81           7143960.66      4578250.87     11722211.53
2000-2009       82           6664807.79      4114124.11     10778931.90
2000-2009       83           6151418.40      3648241.58      9799659.98
2000-2009       84           5618434.45      3190054.41      8808488.86
2000-2009       85           5077588.89      2752852.99      7830441.88
2000-2009       86           4539004.41      2339249.13      6878253.54
2000-2009       87           4010570.06      1955929.84      5966499.90
2000-2009       88           3484923.17      1601466.34      5086389.50
2000-2009       89           2980333.93      1283265.70      4263599.63
2000-2009       90           2523227.89      1013834.10      3537061.99
2000-2009       91           2103753.88       786837.36      2890591.24
2000-2009       92           1718734.54       596383.69      2315118.24
2000-2009       93           1375768.26       441286.72      1817054.99
2000-2009       94           1076361.73       317632.96      1393994.69
2000-2009       95            818980.45       222447.86      1041428.30
2000-2009       96            606853.49       151881.40       758734.89
2000-2009       97            438535.83       101105.04       539640.87
2000-2009       98            307422.78        65405.09       372827.86
2000-2009       99            210337.26        41518.83       251856.09
2000-2009      100            139839.17        25338.97       165178.13
2000-2009      101             89560.79        15029.11       104589.90
2000-2009      102             55697.69         8685.91        64383.60
2000-2009      103             33853.36         4941.47        38794.83
2000-2009      104             19828.08         2746.84        22574.92
2000-2009      105             11235.16         1497.25        12732.41
2000-2009      106              6241.59          785.00         7026.59
2000-2009      107              3405.60          436.93         3842.52
2000-2009      108              1797.98          253.63         2051.60
2000-2009      109               920.12          147.24         1067.36
2000-2009      110+             1038.65          139.51         1178.16
2010-2016        0          13524484.58     14157129.41     27681613.99
2010-2016        1          13576860.05     14198050.38     27774910.43
2010-2016        2          13665525.26     14282750.91     27948276.17
2010-2016        3          13760851.48     14372347.79     28133199.27
2010-2016        4          13841609.58     14454072.08     28295681.66
2010-2016        5          13921527.36     14532669.07     28454196.43
2010-2016        6          13973457.39     14581823.82     28555281.21
2010-2016        7          14023386.85     14628511.26     28651898.11
2010-2016        8          14048452.83     14652284.57     28700737.39
2010-2016        9          14052184.30     14656698.68     28708882.97
2010-2016       10          14100562.00     14707094.37     28807656.37
2010-2016       11          14120194.25     14730412.67     28850606.92
2010-2016       12          14145798.72     14760830.37     28906629.09
2010-2016       13          14179678.90     14803353.21     28983032.11
2010-2016       14          14222069.21     14864170.38     29086239.60
2010-2016       15          14308648.59     14977621.63     29286270.22
2010-2016       16          14402449.60     15104763.38     29507212.99
2010-2016       17          14519806.86     15262479.89     29782286.75
2010-2016       18          14719325.22     15494418.50     30213743.73
2010-2016       19          14970374.52     15763472.72     30733847.25
2010-2016       20          15188935.90     15989247.71     31178183.61
2010-2016       21          15343510.68     16137173.15     31480683.83
2010-2016       22          15402006.65     16169899.87     31571906.53
2010-2016       23          15401200.45     16121135.65     31522336.10
2010-2016       24          15369285.89     16019086.67     31388372.56
2010-2016       25          15303102.20     15873876.30     31176978.50
2010-2016       26          15143572.18     15632365.56     30775937.75
2010-2016       27          15025899.23     15430974.85     30456874.08
2010-2016       28          14971019.12     15299984.36     30271003.48
2010-2016       29          14945754.82     15207088.96     30152843.78
2010-2016       30          14967706.91     15182134.70     30149841.62
2010-2016       31          14877005.27     15030773.38     29907778.65
2010-2016       32          14737894.06     14841463.03     29579357.09
2010-2016       33          14614011.99     14671936.32     29285948.32
2010-2016       34          14420416.69     14442041.69     28862458.38
2010-2016       35          14248343.66     14248345.97     28496689.63
2010-2016       36          14052532.28     14014644.83     28067177.11
2010-2016       37          13914957.87     13828371.77     27743329.65
2010-2016       38          13911222.48     13781958.65     27693181.12
2010-2016       39          14100310.82     13949380.98     28049691.80
2010-2016       40          14272450.47     14109770.42     28382220.90
2010-2016       41          14440571.35     14267254.97     28707826.32
2010-2016       42          14517805.53     14327510.42     28845315.95
2010-2016       43          14649141.15     14442342.14     29091483.29
2010-2016       44          14776825.93     14560139.52     29336965.45
2010-2016       45          14930357.91     14694044.34     29624402.25
2010-2016       46          15018991.15     14752743.34     29771734.49
2010-2016       47          15145379.17     14834979.36     29980358.53
2010-2016       48          15320894.37     14953577.16     30274471.53
2010-2016       49          15605161.40     15186746.72     30791908.12
2010-2016       50          15829262.55     15356329.82     31185592.38
2010-2016       51          16004157.73     15478491.36     31482649.10
2010-2016       52          16041985.36     15455474.70     31497460.07
2010-2016       53          16004472.29     15363145.46     31367617.75
2010-2016       54          15906110.13     15211564.56     31117674.69
2010-2016       55          15746426.31     14990316.46     30736742.78
2010-2016       56          15502497.66     14686700.76     30189198.42
2010-2016       57          15197033.45     14317635.75     29514669.20
2010-2016       58          14842239.06     13904454.88     28746693.94
2010-2016       59          14477617.18     13487071.72     27964688.90
2010-2016       60          14063032.74     13028086.70     27091119.44
2010-2016       61          13687831.60     12617827.77     26305659.37
2010-2016       62          13321430.74     12223904.45     25545335.19
2010-2016       63          13055744.21     11932640.95     24988385.16
2010-2016       64          12450527.28     11331648.27     23782175.55
2010-2016       65          11879914.38     10757777.89     22637692.27
2010-2016       66          11322381.19     10198244.37     21520625.56
2010-2016       67          10843804.61      9705837.75     20549642.36
2010-2016       68          10246252.59      9100687.72     19346940.31
2010-2016       69           9593814.96      8437926.06     18031741.02
2010-2016       70           8837793.60      7687407.17     16525200.77
2010-2016       71           8427600.83      7255268.14     15682868.97
2010-2016       72           8012905.22      6821041.64     14833946.86
2010-2016       73           7574755.77      6368445.30     13943201.07
2010-2016       74           7091350.63      5879612.42     12970963.05
2010-2016       75           6713372.55      5480828.35     12194200.90
2010-2016       76           6361598.90      5112095.01     11473693.91
2010-2016       77           6051575.33      4776286.44     10827861.77
2010-2016       78           5766640.12      4457193.49     10223833.60
2010-2016       79           5506181.58      4158040.86      9664222.44
2010-2016       80           5266363.50      3877773.47      9144136.97
2010-2016       81           5026727.20      3599383.85      8626111.05
2010-2016       82           4779400.59      3317762.34      8097162.92
2010-2016       83           4549718.22      3056540.52      7606258.74
2010-2016       84           4296234.59      2785007.51      7081242.10
2010-2016       85           4022473.93      2505180.09      6527654.02
2010-2016       86           3715672.23      2218975.90      5934648.13
2010-2016       87           3380771.52      1931382.88      5312154.40
2010-2016       88           3041159.56      1657378.39      4698537.95
2010-2016       89           2692534.81      1396514.27      4089049.08
2010-2016       90           2318536.17      1138543.74      3457079.91
2010-2016       91           1945283.33       897939.63      2843222.96
2010-2016       92           1596277.61       690847.13      2287124.73
2010-2016       93           1278559.57       515075.01      1793634.58
2010-2016       94           1000279.52       372784.68      1373064.20
2010-2016       95            762804.47       261442.99      1024247.45
2010-2016       96            565969.85       177056.37       743026.22
2010-2016       97            411566.55       116696.63       528263.18
2010-2016       98            291251.37        75258.02       366509.39
2010-2016       99            199758.68        46612.93       246371.61
2010-2016      100            133772.35        28072.46       161844.82
2010-2016      101             86659.34        16229.23       102888.56
2010-2016      102             53747.97         9089.31        62837.28
2010-2016      103             32219.44         4895.60        37115.04
2010-2016      104             18863.42         2539.87        21403.29
2010-2016      105             10627.48         1276.51        11903.98
2010-2016      106              5795.56          638.58         6434.14
2010-2016      107              3072.12          315.03         3387.15
2010-2016      108              1632.79          160.75         1793.53
2010-2016      109               820.72           88.09          908.82
2010-2016      110+              858.36          119.99          978.35
