Australia, Deaths (period 1x10), 	Last modified: 26 Sep 2017;  Methods Protocol: v6 (2017)

  Year          Age             Female            Male           Total
1921-1929        0             29037.92        38552.05        67589.97
1921-1929        1              5404.47         6566.11        11970.58
1921-1929        2              2286.62         2719.74         5006.36
1921-1929        3              1589.42         1903.59         3493.01
1921-1929        4              1198.33         1438.94         2637.27
1921-1929        5               960.21         1178.75         2138.96
1921-1929        6               901.64         1068.98         1970.62
1921-1929        7               801.25          959.86         1761.11
1921-1929        8               637.01          887.44         1524.45
1921-1929        9               597.97          741.48         1339.45
1921-1929       10               550.17          759.87         1310.04
1921-1929       11               563.12          725.01         1288.13
1921-1929       12               539.91          711.35         1251.26
1921-1929       13               565.52          758.97         1324.49
1921-1929       14               642.01          852.89         1494.90
1921-1929       15               638.19          894.14         1532.33
1921-1929       16               698.19         1023.32         1721.51
1921-1929       17               763.22         1084.46         1847.68
1921-1929       18               902.25         1090.45         1992.70
1921-1929       19              1047.28         1272.62         2319.90
1921-1929       20              1076.29         1203.53         2279.82
1921-1929       21              1143.28         1313.73         2457.01
1921-1929       22              1185.33         1316.78         2502.11
1921-1929       23              1291.35         1312.73         2604.08
1921-1929       24              1352.37         1382.81         2735.18
1921-1929       25              1366.37         1339.75         2706.12
1921-1929       26              1397.39         1401.89         2799.28
1921-1929       27              1403.39         1348.83         2752.22
1921-1929       28              1509.41         1493.06         3002.47
1921-1929       29              1508.43         1483.02         2991.45
1921-1929       30              1602.44         1538.08         3140.52
1921-1929       31              1359.37         1483.06         2842.43
1921-1929       32              1653.45         1604.18         3257.63
1921-1929       33              1617.44         1687.29         3304.73
1921-1929       34              1693.46         1771.32         3464.78
1921-1929       35              1751.46         1953.63         3705.09
1921-1929       36              1798.49         1898.54         3697.03
1921-1929       37              1727.45         1868.46         3595.91
1921-1929       38              1896.49         2258.97         4155.46
1921-1929       39              1843.49         2105.79         3949.28
1921-1929       40              1818.48         2378.19         4196.67
1921-1929       41              1508.41         2032.67         3541.08
1921-1929       42              1884.50         2540.34         4424.84
1921-1929       43              1727.47         2298.11         4025.58
1921-1929       44              1707.44         2375.05         4082.49
1921-1929       45              1889.49         2915.82         4805.31
1921-1929       46              1725.46         2513.25         4238.71
1921-1929       47              1821.49         2701.61         4523.10
1921-1929       48              1973.50         2923.84         4897.34
1921-1929       49              1983.52         2852.65         4836.17
1921-1929       50              2110.55         3556.70         5667.25
1921-1929       51              1765.48         2640.51         4405.99
1921-1929       52              2363.62         3368.36         5731.98
1921-1929       53              2203.59         3378.49         5582.08
1921-1929       54              2345.62         3652.78         5998.40
1921-1929       55              2216.60         3591.77         5808.37
1921-1929       56              2585.68         4117.41         6703.09
1921-1929       57              2398.64         3943.23         6341.87
1921-1929       58              2849.73         4467.90         7317.63
1921-1929       59              2777.71         4387.85         7165.56
1921-1929       60              3079.81         5523.37         8603.18
1921-1929       61              2612.68         4164.46         6777.14
1921-1929       62              3200.83         5103.63         8304.46
1921-1929       63              3527.90         5532.17         9060.07
1921-1929       64              3498.91         5613.16         9112.07
1921-1929       65              3966.03         6434.38        10400.41
1921-1929       66              3391.86         5157.62         8549.48
1921-1929       67              3570.90         5498.04         9068.94
1921-1929       68              3808.94         5639.10         9448.04
1921-1929       69              3487.86         5149.40         8637.26
1921-1929       70              3792.95         5686.06         9479.01
1921-1929       71              3053.74         4422.56         7476.30
1921-1929       72              3710.93         5088.47         8799.40
1921-1929       73              3693.91         4962.32         8656.23
1921-1929       74              3587.91         4753.05         8340.96
1921-1929       75              3659.93         4787.16         8447.09
1921-1929       76              3630.94         4500.80         8131.74
1921-1929       77              3187.87         3843.99         7031.86
1921-1929       78              3682.98         4151.43         7834.41
1921-1929       79              3176.83         3669.74         6846.57
1921-1929       80              3450.93         3773.98         7224.91
1921-1929       81              2637.71         2871.75         5509.46
1921-1929       82              2953.78         3083.02         6036.80
1921-1929       83              2777.71         2684.50         5462.21
1921-1929       84              2719.72         2747.49         5467.21
1921-1929       85              2392.61         2361.14         4753.75
1921-1929       86              2211.60         2054.70         4266.30
1921-1929       87              1882.51         1661.21         3543.72
1921-1929       88              1578.42         1363.83         2942.25
1921-1929       89              1168.31         1148.53         2316.84
1921-1929       90              1086.27         1008.36         2094.63
1921-1929       91               745.21          646.82         1392.03
1921-1929       92               639.16          577.75         1216.91
1921-1929       93               561.15          428.55          989.70
1921-1929       94               405.09          351.45          756.54
1921-1929       95               320.10          246.32          566.42
1921-1929       96               265.06          193.22          458.28
1921-1929       97               186.04          127.16          313.20
1921-1929       98               137.01           79.11          216.12
1921-1929       99                65.02           52.05          117.07
1921-1929      100                27.00           52.06           79.06
1921-1929      101                30.02           15.01           45.03
1921-1929      102                24.01           18.02           42.03
1921-1929      103                11.00            9.00           20.00
1921-1929      104                10.01           13.00           23.01
1921-1929      105                 3.00            7.00           10.00
1921-1929      106                 2.00            2.00            4.00
1921-1929      107                 3.00            0.00            3.00
1921-1929      108                 0.00            4.00            4.00
1921-1929      109                 0.00            3.00            3.00
1921-1929      110+                0.00            6.00            6.00
1930-1939        0             20565.97        27307.75        47873.72
1930-1939        1              3616.37         4195.66         7812.03
1930-1939        2              1820.15         2194.39         4014.54
1930-1939        3              1254.12         1626.01         2880.13
1930-1939        4              1090.10         1229.75         2319.85
1930-1939        5               861.96         1145.37         2007.33
1930-1939        6               804.10         1028.32         1832.42
1930-1939        7               655.86          922.49         1578.35
1930-1939        8               606.22          843.99         1450.21
1930-1939        9               519.17          793.71         1312.88
1930-1939       10               503.68          744.06         1247.74
1930-1939       11               510.71          703.54         1214.25
1930-1939       12               519.19          739.55         1258.74
1930-1939       13               549.13          805.08         1354.21
1930-1939       14               531.53          926.11         1457.64
1930-1939       15               587.05          981.59         1568.64
1930-1939       16               707.07         1012.61         1719.68
1930-1939       17               776.05         1084.64         1860.69
1930-1939       18               932.09         1227.75         2159.84
1930-1939       19              1041.11         1410.84         2451.95
1930-1939       20              1045.12         1418.86         2463.98
1930-1939       21              1149.12         1449.86         2598.98
1930-1939       22              1189.10         1460.86         2649.96
1930-1939       23              1266.14         1431.86         2698.00
1930-1939       24              1343.12         1455.88         2799.00
1930-1939       25              1286.11         1459.86         2745.97
1930-1939       26              1387.12         1448.88         2836.00
1930-1939       27              1393.13         1386.85         2779.98
1930-1939       28              1423.14         1482.90         2906.04
1930-1939       29              1401.12         1454.89         2856.01
1930-1939       30              1424.12         1420.85         2844.97
1930-1939       31              1286.14         1366.84         2652.98
1930-1939       32              1464.15         1608.98         3073.13
1930-1939       33              1443.14         1498.90         2942.04
1930-1939       34              1490.14         1602.96         3093.10
1930-1939       35              1593.14         1747.04         3340.18
1930-1939       36              1622.19         1785.08         3407.27
1930-1939       37              1653.15         1714.05         3367.20
1930-1939       38              1907.19         2056.22         3963.41
1930-1939       39              1848.18         2085.23         3933.41
1930-1939       40              1869.18         2202.34         4071.52
1930-1939       41              1700.18         2049.22         3749.40
1930-1939       42              2164.20         2684.65         4848.85
1930-1939       43              1964.20         2492.51         4456.71
1930-1939       44              2055.19         2666.60         4721.79
1930-1939       45              2322.24         3111.85         5434.09
1930-1939       46              2290.21         3008.79         5299.00
1930-1939       47              2345.21         3218.86         5564.07
1930-1939       48              2487.22         3517.11         6004.33
1930-1939       49              2698.26         3716.17         6414.43
1930-1939       50              2746.24         4035.39         6781.63
1930-1939       51              2382.21         3544.06         5926.27
1930-1939       52              2847.28         4390.58         7237.86
1930-1939       53              2978.29         4374.61         7352.90
1930-1939       54              3124.30         4565.69         7689.99
1930-1939       55              2795.27         4484.65         7279.92
1930-1939       56              3093.26         5057.97         8151.23
1930-1939       57              3132.30         4941.89         8074.19
1930-1939       58              3509.33         5462.20         8971.53
1930-1939       59              3477.31         5331.13         8808.44
1930-1939       60              3794.35         5985.55         9779.90
1930-1939       61              3371.31         5087.03         8458.34
1930-1939       62              4297.38         6167.69        10465.07
1930-1939       63              4456.43         6643.94        11100.37
1930-1939       64              4654.42         6919.08        11573.50
1930-1939       65              5282.48         7610.50        12892.98
1930-1939       66              4804.46         6940.11        11744.57
1930-1939       67              5311.50         7639.53        12951.03
1930-1939       68              5826.52         7870.69        13697.21
1930-1939       69              5858.54         7937.74        13796.28
1930-1939       70              6060.55         8618.11        14678.66
1930-1939       71              5504.50         7272.32        12776.82
1930-1939       72              6484.59         8765.16        15249.75
1930-1939       73              6621.63         8524.99        15146.62
1930-1939       74              6780.63         8742.06        15522.69
1930-1939       75              6902.63         8610.97        15513.60
1930-1939       76              6484.58         8187.76        14672.34
1930-1939       77              5997.53         7240.14        13237.67
1930-1939       78              6099.54         7287.19        13386.73
1930-1939       79              5732.47         6368.59        12101.06
1930-1939       80              5347.44         6121.50        11468.94
1930-1939       81              4363.36         4761.68         9125.04
1930-1939       82              4592.40         5067.89         9660.29
1930-1939       83              4205.36         4410.56         8615.92
1930-1939       84              3964.38         4041.34         8005.72
1930-1939       85              3402.32         3157.83         6560.15
1930-1939       86              3173.29         2782.63         5955.92
1930-1939       87              2596.24         2294.34         4890.58
1930-1939       88              2172.20         1858.09         4030.29
1930-1939       89              1882.15         1468.85         3351.00
1930-1939       90              1558.12         1200.74         2758.86
1930-1939       91              1109.08          808.47         1917.55
1930-1939       92               983.08          656.40         1639.48
1930-1939       93               755.06          531.29         1286.35
1930-1939       94               579.05          407.24          986.29
1930-1939       95               466.04          302.17          768.21
1930-1939       96               333.04          230.13          563.17
1930-1939       97               247.04          141.07          388.11
1930-1939       98               167.01          122.07          289.08
1930-1939       99                97.01           59.05          156.06
1930-1939      100                64.00           48.03          112.03
1930-1939      101                29.00           18.04           47.04
1930-1939      102                19.00           19.01           38.01
1930-1939      103                19.00           16.00           35.00
1930-1939      104                12.00           14.00           26.00
1930-1939      105                 6.00           11.01           17.01
1930-1939      106                 3.00            5.00            8.00
1930-1939      107                 0.00            1.00            1.00
1930-1939      108                 1.00            2.00            3.00
1930-1939      109                 1.00            1.00            2.00
1930-1939      110+                1.00            2.00            3.00
1940-1949        0             21635.40        28755.03        50390.43
1940-1949        1              2730.16         3269.77         5999.93
1940-1949        2              1293.07         1741.41         3034.48
1940-1949        3               945.04         1192.28         2137.32
1940-1949        4               750.05          990.24         1740.29
1940-1949        5               618.03          883.18         1501.21
1940-1949        6               519.04          738.18         1257.22
1940-1949        7               475.02          631.14         1106.16
1940-1949        8               355.01          542.12          897.13
1940-1949        9               376.00          543.13          919.13
1940-1949       10               333.03          538.13          871.16
1940-1949       11               353.01          514.11          867.12
1940-1949       12               356.04          575.16          931.20
1940-1949       13               373.05          510.10          883.15
1940-1949       14               368.03          649.15         1017.18
1940-1949       15               413.01          716.18         1129.19
1940-1949       16               472.00          885.21         1357.21
1940-1949       17               482.05          898.21         1380.26
1940-1949       18               577.04         1010.25         1587.29
1940-1949       19               654.03          979.23         1633.26
1940-1949       20               719.04          977.23         1696.27
1940-1949       21               731.04          943.24         1674.28
1940-1949       22               798.04         1006.27         1804.31
1940-1949       23               883.04         1008.24         1891.28
1940-1949       24               873.03         1042.27         1915.30
1940-1949       25               947.06          949.22         1896.28
1940-1949       26               986.05          994.24         1980.29
1940-1949       27              1027.06          975.24         2002.30
1940-1949       28              1055.06         1039.25         2094.31
1940-1949       29              1133.06         1076.28         2209.34
1940-1949       30              1138.07         1056.25         2194.32
1940-1949       31              1061.07         1136.29         2197.36
1940-1949       32              1226.09         1175.27         2401.36
1940-1949       33              1137.08         1234.30         2371.38
1940-1949       34              1241.08         1316.32         2557.40
1940-1949       35              1278.07         1366.33         2644.40
1940-1949       36              1364.08         1435.32         2799.40
1940-1949       37              1320.07         1510.38         2830.45
1940-1949       38              1443.08         1726.41         3169.49
1940-1949       39              1399.10         1768.44         3167.54
1940-1949       40              1518.09         1863.46         3381.55
1940-1949       41              1469.08         1945.47         3414.55
1940-1949       42              1750.11         2164.55         3914.66
1940-1949       43              1752.11         2232.53         3984.64
1940-1949       44              1828.12         2483.61         4311.73
1940-1949       45              1993.12         2807.69         4800.81
1940-1949       46              2093.12         2839.72         4932.84
1940-1949       47              2324.15         3097.77         5421.92
1940-1949       48              2559.15         3541.87         6101.02
1940-1949       49              2801.17         3777.92         6579.09
1940-1949       50              2820.17         4056.97         6877.14
1940-1949       51              2899.20         4058.02         6957.22
1940-1949       52              3367.22         4907.21         8274.43
1940-1949       53              3620.25         5156.24         8776.49
1940-1949       54              3762.24         5633.38         9395.62
1940-1949       55              3508.23         5630.38         9138.61
1940-1949       56              4053.28         6308.58        10361.86
1940-1949       57              3941.27         6479.59        10420.86
1940-1949       58              4452.32         7291.83        11744.15
1940-1949       59              4508.30         7396.86        11905.16
1940-1949       60              4857.31         7877.99        12735.30
1940-1949       61              4480.30         7254.84        11735.14
1940-1949       62              5311.37         8444.13        13755.50
1940-1949       63              5625.41         8790.20        14415.61
1940-1949       64              5767.38         8889.23        14656.61
1940-1949       65              6242.44         9473.34        15715.78
1940-1949       66              5824.39         8573.16        14397.55
1940-1949       67              6277.43         9133.31        15410.74
1940-1949       68              6935.48         9459.38        16394.86
1940-1949       69              7048.50         9430.39        16478.89
1940-1949       70              7694.51         9934.51        17629.02
1940-1949       71              6768.47         8525.11        15293.58
1940-1949       72              8017.54         9960.45        17977.99
1940-1949       73              8618.57        10164.50        18783.07
1940-1949       74              8774.58        10256.53        19031.11
1940-1949       75              8868.60        10168.49        19037.09
1940-1949       76              9209.62        10188.50        19398.12
1940-1949       77              8519.61         9553.38        18072.99
1940-1949       78              9149.62        10004.47        19154.09
1940-1949       79              8798.60         9296.27        18094.87
1940-1949       80              8631.61         9025.22        17656.83
1940-1949       81              7339.52         7444.84        14784.36
1940-1949       82              7860.54         7707.92        15568.46
1940-1949       83              7397.49         7214.82        14612.31
1940-1949       84              7098.50         6640.69        13739.19
1940-1949       85              6135.46         5654.40        11789.86
1940-1949       86              5509.42         4838.24        10347.66
1940-1949       87              4393.33         3834.97         8228.30
1940-1949       88              3668.28         2944.78         6613.06
1940-1949       89              3032.23         2283.59         5315.82
1940-1949       90              2393.16         1786.46         4179.62
1940-1949       91              1719.14         1262.35         2981.49
1940-1949       92              1426.09         1000.28         2426.37
1940-1949       93              1131.08          732.18         1863.26
1940-1949       94               809.06          498.10         1307.16
1940-1949       95               593.03          354.10          947.13
1940-1949       96               388.05          243.07          631.12
1940-1949       97               304.01          168.03          472.04
1940-1949       98               197.02          127.05          324.07
1940-1949       99               144.01           74.06          218.07
1940-1949      100                72.98           53.46          126.44
1940-1949      101                38.18           29.77           67.95
1940-1949      102                21.55           19.85           41.40
1940-1949      103                14.22           13.75           27.97
1940-1949      104                 6.81            6.26           13.07
1940-1949      105                 1.29            1.94            3.23
1940-1949      106                 2.00            2.00            4.00
1940-1949      107                 0.00            1.00            1.00
1940-1949      108                 0.00            0.00            0.00
1940-1949      109                 0.00            0.00            0.00
1940-1949      110+                0.00            1.00            1.00
1950-1959        0             20211.79        26747.19        46958.98
1950-1959        1              2254.43         2693.02         4947.45
1950-1959        2              1223.21         1641.62         2864.83
1950-1959        3               797.16         1144.43         1941.59
1950-1959        4               663.13          910.33         1573.46
1950-1959        5               537.10          696.25         1233.35
1950-1959        6               457.07          696.25         1153.32
1950-1959        7               419.06          593.23         1012.29
1950-1959        8               335.06          548.22          883.28
1950-1959        9               282.06          479.18          761.24
1950-1959       10               305.09          464.20          769.29
1950-1959       11               297.01          414.16          711.17
1950-1959       12               271.05          423.15          694.20
1950-1959       13               250.04          457.20          707.24
1950-1959       14               288.05          505.20          793.25
1950-1959       15               302.06          644.24          946.30
1950-1959       16               313.07          704.28         1017.35
1950-1959       17               354.08          924.35         1278.43
1950-1959       18               368.04         1131.43         1499.47
1950-1959       19               367.06         1188.44         1555.50
1950-1959       20               390.06         1183.47         1573.53
1950-1959       21               406.09         1337.52         1743.61
1950-1959       22               409.07         1236.48         1645.55
1950-1959       23               438.09         1122.43         1560.52
1950-1959       24               459.11         1236.48         1695.59
1950-1959       25               498.08         1165.43         1663.51
1950-1959       26               541.09         1167.47         1708.56
1950-1959       27               544.09         1206.44         1750.53
1950-1959       28               615.11         1240.47         1855.58
1950-1959       29               638.12         1191.45         1829.57
1950-1959       30               676.14         1292.49         1968.63
1950-1959       31               703.13         1239.46         1942.59
1950-1959       32               835.17         1406.54         2241.71
1950-1959       33               806.13         1293.51         2099.64
1950-1959       34               918.20         1440.54         2358.74
1950-1959       35               951.16         1456.57         2407.73
1950-1959       36              1042.20         1503.56         2545.76
1950-1959       37              1082.20         1639.64         2721.84
1950-1959       38              1217.22         1785.66         3002.88
1950-1959       39              1378.26         1863.69         3241.95
1950-1959       40              1340.26         2026.78         3367.04
1950-1959       41              1415.25         1986.75         3402.00
1950-1959       42              1805.36         2678.01         4483.37
1950-1959       43              1684.32         2473.95         4158.27
1950-1959       44              1632.31         2594.99         4227.30
1950-1959       45              1917.34         3068.17         4985.51
1950-1959       46              2088.39         3150.20         5238.59
1950-1959       47              2112.40         3488.32         5600.72
1950-1959       48              2259.42         3816.46         6075.88
1950-1959       49              2626.47         4153.59         6780.06
1950-1959       50              2692.52         4416.70         7109.22
1950-1959       51              2473.47         4483.70         6957.17
1950-1959       52              2921.51         5205.97         8127.48
1950-1959       53              3103.57         5562.12         8665.69
1950-1959       54              3414.67         5873.23         9287.90
1950-1959       55              3261.61         5811.21         9072.82
1950-1959       56              3704.71         6704.54        10409.25
1950-1959       57              3941.75         6951.69        10893.44
1950-1959       58              4387.82         7925.01        12312.83
1950-1959       59              4615.87         8245.14        12861.01
1950-1959       60              4958.93         8415.18        13374.11
1950-1959       61              4826.91         8412.20        13239.11
1950-1959       62              5764.10         9849.73        15613.83
1950-1959       63              6453.20        10576.99        17030.19
1950-1959       64              6662.24        11134.24        17796.48
1950-1959       65              7368.37        11954.54        19322.91
1950-1959       66              7059.33        11107.20        18166.53
1950-1959       67              7615.40        12140.60        19756.00
1950-1959       68              8280.53        12621.82        20902.35
1950-1959       69              8593.62        12432.72        21026.34
1950-1959       70              9107.70        12452.72        21560.42
1950-1959       71              8538.61        11557.40        20096.01
1950-1959       72              9778.83        12818.86        22597.69
1950-1959       73             10161.92        12900.93        23062.85
1950-1959       74             10375.92        12898.93        23274.85
1950-1959       75             10431.95        12167.60        22599.55
1950-1959       76             10707.99        11924.54        22632.53
1950-1959       77             10024.86        10566.01        20590.87
1950-1959       78             10928.06        11145.23        22073.29
1950-1959       79             10464.93        10265.91        20730.84
1950-1959       80             10484.96         9676.67        20161.63
1950-1959       81              9172.70         8348.15        17520.85
1950-1959       82              9793.81         8560.26        18354.07
1950-1959       83              9582.79         7987.02        17569.81
1950-1959       84              9368.77         7681.91        17050.68
1950-1959       85              8350.56         6540.51        14891.07
1950-1959       86              7863.46         6028.31        13891.77
1950-1959       87              6491.20         4983.89        11475.09
1950-1959       88              5580.04         4209.59         9789.63
1950-1959       89              4862.92         3475.32         8338.24
1950-1959       90              4079.75         2684.03         6763.78
1950-1959       91              2981.57         1928.71         4910.28
1950-1959       92              2536.47         1613.64         4150.11
1950-1959       93              1990.38         1251.46         3241.84
1950-1959       94              1496.28          855.33         2351.61
1950-1959       95              1065.21          623.21         1688.42
1950-1959       96               736.13          444.16         1180.29
1950-1959       97               513.11          252.09          765.20
1950-1959       98               353.04          176.05          529.09
1950-1959       99               186.05           82.03          268.08
1950-1959      100               103.59           63.78          167.37
1950-1959      101                59.71           36.87           96.58
1950-1959      102                33.29           20.72           54.01
1950-1959      103                17.99           10.62           28.61
1950-1959      104                 9.19            3.83           13.02
1950-1959      105                 2.24            1.26            3.50
1950-1959      106                 0.00            0.00            0.00
1950-1959      107                 0.00            0.00            0.00
1950-1959      108                 0.00            0.00            0.00
1950-1959      109                 0.00            0.00            0.00
1950-1959      110+                0.00            0.00            0.00
1960-1969        0             18885.27        25471.28        44356.55
1960-1969        1              1731.21         2012.60         3743.81
1960-1969        2               964.13         1214.34         2178.47
1960-1969        3               709.09          954.27         1663.36
1960-1969        4               622.07          759.20         1381.27
1960-1969        5               519.07          644.17         1163.24
1960-1969        6               450.05          625.20         1075.25
1960-1969        7               382.04          546.14          928.18
1960-1969        8               323.04          496.16          819.20
1960-1969        9               319.06          486.13          805.19
1960-1969       10               253.04          450.14          703.18
1960-1969       11               284.02          447.10          731.12
1960-1969       12               276.03          548.16          824.19
1960-1969       13               303.03          568.17          871.20
1960-1969       14               318.03          642.18          960.21
1960-1969       15               387.05          709.20         1096.25
1960-1969       16               470.06          940.25         1410.31
1960-1969       17               551.08         1341.35         1892.43
1960-1969       18               540.07         1640.43         2180.50
1960-1969       19               557.05         1757.48         2314.53
1960-1969       20               501.06         1679.46         2180.52
1960-1969       21               523.06         1590.40         2113.46
1960-1969       22               450.06         1442.41         1892.47
1960-1969       23               506.08         1254.34         1760.42
1960-1969       24               432.04         1196.31         1628.35
1960-1969       25               439.07         1109.29         1548.36
1960-1969       26               453.06         1082.30         1535.36
1960-1969       27               490.07         1067.30         1557.37
1960-1969       28               498.07         1112.31         1610.38
1960-1969       29               557.08         1097.31         1654.39
1960-1969       30               538.04         1117.30         1655.34
1960-1969       31               565.06         1130.29         1695.35
1960-1969       32               645.08         1199.33         1844.41
1960-1969       33               729.10         1337.39         2066.49
1960-1969       34               783.07         1464.41         2247.48
1960-1969       35               893.09         1535.45         2428.54
1960-1969       36               974.12         1679.46         2653.58
1960-1969       37              1092.13         1765.50         2857.63
1960-1969       38              1138.13         2030.58         3168.71
1960-1969       39              1406.14         2227.64         3633.78
1960-1969       40              1475.14         2370.66         3845.80
1960-1969       41              1427.17         2539.70         3966.87
1960-1969       42              1778.23         3041.87         4820.10
1960-1969       43              1815.20         3119.84         4935.04
1960-1969       44              1845.19         3171.85         5017.04
1960-1969       45              2049.22         3557.97         5607.19
1960-1969       46              2257.26         3792.06         6049.32
1960-1969       47              2486.30         4219.18         6705.48
1960-1969       48              2796.33         4632.28         7428.61
1960-1969       49              2897.35         5034.44         7931.79
1960-1969       50              3054.34         5313.51         8367.85
1960-1969       51              2921.35         5593.58         8514.93
1960-1969       52              3497.41         6418.76         9916.17
1960-1969       53              3683.44         6971.92        10655.36
1960-1969       54              4022.47         7734.15        11756.62
1960-1969       55              3689.41         7619.10        11308.51
1960-1969       56              4282.50         8410.30        12692.80
1960-1969       57              4177.48         8834.43        13011.91
1960-1969       58              4602.52         9645.64        14248.16
1960-1969       59              4885.58        10217.82        15103.40
1960-1969       60              5221.63        10468.92        15690.55
1960-1969       61              5160.61        10532.89        15693.50
1960-1969       62              6078.73        11659.18        17737.91
1960-1969       63              6429.74        12073.30        18503.04
1960-1969       64              6757.82        12587.50        19345.32
1960-1969       65              7469.87        13144.63        20614.50
1960-1969       66              7439.87        12388.40        19828.27
1960-1969       67              8209.97        13831.82        22041.79
1960-1969       68              9093.07        14225.93        23319.00
1960-1969       69              9670.15        14389.05        24059.20
1960-1969       70             10296.25        14543.10        24839.35
1960-1969       71              9939.20        13921.93        23861.13
1960-1969       72             11830.40        15555.40        27385.80
1960-1969       73             12834.51        16019.50        28854.01
1960-1969       74             13340.57        16118.56        29459.13
1960-1969       75             13660.62        15803.38        29464.00
1960-1969       76             13947.66        15732.37        29680.03
1960-1969       77             13244.55        14294.94        27539.49
1960-1969       78             14264.70        14747.04        29011.74
1960-1969       79             14231.69        13726.75        27958.44
1960-1969       80             14093.65        12715.48        26809.13
1960-1969       81             12655.50        11180.05        23835.55
1960-1969       82             13113.56        10937.02        24050.58
1960-1969       83             12886.52         9857.68        22744.20
1960-1969       84             12473.50         9264.56        21738.06
1960-1969       85             11004.30         7880.18        18884.48
1960-1969       86             10180.22         7028.93        17209.15
1960-1969       87              8922.05         5951.65        14873.70
1960-1969       88              7654.91         4879.33        12534.24
1960-1969       89              6632.78         3908.08        10540.86
1960-1969       90              5701.65         3182.90         8884.55
1960-1969       91              4422.51         2446.69         6869.20
1960-1969       92              3818.42         1899.54         5717.96
1960-1969       93              3032.35         1527.42         4559.77
1960-1969       94              2329.27         1119.28         3448.55
1960-1969       95              1733.20          783.20         2516.40
1960-1969       96              1190.14          579.18         1769.32
1960-1969       97               847.10          353.08         1200.18
1960-1969       98               595.07          275.08          870.15
1960-1969       99               377.04          146.04          523.08
1960-1969      100               237.12           80.24          317.36
1960-1969      101               154.37           52.01          206.38
1960-1969      102                83.13           35.68          118.81
1960-1969      103                53.91           19.98           73.89
1960-1969      104                32.77           12.02           44.79
1960-1969      105                 8.95            3.63           12.58
1960-1969      106                 6.31            3.00            9.31
1960-1969      107                 3.00            1.50            4.50
1960-1969      108                 0.00            0.00            0.00
1960-1969      109                 1.50            0.00            1.50
1960-1969      110+                1.50            0.00            1.50
1970-1979        0             15349.20        20986.47        36335.67
1970-1979        1              1304.11         1623.33         2927.44
1970-1979        2               805.06         1108.25         1913.31
1970-1979        3               589.07          903.20         1492.27
1970-1979        4               505.04          703.16         1208.20
1970-1979        5               410.04          586.12          996.16
1970-1979        6               414.03          574.13          988.16
1970-1979        7               342.02          521.10          863.12
1970-1979        8               304.01          430.09          734.10
1970-1979        9               293.02          420.09          713.11
1970-1979       10               256.01          412.07          668.08
1970-1979       11               270.04          454.11          724.15
1970-1979       12               263.02          490.12          753.14
1970-1979       13               325.01          508.10          833.11
1970-1979       14               364.00          669.15         1033.15
1970-1979       15               468.04          856.18         1324.22
1970-1979       16               558.04         1346.30         1904.34
1970-1979       17               696.06         1921.42         2617.48
1970-1979       18               780.06         2520.55         3300.61
1970-1979       19               713.05         2583.56         3296.61
1970-1979       20               662.06         2410.50         3072.56
1970-1979       21               629.03         2279.49         2908.52
1970-1979       22               575.05         2068.44         2643.49
1970-1979       23               608.04         1867.39         2475.43
1970-1979       24               658.03         1762.34         2420.37
1970-1979       25               578.05         1648.38         2226.43
1970-1979       26               632.04         1511.33         2143.37
1970-1979       27               607.05         1484.32         2091.37
1970-1979       28               574.07         1399.29         1973.36
1970-1979       29               628.04         1461.34         2089.38
1970-1979       30               658.05         1337.29         1995.34
1970-1979       31               663.06         1378.29         2041.35
1970-1979       32               718.05         1444.33         2162.38
1970-1979       33               718.05         1301.28         2019.33
1970-1979       34               785.07         1398.30         2183.37
1970-1979       35               815.07         1504.35         2319.42
1970-1979       36               871.06         1557.36         2428.42
1970-1979       37               942.10         1655.35         2597.45
1970-1979       38              1070.07         1827.38         2897.45
1970-1979       39              1163.08         2001.41         3164.49
1970-1979       40              1184.09         1972.42         3156.51
1970-1979       41              1255.09         2236.45         3491.54
1970-1979       42              1559.11         2665.57         4224.68
1970-1979       43              1692.13         2936.63         4628.76
1970-1979       44              1793.12         3227.70         5020.82
1970-1979       45              1984.17         3594.75         5578.92
1970-1979       46              2220.17         4143.90         6364.07
1970-1979       47              2551.20         4557.96         7109.16
1970-1979       48              2720.22         5018.07         7738.29
1970-1979       49              3047.25         5772.23         8819.48
1970-1979       50              3252.26         5980.29         9232.55
1970-1979       51              3303.26         6152.33         9455.59
1970-1979       52              3794.30         7124.53        10918.83
1970-1979       53              3789.31         7420.60        11209.91
1970-1979       54              4154.34         8028.75        12183.09
1970-1979       55              4284.32         8222.78        12507.10
1970-1979       56              4636.36         9111.92        13748.28
1970-1979       57              4996.39         9600.05        14596.44
1970-1979       58              5259.41        10441.22        15700.63
1970-1979       59              5678.44        11199.41        16877.85
1970-1979       60              6034.47        11675.50        17709.97
1970-1979       61              6080.50        11809.56        17890.06
1970-1979       62              6930.53        13412.89        20343.42
1970-1979       63              7464.61        14190.04        21654.65
1970-1979       64              7681.60        14671.17        22352.77
1970-1979       65              8065.65        15606.34        23671.99
1970-1979       66              8117.64        14776.17        22893.81
1970-1979       67              8812.68        16274.51        25087.19
1970-1979       68              9330.74        16300.48        25631.22
1970-1979       69              9937.77        17086.67        27024.44
1970-1979       70             10473.80        16757.58        27231.38
1970-1979       71             10503.83        16338.53        26842.36
1970-1979       72             11743.94        17376.72        29120.66
1970-1979       73             12375.00        17123.74        29498.74
1970-1979       74             13174.03        16920.68        30094.71
1970-1979       75             13884.05        16647.57        30531.62
1970-1979       76             14432.12        16288.50        30720.62
1970-1979       77             14087.09        15291.28        29378.37
1970-1979       78             15405.20        15441.27        30846.47
1970-1979       79             15720.24        14415.09        30135.33
1970-1979       80             15840.24        13467.87        29308.11
1970-1979       81             15342.22        12395.67        27737.89
1970-1979       82             16206.28        12448.67        28654.95
1970-1979       83             15987.27        11827.53        27814.80
1970-1979       84             16002.26        10799.34        26801.60
1970-1979       85             14861.17         9544.06        24405.23
1970-1979       86             14300.09         8740.88        23040.97
1970-1979       87             12304.98         7359.59        19664.57
1970-1979       88             10809.84         6124.29        16934.13
1970-1979       89              9882.79         5261.14        15143.93
1970-1979       90              8158.63         4086.88        12245.51
1970-1979       91              6734.51         3103.65         9838.16
1970-1979       92              5639.45         2499.56         8139.01
1970-1979       93              4528.36         1940.43         6468.79
1970-1979       94              3616.29         1367.31         4983.60
1970-1979       95              2700.22          953.21         3653.43
1970-1979       96              2010.15          717.14         2727.29
1970-1979       97              1450.10          440.13         1890.23
1970-1979       98               975.07          304.08         1279.15
1970-1979       99               640.05          197.06          837.11
1970-1979      100               392.04          107.02          499.06
1970-1979      101               246.04           60.01          306.05
1970-1979      102               142.03           38.51          180.54
1970-1979      103                98.00           24.50          122.50
1970-1979      104                39.52           19.50           59.02
1970-1979      105                18.50            7.50           26.00
1970-1979      106                 7.00            1.50            8.50
1970-1979      107                 3.00            1.50            4.50
1970-1979      108                 1.50            0.00            1.50
1970-1979      109                 3.00            1.50            4.50
1970-1979      110+                0.00            0.00            0.00
1980-1989        0              9691.65        13023.55        22715.20
1980-1989        1               818.05          980.28         1798.33
1980-1989        2               511.03          701.20         1212.23
1980-1989        3               356.04          588.19          944.23
1980-1989        4               291.01          446.13          737.14
1980-1989        5               247.00          383.11          630.11
1980-1989        6               229.00          373.09          602.09
1980-1989        7               228.00          331.09          559.09
1980-1989        8               187.02          339.09          526.11
1980-1989        9               205.02          280.07          485.09
1980-1989       10               199.00          356.09          555.09
1980-1989       11               196.00          323.10          519.10
1980-1989       12               189.01          379.11          568.12
1980-1989       13               247.01          452.14          699.15
1980-1989       14               267.01          525.15          792.16
1980-1989       15               355.03          672.17         1027.20
1980-1989       16               472.04         1009.27         1481.31
1980-1989       17               548.03         1632.45         2180.48
1980-1989       18               664.05         2074.58         2738.63
1980-1989       19               630.06         2204.61         2834.67
1980-1989       20               679.07         2182.58         2861.65
1980-1989       21               625.05         2117.58         2742.63
1980-1989       22               655.07         2048.55         2703.62
1980-1989       23               628.02         1932.51         2560.53
1980-1989       24               664.04         1979.52         2643.56
1980-1989       25               595.05         1903.50         2498.55
1980-1989       26               649.02         1811.47         2460.49
1980-1989       27               641.04         1782.46         2423.50
1980-1989       28               642.04         1760.46         2402.50
1980-1989       29               659.03         1727.44         2386.47
1980-1989       30               621.04         1615.42         2236.46
1980-1989       31               722.06         1610.42         2332.48
1980-1989       32               716.05         1603.39         2319.44
1980-1989       33               750.06         1715.47         2465.53
1980-1989       34               784.07         1701.44         2485.51
1980-1989       35               837.05         1734.46         2571.51
1980-1989       36               881.07         1646.43         2527.50
1980-1989       37               957.05         1752.45         2709.50
1980-1989       38               961.07         1850.47         2811.54
1980-1989       39              1139.08         2010.51         3149.59
1980-1989       40              1149.06         2031.54         3180.60
1980-1989       41              1187.07         2055.52         3242.59
1980-1989       42              1288.10         2353.63         3641.73
1980-1989       43              1387.10         2555.70         3942.80
1980-1989       44              1444.08         2556.69         4000.77
1980-1989       45              1553.09         2691.73         4244.82
1980-1989       46              1723.12         3068.83         4791.95
1980-1989       47              1850.12         3104.85         4954.97
1980-1989       48              1861.13         3456.93         5318.06
1980-1989       49              2112.14         3804.04         5916.18
1980-1989       50              2338.17         4408.22         6746.39
1980-1989       51              2383.15         4573.29         6956.44
1980-1989       52              2809.19         5263.45         8072.64
1980-1989       53              3086.21         5854.63         8940.84
1980-1989       54              3245.22         6405.80         9651.02
1980-1989       55              3472.26         6999.00        10471.26
1980-1989       56              3941.28         7707.13        11648.41
1980-1989       57              4256.31         8690.43        12946.74
1980-1989       58              4721.32         9607.62        14328.94
1980-1989       59              5254.34        10476.84        15731.18
1980-1989       60              5552.37        10872.96        16425.33
1980-1989       61              5694.37        11259.99        16954.36
1980-1989       62              6614.45        12512.30        19126.75
1980-1989       63              6970.48        13029.48        19999.96
1980-1989       64              7519.49        13664.64        21184.13
1980-1989       65              7824.53        14649.92        22474.45
1980-1989       66              8273.54        14760.92        23034.46
1980-1989       67              9081.60        16031.25        25112.85
1980-1989       68              9405.62        16185.34        25590.96
1980-1989       69             10444.70        17484.72        27929.42
1980-1989       70             10920.74        17485.73        28406.47
1980-1989       71             11601.77        18158.85        29760.62
1980-1989       72             12834.83        19478.17        32313.00
1980-1989       73             13152.87        19435.09        32587.96
1980-1989       74             13762.92        19849.17        33612.09
1980-1989       75             14457.95        19687.10        34145.05
1980-1989       76             14844.99        19501.04        34346.03
1980-1989       77             14998.98        18534.77        33533.75
1980-1989       78             15940.05        18568.82        34508.87
1980-1989       79             16615.10        18101.68        34716.78
1980-1989       80             16931.11        16821.44        33752.55
1980-1989       81             16614.08        15313.90        31927.98
1980-1989       82             17376.14        14692.71        32068.85
1980-1989       83             17492.16        13631.46        31123.62
1980-1989       84             17280.15        12367.18        29647.33
1980-1989       85             16724.11        10815.77        27539.88
1980-1989       86             16288.08         9531.40        25819.48
1980-1989       87             15196.01         8593.17        23789.18
1980-1989       88             13950.90         7057.79        21008.69
1980-1989       89             13125.86         6200.60        19326.46
1980-1989       90             11516.75         5154.33        16671.08
1980-1989       91             10279.66         4172.10        14451.76
1980-1989       92              9093.57         3485.96        12579.53
1980-1989       93              7756.50         2725.69        10482.19
1980-1989       94              6257.40         2099.51         8356.91
1980-1989       95              4877.32         1549.40         6426.72
1980-1989       96              3797.25         1129.29         4926.54
1980-1989       97              2833.18          813.20         3646.38
1980-1989       98              1914.10          518.15         2432.25
1980-1989       99              1365.09          336.09         1701.18
1980-1989      100               890.06          213.07         1103.13
1980-1989      101               579.02          113.03          692.05
1980-1989      102               343.01           91.02          434.03
1980-1989      103               234.01           33.52          267.53
1980-1989      104               128.00           20.01          148.01
1980-1989      105                78.00           16.00           94.00
1980-1989      106                53.50            7.50           61.00
1980-1989      107                22.50            6.00           28.50
1980-1989      108                15.00            1.50           16.50
1980-1989      109                 3.00            0.00            3.00
1980-1989      110+                3.00            1.50            4.50
1990-1999        0              6791.18         8970.08        15761.26
1990-1999        1               665.02          794.10         1459.12
1990-1999        2               370.02          549.07          919.09
1990-1999        3               283.00          426.03          709.03
1990-1999        4               256.00          318.39          574.39
1990-1999        5               189.79          253.34          443.13
1990-1999        6               178.25          231.77          410.02
1990-1999        7               169.50          226.89          396.39
1990-1999        8               152.50          234.65          387.15
1990-1999        9               150.00          211.15          361.15
1990-1999       10               151.67          222.37          374.04
1990-1999       11               143.00          212.75          355.75
1990-1999       12               169.38          221.39          390.77
1990-1999       13               209.51          263.54          473.05
1990-1999       14               269.03          394.04          663.07
1990-1999       15               276.41          545.65          822.06
1990-1999       16               364.01          755.08         1119.09
1990-1999       17               443.01         1075.14         1518.15
1990-1999       18               549.02         1497.18         2046.20
1990-1999       19               537.00         1593.20         2130.20
1990-1999       20               600.03         1645.20         2245.23
1990-1999       21               538.01         1719.22         2257.23
1990-1999       22               526.02         1766.21         2292.23
1990-1999       23               547.01         1831.22         2378.23
1990-1999       24               541.01         1707.24         2248.25
1990-1999       25               587.00         1700.23         2287.23
1990-1999       26               602.02         1910.24         2512.26
1990-1999       27               588.02         1803.21         2391.23
1990-1999       28               606.01         1763.19         2369.20
1990-1999       29               638.01         1859.24         2497.25
1990-1999       30               700.03         1937.22         2637.25
1990-1999       31               731.04         1956.23         2687.27
1990-1999       32               772.04         2027.22         2799.26
1990-1999       33               827.01         1905.22         2732.23
1990-1999       34               858.03         2054.24         2912.27
1990-1999       35               947.03         2073.27         3020.30
1990-1999       36              1004.01         2139.23         3143.24
1990-1999       37              1052.03         2092.25         3144.28
1990-1999       38              1129.04         2143.28         3272.32
1990-1999       39              1154.03         2253.31         3407.34
1990-1999       40              1253.05         2298.28         3551.33
1990-1999       41              1369.01         2503.29         3872.30
1990-1999       42              1410.05         2585.34         3995.39
1990-1999       43              1592.01         2705.34         4297.35
1990-1999       44              1656.03         2869.35         4525.38
1990-1999       45              1761.06         2998.37         4759.43
1990-1999       46              1890.07         3249.40         5139.47
1990-1999       47              2026.06         3326.40         5352.46
1990-1999       48              2155.10         3514.44         5669.54
1990-1999       49              2314.06         3735.46         6049.52
1990-1999       50              2469.10         4126.49         6595.59
1990-1999       51              2522.08         4302.53         6824.61
1990-1999       52              2731.09         4481.54         7212.63
1990-1999       53              2834.10         4801.59         7635.69
1990-1999       54              2872.09         5025.63         7897.72
1990-1999       55              3071.08         5356.67         8427.75
1990-1999       56              3180.11         5730.67         8910.78
1990-1999       57              3542.13         6278.76         9820.89
1990-1999       58              3697.09         6792.82        10489.91
1990-1999       59              4152.13         7392.93        11545.06
1990-1999       60              4389.12         8067.99        12457.11
1990-1999       61              4791.14         8908.05        13699.19
1990-1999       62              5168.15         9863.18        15031.33
1990-1999       63              5896.19        10776.29        16672.48
1990-1999       64              6109.17        11647.39        17756.56
1990-1999       65              6812.18        12706.52        19518.70
1990-1999       66              7636.23        13791.65        21427.88
1990-1999       67              8229.26        15072.81        23302.07
1990-1999       68              9152.26        16095.93        25248.19
1990-1999       69              9830.28        17014.05        26844.33
1990-1999       70             10906.31        17869.14        28775.45
1990-1999       71             11343.33        18649.26        29992.59
1990-1999       72             12475.36        19228.34        31703.70
1990-1999       73             13261.38        19771.39        33032.77
1990-1999       74             14165.43        20234.46        34399.89
1990-1999       75             14906.45        20503.52        35409.97
1990-1999       76             15930.46        21025.55        36956.01
1990-1999       77             17050.50        21361.62        38412.12
1990-1999       78             17809.51        21082.56        38892.07
1990-1999       79             18733.52        21105.53        39839.05
1990-1999       80             19775.59        20608.49        40384.08
1990-1999       81             20081.58        20293.45        40375.03
1990-1999       82             20950.63        19901.40        40852.03
1990-1999       83             21586.63        18660.27        40246.90
1990-1999       84             21889.64        17728.15        39617.79
1990-1999       85             21559.61        16218.98        37778.59
1990-1999       86             20932.61        14708.80        35641.41
1990-1999       87             20217.56        12925.58        33143.14
1990-1999       88             18615.53        11159.37        29774.90
1990-1999       89             17690.52         9691.21        27381.73
1990-1999       90             16125.47         8077.99        24203.46
1990-1999       91             14414.42         6547.80        20962.22
1990-1999       92             12816.35         5230.65        18047.00
1990-1999       93             10738.33         4077.49        14815.82
1990-1999       94              8909.27         2988.37        11897.64
1990-1999       95              7316.19         2207.26         9523.45
1990-1999       96              5840.17         1634.22         7474.39
1990-1999       97              4462.11         1183.14         5645.25
1990-1999       98              3334.07          780.08         4114.15
1990-1999       99              2308.05          463.05         2771.10
1990-1999      100              1611.07          309.06         1920.13
1990-1999      101              1143.03          213.01         1356.04
1990-1999      102               748.03          116.01          864.04
1990-1999      103               506.01           84.00          590.01
1990-1999      104               270.01           48.02          318.03
1990-1999      105               188.00           23.01          211.01
1990-1999      106                76.00           17.50           93.50
1990-1999      107                49.50            9.00           58.50
1990-1999      108                21.00            3.00           24.00
1990-1999      109                 9.00            0.00            9.00
1990-1999      110+                6.01            0.00            6.01
2000-2009        0              5442.34         7063.77        12506.11
2000-2009        1               443.37          552.06          995.43
2000-2009        2               245.01          377.29          622.30
2000-2009        3               199.51          276.89          476.40
2000-2009        4               159.00          217.02          376.02
2000-2009        5               150.92          199.35          350.27
2000-2009        6               127.59          174.84          302.43
2000-2009        7               114.50          174.77          289.27
2000-2009        8               105.33          136.16          241.49
2000-2009        9               119.25          171.43          290.68
2000-2009       10                99.00          161.26          260.26
2000-2009       11               109.00          142.26          251.26
2000-2009       12               131.00          192.26          323.26
2000-2009       13               139.83          221.62          361.45
2000-2009       14               180.08          240.31          420.39
2000-2009       15               247.01          395.05          642.06
2000-2009       16               308.01          521.06          829.07
2000-2009       17               393.02          835.53         1228.55
2000-2009       18               410.08         1090.10         1500.18
2000-2009       19               398.02         1166.19         1564.21
2000-2009       20               467.03         1184.03         1651.06
2000-2009       21               404.07         1221.73         1625.80
2000-2009       22               399.02         1100.43         1499.45
2000-2009       23               415.08         1276.33         1691.41
2000-2009       24               447.03         1283.41         1730.44
2000-2009       25               468.21         1330.49         1798.70
2000-2009       26               469.03         1307.24         1776.27
2000-2009       27               529.02         1337.41         1866.43
2000-2009       28               489.03         1379.25         1868.28
2000-2009       29               583.04         1490.26         2073.30
2000-2009       30               613.51         1497.91         2111.42
2000-2009       31               627.46         1571.25         2198.71
2000-2009       32               670.21         1657.53         2327.74
2000-2009       33               699.06         1676.67         2375.73
2000-2009       34               767.06         1663.28         2430.34
2000-2009       35               807.29         1763.28         2570.57
2000-2009       36               920.24         1871.30         2791.54
2000-2009       37               961.07         1897.30         2858.37
2000-2009       38              1157.26         1963.69         3120.95
2000-2009       39              1171.34         2108.52         3279.86
2000-2009       40              1274.10         2260.74         3534.84
2000-2009       41              1373.09         2377.62         3750.71
2000-2009       42              1420.10         2443.80         3863.90
2000-2009       43              1590.37         2756.44         4346.81
2000-2009       44              1699.12         2925.49         4624.61
2000-2009       45              1897.14         3142.82         5039.96
2000-2009       46              2051.14         3296.71         5347.85
2000-2009       47              2239.16         3464.67         5703.83
2000-2009       48              2329.17         3804.76         6133.93
2000-2009       49              2464.19         3905.97         6370.16
2000-2009       50              2654.69         4161.95         6816.64
2000-2009       51              2801.22         4441.89         7243.11
2000-2009       52              2962.14         4674.29         7636.43
2000-2009       53              3195.26         5246.96         8442.22
2000-2009       54              3398.45         5432.27         8830.72
2000-2009       55              3545.29         5914.71         9460.00
2000-2009       56              3751.47         6089.31         9840.78
2000-2009       57              3986.50         6603.45        10589.95
2000-2009       58              4255.34         7028.62        11283.96
2000-2009       59              4404.93         7519.69        11924.62
2000-2009       60              4737.92         7960.68        12698.60
2000-2009       61              4833.19         8359.68        13192.87
2000-2009       62              5211.39         8646.76        13858.15
2000-2009       63              5252.39         9153.84        14406.23
2000-2009       64              5616.58         9574.66        15191.24
2000-2009       65              5784.94        10191.40        15976.34
2000-2009       66              6210.73        10802.71        17013.44
2000-2009       67              6717.67        11405.07        18122.74
2000-2009       68              7073.12        11935.62        19008.74
2000-2009       69              7687.47        12721.45        20408.92
2000-2009       70              8182.13        13908.51        22090.64
2000-2009       71              9010.74        14522.84        23533.58
2000-2009       72              9813.79        15752.03        25565.82
2000-2009       73             10725.31        17036.07        27761.38
2000-2009       74             12015.31        18182.98        30198.29
2000-2009       75             12996.64        19302.84        32299.48
2000-2009       76             14211.22        20656.00        34867.22
2000-2009       77             15719.35        21773.50        37492.85
2000-2009       78             17321.97        22684.06        40006.03
2000-2009       79             18749.68        23632.10        42381.78
2000-2009       80             20334.83        23818.17        44153.00
2000-2009       81             21738.02        23841.94        45579.96
2000-2009       82             23062.21        23494.56        46556.77
2000-2009       83             24005.67        23309.74        47315.41
2000-2009       84             25076.26        22480.09        47556.35
2000-2009       85             25623.13        21914.70        47537.83
2000-2009       86             26339.36        20498.97        46838.33
2000-2009       87             26367.37        18890.96        45258.33
2000-2009       88             26094.95        17201.80        43296.75
2000-2009       89             24614.00        15076.31        39690.31
2000-2009       90             23527.65        13312.04        36839.69
2000-2009       91             22045.75        11270.08        33315.83
2000-2009       92             20293.15         9445.27        29738.42
2000-2009       93             17621.45         7558.13        25179.58
2000-2009       94             15097.39         5970.31        21067.70
2000-2009       95             12306.30         4510.67        16816.97
2000-2009       96              9648.14         3236.47        12884.61
2000-2009       97              7449.82         2237.49         9687.31
2000-2009       98              5551.59         1521.66         7073.25
2000-2009       99              3871.45          951.55         4823.00
2000-2009      100              2855.44          654.32         3509.76
2000-2009      101              1896.41          399.00         2295.41
2000-2009      102              1215.05          236.87         1451.92
2000-2009      103               749.64          137.08          886.72
2000-2009      104               442.97           76.23          519.20
2000-2009      105               252.90           40.84          293.74
2000-2009      106               139.86           21.58          161.44
2000-2009      107                74.52           10.86           85.38
2000-2009      108                38.56            3.73           42.29
2000-2009      109                19.24            0.00           19.24
2000-2009      110+               11.03            0.00           11.03
2010-2014        0              2449.09         3034.16         5483.25
2010-2014        1               179.00          240.00          419.00
2010-2014        2               122.00          144.01          266.01
2010-2014        3                73.00          107.01          180.01
2010-2014        4                74.01           78.00          152.01
2010-2014        5                64.00           98.00          162.00
2010-2014        6                60.00           87.00          147.00
2010-2014        7                60.00           67.01          127.01
2010-2014        8                60.00           77.00          137.00
2010-2014        9                58.01           54.00          112.01
2010-2014       10                48.00           63.00          111.00
2010-2014       11                43.01           56.00           99.01
2010-2014       12                48.00           61.00          109.00
2010-2014       13                67.01           87.00          154.01
2010-2014       14                83.01          116.00          199.01
2010-2014       15               120.01          157.00          277.01
2010-2014       16               144.00          215.01          359.01
2010-2014       17               163.01          310.01          473.02
2010-2014       18               174.00          407.02          581.02
2010-2014       19               188.00          457.02          645.02
2010-2014       20               201.00          503.03          704.03
2010-2014       21               189.00          514.03          703.03
2010-2014       22               200.00          470.02          670.02
2010-2014       23               212.00          508.29          720.29
2010-2014       24               210.00          506.02          716.02
2010-2014       25               221.00          557.03          778.03
2010-2014       26               241.01          588.02          829.03
2010-2014       27               227.02          598.01          825.03
2010-2014       28               227.01          575.01          802.02
2010-2014       29               279.01          637.02          916.03
2010-2014       30               284.01          616.02          900.03
2010-2014       31               322.02          652.03          974.05
2010-2014       32               344.02          719.02         1063.04
2010-2014       33               347.00          701.04         1048.04
2010-2014       34               339.28          742.02         1081.30
2010-2014       35               389.01          775.29         1164.30
2010-2014       36               394.00          819.04         1213.04
2010-2014       37               437.01          878.05         1315.06
2010-2014       38               542.26          931.06         1473.32
2010-2014       39               612.02         1005.05         1617.07
2010-2014       40               643.01         1115.07         1758.08
2010-2014       41               681.02         1176.06         1857.08
2010-2014       42               741.02         1215.07         1956.09
2010-2014       43               766.02         1326.08         2092.10
2010-2014       44               835.02         1302.07         2137.09
2010-2014       45               825.02         1433.07         2258.09
2010-2014       46               980.02         1531.07         2511.09
2010-2014       47              1088.02         1693.08         2781.10
2010-2014       48              1171.05         1898.10         3069.15
2010-2014       49              1333.06         2036.35         3369.41
2010-2014       50              1384.30         2242.10         3626.40
2010-2014       51              1509.06         2306.11         3815.17
2010-2014       52              1628.06         2543.37         4171.43
2010-2014       53              1666.07         2674.13         4340.20
2010-2014       54              1792.06         2855.15         4647.21
2010-2014       55              1931.32         3164.16         5095.48
2010-2014       56              2020.08         3286.43         5306.51
2010-2014       57              2111.33         3436.18         5547.51
2010-2014       58              2180.08         3635.19         5815.27
2010-2014       59              2393.09         3779.20         6172.29
2010-2014       60              2465.09         4211.23         6676.32
2010-2014       61              2719.08         4452.23         7171.31
2010-2014       62              2974.11         4734.51         7708.62
2010-2014       63              3118.11         5110.53         8228.64
2010-2014       64              3373.11         5448.30         8821.41
2010-2014       65              3482.13         5924.57         9406.70
2010-2014       66              3660.49         6112.99         9773.48
2010-2014       67              3764.49         6292.99        10057.48
2010-2014       68              3790.14         6550.35        10340.49
2010-2014       69              4163.15         6614.37        10777.52
2010-2014       70              4322.16         6875.37        11197.53
2010-2014       71              4667.17         7259.39        11926.56
2010-2014       72              4859.18         7606.40        12465.58
2010-2014       73              5168.45         7950.42        13118.87
2010-2014       74              5631.45         8380.43        14011.88
2010-2014       75              5983.56         8763.11        14746.67
2010-2014       76              6284.22         9090.48        15374.70
2010-2014       77              6932.61         9556.14        16488.75
2010-2014       78              7429.61        10079.17        17508.78
2010-2014       79              8008.54        10722.55        18731.09
2010-2014       80              9200.33        11407.60        20607.93
2010-2014       81              9903.34        11970.86        21874.20
2010-2014       82             11150.65        12766.67        23917.32
2010-2014       83             12328.43        13339.95        25668.38
2010-2014       84             13392.49        13647.72        27040.21
2010-2014       85             14160.75        13403.72        27564.47
2010-2014       86             15012.54        13401.71        28414.25
2010-2014       87             15649.56        12651.67        28301.23
2010-2014       88             16025.57        11974.62        28000.19
2010-2014       89             16044.57        11132.59        27177.16
2010-2014       90             15631.81         9969.51        25601.32
2010-2014       91             14405.53         8503.47        22909.00
2010-2014       92             12932.74         7062.40        19995.14
2010-2014       93             11275.43         5703.33        16978.76
2010-2014       94              9813.60         4479.24        14292.84
2010-2014       95              8280.29         3477.18        11757.47
2010-2014       96              7058.26         2550.14         9608.40
2010-2014       97              5593.20         1902.34         7495.54
2010-2014       98              4143.15         1292.07         5435.22
2010-2014       99              3057.11          850.04         3907.15
2010-2014      100              2226.80          536.83         2763.63
2010-2014      101              1461.33          323.25         1784.58
2010-2014      102               915.56          187.52         1103.08
2010-2014      103               548.58          104.43          653.01
2010-2014      104               316.35           56.42          372.77
2010-2014      105               174.81           29.39          204.20
2010-2014      106                92.29           14.75          107.04
2010-2014      107                46.89            7.18           54.07
2010-2014      108                23.22            3.25           26.47
2010-2014      109                11.17            0.00           11.17
2010-2014      110+                6.24            0.00            6.24
