West Germany, Deaths (period 1x10), 	Last modified: 26 Sep 2017;  Methods Protocol: v6 (2017)

  Year          Age             Female            Male           Total
1956-1959        0             55732.82        75080.20       130813.02
1956-1959        1              3602.06         4812.26         8414.32
1956-1959        2              1953.01         2410.13         4363.14
1956-1959        3              1364.00         1771.11         3135.11
1956-1959        4              1073.00         1491.07         2564.07
1956-1959        5               917.00         1245.06         2162.06
1956-1959        6               711.00         1183.06         1894.06
1956-1959        7               646.00         1075.05         1721.05
1956-1959        8               537.00          915.06         1452.06
1956-1959        9               484.00          843.04         1327.04
1956-1959       10               418.00          664.03         1082.03
1956-1959       11               390.00          653.04         1043.04
1956-1959       12               397.00          696.04         1093.04
1956-1959       13               412.00          706.04         1118.04
1956-1959       14               606.00          985.05         1591.05
1956-1959       15               756.00         1359.07         2115.07
1956-1959       16               858.00         1823.10         2681.10
1956-1959       17               968.00         2178.12         3146.12
1956-1959       18              1052.00         3026.17         4078.17
1956-1959       19              1090.00         3559.18         4649.18
1956-1959       20              1217.00         3751.21         4968.21
1956-1959       21              1100.00         3698.21         4798.21
1956-1959       22              1147.00         3342.17         4489.17
1956-1959       23              1129.00         3013.17         4142.17
1956-1959       24              1095.00         2778.16         3873.16
1956-1959       25              1177.00         2567.16         3744.16
1956-1959       26              1234.00         2654.15         3888.15
1956-1959       27              1373.00         2702.16         4075.16
1956-1959       28              1578.00         2713.15         4291.15
1956-1959       29              1643.00         2697.15         4340.15
1956-1959       30              1712.01         2621.15         4333.16
1956-1959       31              1846.02         2617.14         4463.16
1956-1959       32              2026.01         2572.13         4598.14
1956-1959       33              2118.02         2468.13         4586.15
1956-1959       34              2337.02         2583.15         4920.17
1956-1959       35              2526.02         2849.16         5375.18
1956-1959       36              2894.04         2996.18         5890.22
1956-1959       37              2777.05         2820.16         5597.21
1956-1959       38              2636.03         2660.14         5296.17
1956-1959       39              2398.04         2561.12         4959.16
1956-1959       40              2290.02         2249.13         4539.15
1956-1959       41              2853.03         2812.18         5665.21
1956-1959       42              3486.04         3583.23         7069.27
1956-1959       43              4253.06         4405.27         8658.33
1956-1959       44              5069.08         5424.32        10493.40
1956-1959       45              5678.09         6244.36        11922.45
1956-1959       46              5980.10         7089.40        13069.50
1956-1959       47              6572.10         7854.46        14426.56
1956-1959       48              7148.10         8900.50        16048.60
1956-1959       49              7970.10        10001.58        17971.68
1956-1959       50              8478.10        11452.66        19930.76
1956-1959       51              9026.14        12849.73        21875.87
1956-1959       52              9663.15        14291.82        23954.97
1956-1959       53             10156.16        15578.88        25735.04
1956-1959       54             10928.16        17543.99        28472.15
1956-1959       55             11577.17        19224.08        30801.25
1956-1959       56             12391.18        20474.15        32865.33
1956-1959       57             13206.18        22107.21        35313.39
1956-1959       58             13995.20        22667.24        36662.44
1956-1959       59             14869.23        23072.26        37941.49
1956-1959       60             16270.24        23462.29        39732.53
1956-1959       61             17219.25        23406.29        40625.54
1956-1959       62             18882.27        23908.32        42790.59
1956-1959       63             19951.28        24325.35        44276.63
1956-1959       64             21366.32        24802.38        46168.70
1956-1959       65             22778.34        26624.49        49402.83
1956-1959       66             24262.34        27374.53        51636.87
1956-1959       67             25783.36        28532.59        54315.95
1956-1959       68             28073.42        29702.67        57776.09
1956-1959       69             29626.43        30842.74        60469.17
1956-1959       70             31842.46        32479.82        64322.28
1956-1959       71             33684.49        33733.91        67418.40
1956-1959       72             35041.51        34730.96        69772.47
1956-1959       73             37220.55        35509.99        72730.54
1956-1959       74             38335.57        36227.02        74562.59
1956-1959       75             39965.59        36588.07        76553.66
1956-1959       76             40671.59        37344.09        78015.68
1956-1959       77             41570.60        37434.12        79004.72
1956-1959       78             41502.61        37301.11        78803.72
1956-1959       79             40978.60        36011.03        76989.63
1956-1959       80             40420.59        35175.98        75596.57
1956-1959       81             38001.56        32989.83        70991.39
1956-1959       82             35102.52        30280.69        65383.21
1956-1959       83             31821.47        26806.48        58627.95
1956-1959       84             27505.40        22639.24        50144.64
1956-1959       85             23680.33        19100.05        42780.38
1956-1959       86             19844.29        15739.88        35584.17
1956-1959       87             16430.24        12726.71        29156.95
1956-1959       88             13333.18         9959.55        23292.73
1956-1959       89             10650.15         7669.41        18319.56
1956-1959       90              8218.11         5729.32        13947.43
1956-1959       91              6150.09         4029.22        10179.31
1956-1959       92              4551.08         2860.17         7411.25
1956-1959       93              3116.06         1890.12         5006.18
1956-1959       94              2188.01         1176.06         3364.07
1956-1959       95              1489.00          759.04         2248.04
1956-1959       96               923.00          496.00         1419.00
1956-1959       97               579.00          290.00          869.00
1956-1959       98               333.00          132.00          465.00
1956-1959       99               207.00          104.00          311.00
1956-1959      100               110.00           44.00          154.00
1956-1959      101                42.00           19.00           61.00
1956-1959      102                26.05           10.99           37.04
1956-1959      103                13.62            5.40           19.02
1956-1959      104                 6.96            1.60            8.56
1956-1959      105                 3.01            0.00            3.01
1956-1959      106                 0.39            0.00            0.39
1956-1959      107                 0.00            0.00            0.00
1956-1959      108                 0.00            0.00            0.00
1956-1959      109                 0.00            0.00            0.00
1956-1959      110+                0.00            0.00            0.00
1960-1969        0            113114.64       153277.06       266391.70
1960-1969        1              8156.09        10073.34        18229.43
1960-1969        2              4436.06         5995.21        10431.27
1960-1969        3              3329.03         4696.13         8025.16
1960-1969        4              2787.00         3860.09         6647.09
1960-1969        5              2305.00         3484.08         5789.08
1960-1969        6              1990.00         3114.07         5104.07
1960-1969        7              1683.00         2726.06         4409.06
1960-1969        8              1412.00         2527.05         3939.05
1960-1969        9              1278.00         2158.04         3436.04
1960-1969       10              1091.00         2042.04         3133.04
1960-1969       11              1091.00         1834.03         2925.03
1960-1969       12              1092.00         1789.04         2881.04
1960-1969       13              1092.00         1965.04         3057.04
1960-1969       14              1233.00         2217.06         3450.06
1960-1969       15              1449.00         2605.08         4054.08
1960-1969       16              1750.00         4048.12         5798.12
1960-1969       17              1868.00         4876.16         6744.16
1960-1969       18              2174.00         6205.22         8379.22
1960-1969       19              2247.00         6967.22         9214.22
1960-1969       20              2261.01         7139.24         9400.25
1960-1969       21              2351.02         7622.25         9973.27
1960-1969       22              2497.00         7517.25        10014.25
1960-1969       23              2596.02         7463.26        10059.28
1960-1969       24              2821.03         7501.27        10322.30
1960-1969       25              2917.02         7587.25        10504.27
1960-1969       26              3089.02         7462.25        10551.27
1960-1969       27              3200.01         7475.24        10675.25
1960-1969       28              3304.03         7316.24        10620.27
1960-1969       29              3544.05         7305.25        10849.30
1960-1969       30              3558.04         7207.24        10765.28
1960-1969       31              3765.04         7185.24        10950.28
1960-1969       32              3980.06         7428.24        11408.30
1960-1969       33              4231.06         7659.26        11890.32
1960-1969       34              4504.06         7830.27        12334.33
1960-1969       35              5056.06         8022.29        13078.35
1960-1969       36              5259.06         8270.29        13529.35
1960-1969       37              6064.07         8946.31        15010.38
1960-1969       38              6828.08         9335.31        16163.39
1960-1969       39              7505.08        10129.31        17634.39
1960-1969       40              8201.10        10582.32        18783.42
1960-1969       41              8764.12        10468.33        19232.45
1960-1969       42              9199.12        10774.36        19973.48
1960-1969       43              9717.10        11162.36        20879.46
1960-1969       44              9862.12        11593.37        21455.49
1960-1969       45             11074.11        12432.39        23506.50
1960-1969       46             12241.12        13875.38        26116.50
1960-1969       47             13243.15        15419.47        28662.62
1960-1969       48             14556.18        16996.51        31552.69
1960-1969       49             15504.20        18506.59        34010.79
1960-1969       50             16833.25        20790.72        37623.97
1960-1969       51             18919.29        24560.86        43480.15
1960-1969       52             21746.32        28553.99        50300.31
1960-1969       53             24333.32        33537.13        57870.45
1960-1969       54             27251.34        38964.28        66215.62
1960-1969       55             29361.36        44448.45        73809.81
1960-1969       56             31773.41        49304.61        81078.02
1960-1969       57             34528.49        55207.81        89736.30
1960-1969       58             37520.52        60674.03        98194.55
1960-1969       59             40628.54        66951.19       107579.73
1960-1969       60             44304.59        72947.37       117251.96
1960-1969       61             47696.62        78172.53       125869.15
1960-1969       62             51498.68        82935.71       134434.39
1960-1969       63             55300.75        87000.80       142301.55
1960-1969       64             60441.78        90093.89       150535.67
1960-1969       65             64647.83        92913.92       157561.75
1960-1969       66             69971.90        95372.96       165344.86
1960-1969       67             74734.93        95886.96       170621.89
1960-1969       68             78781.01        96600.97       175381.98
1960-1969       69             84551.07        95998.94       180550.01
1960-1969       70             90230.14        95802.98       186033.12
1960-1969       71             94823.15        96109.00       190932.15
1960-1969       72            100503.29        95923.02       196426.31
1960-1969       73            105274.34        96530.08       201804.42
1960-1969       74            109648.38        96936.07       206584.45
1960-1969       75            113460.43        96776.10       210236.53
1960-1969       76            115697.46        97487.12       213184.58
1960-1969       77            117858.50        96031.07       213889.57
1960-1969       78            117880.49        94834.02       212714.51
1960-1969       79            116706.46        91997.95       208704.41
1960-1969       80            115718.46        88925.88       204644.34
1960-1969       81            111182.40        85141.73       196324.13
1960-1969       82            106012.34        80262.58       186274.92
1960-1969       83             99116.25        74062.36       173178.61
1960-1969       84             90895.11        67396.20       158291.31
1960-1969       85             82121.02        59891.93       142012.95
1960-1969       86             72167.88        52125.69       124293.57
1960-1969       87             61699.76        43850.42       105550.18
1960-1969       88             51328.65        35922.14        87250.79
1960-1969       89             41332.49        28204.92        69537.41
1960-1969       90             32695.39        21773.68        54469.07
1960-1969       91             24863.27        16538.52        41401.79
1960-1969       92             18446.19        11726.34        30172.53
1960-1969       93             13165.15         8236.28        21401.43
1960-1969       94              9168.08         5349.15        14517.23
1960-1969       95              6175.06         3486.07         9661.13
1960-1969       96              4022.04         2106.04         6128.08
1960-1969       97              2457.00         1231.00         3688.00
1960-1969       98              1527.00          703.00         2230.00
1960-1969       99               985.00          529.00         1514.00
1960-1969      100               551.00          236.00          787.00
1960-1969      101               256.00          108.00          364.00
1960-1969      102               147.44           57.76          205.20
1960-1969      103                68.92           20.63           89.55
1960-1969      104                33.00            6.32           39.32
1960-1969      105                 8.41            4.28           12.69
1960-1969      106                 2.23            1.00            3.23
1960-1969      107                 1.00            1.00            2.00
1960-1969      108                 0.00            0.00            0.00
1960-1969      109                 1.00            0.00            1.00
1960-1969      110+                0.00            1.00            1.00
1970-1979        0             54018.52        74737.82       128756.34
1970-1979        1              3809.00         4705.11         8514.11
1970-1979        2              2476.00         3327.06         5803.06
1970-1979        3              2159.00         3003.05         5162.05
1970-1979        4              1914.00         2817.03         4731.03
1970-1979        5              1809.00         2758.02         4567.02
1970-1979        6              1781.00         2652.02         4433.02
1970-1979        7              1640.00         2535.01         4175.01
1970-1979        8              1403.00         2284.00         3687.00
1970-1979        9              1298.00         2125.00         3423.00
1970-1979       10              1150.00         1941.00         3091.00
1970-1979       11              1170.00         1892.00         3062.00
1970-1979       12              1161.00         2018.00         3179.00
1970-1979       13              1226.00         2054.00         3280.00
1970-1979       14              1465.00         2420.01         3885.01
1970-1979       15              1938.00         3136.03         5074.03
1970-1979       16              2408.00         5529.13         7937.13
1970-1979       17              2468.00         6404.15         8872.15
1970-1979       18              2735.00         8447.21        11182.21
1970-1979       19              2634.00         8444.21        11078.21
1970-1979       20              2535.00         8050.19        10585.19
1970-1979       21              2432.00         7567.18         9999.18
1970-1979       22              2356.00         7162.17         9518.17
1970-1979       23              2387.00         6552.17         8939.17
1970-1979       24              2387.00         6196.14         8583.14
1970-1979       25              2347.00         5868.15         8215.15
1970-1979       26              2355.00         5848.14         8203.14
1970-1979       27              2511.00         5947.15         8458.15
1970-1979       28              2589.00         6109.16         8698.16
1970-1979       29              2787.00         6477.16         9264.16
1970-1979       30              3132.00         6918.17        10050.17
1970-1979       31              3364.00         7425.18        10789.18
1970-1979       32              3711.00         7913.18        11624.18
1970-1979       33              4028.00         8591.20        12619.20
1970-1979       34              4404.00         9226.22        13630.22
1970-1979       35              4947.00         9756.23        14703.23
1970-1979       36              5210.00        10655.28        15865.28
1970-1979       37              5605.00        11587.29        17192.29
1970-1979       38              5943.01        12117.29        18060.30
1970-1979       39              6412.02        12873.30        19285.32
1970-1979       40              6660.01        13560.34        20220.35
1970-1979       41              7240.04        14480.34        21720.38
1970-1979       42              7890.04        15338.37        23228.41
1970-1979       43              8641.06        16433.40        25074.46
1970-1979       44              9469.08        17186.42        26655.50
1970-1979       45             10259.10        18340.46        28599.56
1970-1979       46             11474.12        19453.46        30927.58
1970-1979       47             12732.12        20883.49        33615.61
1970-1979       48             14429.12        22283.50        36712.62
1970-1979       49             15885.14        23965.56        39850.70
1970-1979       50             17561.16        25420.60        42981.76
1970-1979       51             18448.18        26279.63        44727.81
1970-1979       52             19166.15        26248.63        45414.78
1970-1979       53             19634.20        26742.67        46376.87
1970-1979       54             20533.19        27932.68        48465.87
1970-1979       55             21948.19        30138.69        52086.88
1970-1979       56             23708.19        33453.76        57161.95
1970-1979       57             26067.20        36848.84        62916.04
1970-1979       58             28425.24        40086.93        68512.17
1970-1979       59             30755.28        43833.05        74588.33
1970-1979       60             33614.29        48804.19        82418.48
1970-1979       61             38321.37        55701.38        94022.75
1970-1979       62             44128.41        64707.59       108836.00
1970-1979       63             50711.47        73848.79       124560.26
1970-1979       64             58076.58        83242.98       141319.56
1970-1979       65             64611.62        92295.22       156906.84
1970-1979       66             69924.67       100127.43       170052.10
1970-1979       67             76385.69       107092.58       183478.27
1970-1979       68             83149.78       115113.76       198263.54
1970-1979       69             90826.84       121415.93       212242.77
1970-1979       70             97652.92       127018.03       224670.95
1970-1979       71            105389.98       129502.09       234892.07
1970-1979       72            111638.02       131126.14       242764.16
1970-1979       73            119642.11       130893.11       250535.22
1970-1979       74            126499.17       128794.07       255293.24
1970-1979       75            133124.25       125544.99       258669.24
1970-1979       76            137502.28       119684.83       257187.11
1970-1979       77            141969.35       114008.68       255978.03
1970-1979       78            143552.35       107466.52       251018.87
1970-1979       79            144554.36       100719.35       245273.71
1970-1979       80            144084.34        94204.23       238288.57
1970-1979       81            142294.33        87882.07       230176.40
1970-1979       82            137612.26        80761.90       218374.16
1970-1979       83            130196.19        73627.74       203823.93
1970-1979       84            121824.14        67352.61       189176.75
1970-1979       85            110468.04        60002.41       170470.45
1970-1979       86             98526.93        52715.25       151242.18
1970-1979       87             86402.78        45971.09       132373.87
1970-1979       88             74281.68        38785.93       113067.61
1970-1979       89             61682.59        31708.75        93391.34
1970-1979       90             50217.47        26104.65        76322.12
1970-1979       91             39962.36        20635.48        60597.84
1970-1979       92             30695.28        15755.36        46450.64
1970-1979       93             22919.24        11559.30        34478.54
1970-1979       94             16670.13         8326.20        24996.33
1970-1979       95             11782.10         5725.15        17507.25
1970-1979       96              8007.06         3722.08        11729.14
1970-1979       97              5223.00         2370.01         7593.01
1970-1979       98              3200.00         1493.00         4693.00
1970-1979       99              2084.00          971.00         3055.00
1970-1979      100              1267.00          506.00         1773.00
1970-1979      101               568.00          227.00          795.00
1970-1979      102               308.00          117.00          425.00
1970-1979      103               139.00           61.00          200.00
1970-1979      104                78.00           20.00           98.00
1970-1979      105                46.60           14.00           60.60
1970-1979      106                15.40            4.00           19.40
1970-1979      107                 7.00            0.00            7.00
1970-1979      108                 0.00            2.00            2.00
1970-1979      109                 1.00            0.00            1.00
1970-1979      110+                1.00            0.00            1.00
1980-1989        0             25360.10        34303.42        59663.52
1980-1989        1              2063.00         2516.00         4579.00
1980-1989        2              1251.00         1613.00         2864.00
1980-1989        3               980.00         1298.00         2278.00
1980-1989        4               760.00         1081.00         1841.00
1980-1989        5               696.00         1027.00         1723.00
1980-1989        6               648.00          916.00         1564.00
1980-1989        7               597.00          896.00         1493.00
1980-1989        8               536.00          883.00         1419.00
1980-1989        9               535.00          781.00         1316.00
1980-1989       10               502.00          789.00         1291.00
1980-1989       11               540.00          830.00         1370.00
1980-1989       12               592.00          919.00         1511.00
1980-1989       13               655.00         1110.00         1765.00
1980-1989       14               849.00         1407.00         2256.00
1980-1989       15              1159.00         2025.00         3184.00
1980-1989       16              1539.00         3438.04         4977.04
1980-1989       17              1824.00         4417.05         6241.05
1980-1989       18              2191.00         6409.08         8600.08
1980-1989       19              2220.00         6805.09         9025.09
1980-1989       20              2118.00         6761.08         8879.08
1980-1989       21              2120.00         6400.07         8520.07
1980-1989       22              2011.00         6158.07         8169.07
1980-1989       23              2010.00         6004.07         8014.07
1980-1989       24              2035.00         5695.06         7730.06
1980-1989       25              2040.00         5509.06         7549.06
1980-1989       26              2097.00         5356.06         7453.06
1980-1989       27              2192.00         5188.05         7380.05
1980-1989       28              2256.00         5273.05         7529.05
1980-1989       29              2294.00         5415.05         7709.05
1980-1989       30              2490.00         5396.04         7886.04
1980-1989       31              2647.00         5659.06         8306.06
1980-1989       32              2840.00         5800.06         8640.06
1980-1989       33              2948.00         5843.06         8791.06
1980-1989       34              3052.00         6076.06         9128.06
1980-1989       35              3364.00         6302.07         9666.07
1980-1989       36              3683.00         6809.08        10492.08
1980-1989       37              3953.00         7586.09        11539.09
1980-1989       38              4431.00         8379.10        12810.10
1980-1989       39              4812.00         9467.12        14279.12
1980-1989       40              5459.02        10644.12        16103.14
1980-1989       41              5944.02        11972.15        17916.17
1980-1989       42              6665.02        13299.19        19964.21
1980-1989       43              7347.02        14785.20        22132.22
1980-1989       44              8258.02        16674.22        24932.24
1980-1989       45              9250.02        18910.22        28160.24
1980-1989       46              9971.02        20647.23        30618.25
1980-1989       47             10646.02        22423.23        33069.25
1980-1989       48             11512.02        23889.25        35401.27
1980-1989       49             12237.02        25372.26        37609.28
1980-1989       50             13074.02        27765.29        40839.31
1980-1989       51             13733.04        29213.32        42946.36
1980-1989       52             14613.04        31514.35        46127.39
1980-1989       53             15859.04        33210.36        49069.40
1980-1989       54             17014.06        35351.41        52365.47
1980-1989       55             18281.07        36988.43        55269.50
1980-1989       56             20641.10        39362.43        60003.53
1980-1989       57             22050.10        42084.44        64134.54
1980-1989       58             25219.10        44712.46        69931.56
1980-1989       59             27591.10        47678.50        75269.60
1980-1989       60             31112.11        50242.53        81354.64
1980-1989       61             32870.13        51145.55        84015.68
1980-1989       62             34152.13        51038.57        85190.70
1980-1989       63             35777.13        51700.56        87477.69
1980-1989       64             37856.12        52209.50        90065.62
1980-1989       65             41437.15        55957.53        97394.68
1980-1989       66             45582.18        60485.57       106067.75
1980-1989       67             50627.23        65268.72       115895.95
1980-1989       68             55565.26        70087.84       125653.10
1980-1989       69             61048.27        74628.01       135676.28
1980-1989       70             67048.29        80532.12       147580.41
1980-1989       71             77542.36        89946.20       167488.56
1980-1989       72             89364.39       100004.28       189368.67
1980-1989       73            102137.43       109332.32       211469.75
1980-1989       74            114716.44       117544.43       232260.87
1980-1989       75            125728.52       123627.46       249355.98
1980-1989       76            134626.55       126399.48       261026.03
1980-1989       77            142356.56       127065.47       269422.03
1980-1989       78            150193.56       126585.46       276779.02
1980-1989       79            156129.56       124478.42       280607.98
1980-1989       80            160745.56       119910.34       280655.90
1980-1989       81            163453.58       114289.25       277742.83
1980-1989       82            161542.57       105421.13       266963.70
1980-1989       83            158834.56        95283.00       254117.56
1980-1989       84            153272.55        85055.87       238328.42
1980-1989       85            145330.54        73995.73       219326.27
1980-1989       86            134289.48        63774.64       198064.12
1980-1989       87            122207.43        53725.53       175932.96
1980-1989       88            108189.37        44167.42       152356.79
1980-1989       89             93218.30        35401.36       128619.66
1980-1989       90             78672.26        28927.32       107599.58
1980-1989       91             64383.20        22520.23        86903.43
1980-1989       92             51205.18        17458.18        68663.36
1980-1989       93             39467.12        13459.16        52926.28
1980-1989       94             29518.10         9663.09        39181.19
1980-1989       95             21353.06         6933.06        28286.12
1980-1989       96             14687.02         4686.04        19373.06
1980-1989       97              9938.01         3050.00        12988.01
1980-1989       98              6584.00         2019.00         8603.00
1980-1989       99              4349.00         1429.00         5778.00
1980-1989      100              2641.00          923.00         3564.00
1980-1989      101              1502.00          441.00         1943.00
1980-1989      102               788.00          246.00         1034.00
1980-1989      103               408.00          124.00          532.00
1980-1989      104               208.00           60.00          268.00
1980-1989      105                99.00           34.00          133.00
1980-1989      106                48.00           14.00           62.00
1980-1989      107                17.00            9.00           26.00
1980-1989      108                18.00            1.00           19.00
1980-1989      109                24.00           10.00           34.00
1980-1989      110+                0.00            0.00            0.00
1990-1999        0             16658.01        22345.02        39003.03
1990-1999        1              1621.00         1871.00         3492.00
1990-1999        2               909.00         1315.00         2224.00
1990-1999        3               750.00         1020.00         1770.00
1990-1999        4               621.00          785.00         1406.00
1990-1999        5               482.00          705.00         1187.00
1990-1999        6               494.00          636.00         1130.00
1990-1999        7               463.00          556.00         1019.00
1990-1999        8               397.00          591.00          988.00
1990-1999        9               377.00          504.00          881.00
1990-1999       10               366.00          484.00          850.00
1990-1999       11               379.00          562.00          941.00
1990-1999       12               389.00          581.00          970.00
1990-1999       13               400.00          610.00         1010.00
1990-1999       14               471.00          756.00         1227.00
1990-1999       15               638.00         1047.00         1685.00
1990-1999       16               772.00         1573.00         2345.00
1990-1999       17               877.00         2054.00         2931.00
1990-1999       18              1221.00         3348.00         4569.00
1990-1999       19              1301.00         3667.00         4968.00
1990-1999       20              1308.00         3716.00         5024.00
1990-1999       21              1307.00         4099.00         5406.00
1990-1999       22              1411.00         4252.00         5663.00
1990-1999       23              1431.00         4547.00         5978.00
1990-1999       24              1628.00         4626.00         6254.00
1990-1999       25              1758.00         4869.00         6627.00
1990-1999       26              1795.00         5084.00         6879.00
1990-1999       27              1909.00         5418.00         7327.00
1990-1999       28              2138.00         5690.00         7828.00
1990-1999       29              2354.00         5951.00         8305.00
1990-1999       30              2495.00         6211.00         8706.00
1990-1999       31              2577.00         6457.00         9034.00
1990-1999       32              2869.00         6658.00         9527.00
1990-1999       33              3053.00         7006.00        10059.00
1990-1999       34              3337.00         7334.00        10671.00
1990-1999       35              3581.00         7593.00        11174.00
1990-1999       36              3871.00         7942.00        11813.00
1990-1999       37              4269.00         8430.00        12699.00
1990-1999       38              4454.00         8741.00        13195.00
1990-1999       39              4775.00         9432.00        14207.00
1990-1999       40              5296.00        10222.00        15518.00
1990-1999       41              5773.00        10852.00        16625.00
1990-1999       42              6231.00        11666.00        17897.00
1990-1999       43              6809.00        12509.00        19318.00
1990-1999       44              7110.00        13042.00        20152.00
1990-1999       45              7703.00        14268.00        21971.00
1990-1999       46              8290.00        15246.01        23536.01
1990-1999       47              8848.00        16711.03        25559.03
1990-1999       48              9803.00        18418.02        28221.02
1990-1999       49             10472.00        20696.04        31168.04
1990-1999       50             11686.02        23563.04        35249.06
1990-1999       51             12952.02        25600.04        38552.06
1990-1999       52             13947.02        28599.04        42546.06
1990-1999       53             15175.02        31514.04        46689.06
1990-1999       54             17091.02        35308.04        52399.06
1990-1999       55             18355.02        38865.04        57220.06
1990-1999       56             19553.02        42049.04        61602.06
1990-1999       57             21037.02        45463.04        66500.06
1990-1999       58             22274.02        48067.06        70341.08
1990-1999       59             23836.02        51365.08        75201.10
1990-1999       60             25331.02        54473.07        79804.09
1990-1999       61             26935.02        57355.07        84290.09
1990-1999       62             28993.02        60876.08        89869.10
1990-1999       63             31358.02        63727.08        95085.10
1990-1999       64             33992.04        66678.08       100670.12
1990-1999       65             36982.04        68777.08       105759.12
1990-1999       66             40727.04        71424.09       112151.13
1990-1999       67             45567.04        75160.08       120727.12
1990-1999       68             51387.05        78705.08       130092.13
1990-1999       69             57704.06        81859.11       139563.17
1990-1999       70             63851.06        84310.09       148161.15
1990-1999       71             67777.04        83631.09       151408.13
1990-1999       72             71707.04        81548.09       153255.13
1990-1999       73             75111.04        79953.10       155064.14
1990-1999       74             79428.05        79415.10       158843.15
1990-1999       75             86369.08        82157.10       168526.18
1990-1999       76             94580.10        84712.10       179292.20
1990-1999       77            103325.11        88056.11       191381.22
1990-1999       78            112305.12        89513.11       201818.23
1990-1999       79            119590.12        91117.13       210707.25
1990-1999       80            127961.13        91750.13       219711.26
1990-1999       81            143039.14        95775.14       238814.28
1990-1999       82            157349.14        98683.12       256032.26
1990-1999       83            169660.14       100029.12       269689.26
1990-1999       84            178218.14        98011.12       276229.26
1990-1999       85            179153.13        92921.12       272074.25
1990-1999       86            174849.12        84626.11       259475.23
1990-1999       87            166763.12        75252.08       242015.20
1990-1999       88            156244.12        65476.08       221720.20
1990-1999       89            141137.10        55977.07       197114.17
1990-1999       90            125800.08        46591.04       172391.12
1990-1999       91            107559.08        36850.04       144409.12
1990-1999       92             89252.06        28589.04       117841.10
1990-1999       93             71637.04        21454.03        93091.07
1990-1999       94             56353.04        15733.00        72086.04
1990-1999       95             42660.02        10862.00        53522.02
1990-1999       96             31315.02         7469.00        38784.02
1990-1999       97             21726.02         4878.00        26604.02
1990-1999       98             14664.00         3030.00        17694.00
1990-1999       99              9923.00         2098.00        12021.00
1990-1999      100              6483.00         1455.00         7938.00
1990-1999      101              3859.00          705.00         4564.00
1990-1999      102              2161.00          397.00         2558.00
1990-1999      103              1228.00          194.00         1422.00
1990-1999      104               641.00          110.00          751.00
1990-1999      105               338.00           64.00          402.00
1990-1999      106               192.00           21.00          213.00
1990-1999      107                90.00           16.00          106.00
1990-1999      108                75.00           16.00           91.00
1990-1999      109                41.00           11.00           52.00
1990-1999      110+               15.00            4.00           19.00
2000-2009        0             10582.92        13824.36        24407.28
2000-2009        1               978.05         1244.14         2222.19
2000-2009        2               595.02          684.04         1279.06
2000-2009        3               485.02          609.04         1094.06
2000-2009        4               383.02          482.02          865.04
2000-2009        5               352.01          427.02          779.03
2000-2009        6               319.02          394.03          713.05
2000-2009        7               288.02          375.01          663.03
2000-2009        8               274.00          398.01          672.01
2000-2009        9               245.00          377.01          622.01
2000-2009       10               289.01          333.02          622.03
2000-2009       11               333.01          450.01          783.02
2000-2009       12               308.01          477.01          785.02
2000-2009       13               377.01          494.02          871.03
2000-2009       14               443.02          623.04         1066.06
2000-2009       15               559.02          807.05         1366.07
2000-2009       16               620.02         1313.16         1933.18
2000-2009       17               703.02         1541.18         2244.20
2000-2009       18               958.06         2503.22         3461.28
2000-2009       19               956.07         2533.22         3489.29
2000-2009       20               980.06         2650.24         3630.30
2000-2009       21               883.05         2588.26         3471.31
2000-2009       22               943.05         2600.23         3543.28
2000-2009       23               962.06         2515.23         3477.29
2000-2009       24               967.07         2572.25         3539.32
2000-2009       25               927.07         2608.25         3535.32
2000-2009       26              1044.12         2634.27         3678.39
2000-2009       27              1094.11         2702.28         3796.39
2000-2009       28              1107.11         2758.26         3865.37
2000-2009       29              1217.11         2834.26         4051.37
2000-2009       30              1331.14         3053.27         4384.41
2000-2009       31              1493.14         3437.32         4930.46
2000-2009       32              1654.16         3676.34         5330.50
2000-2009       33              1898.15         4016.35         5914.50
2000-2009       34              2186.18         4535.41         6721.59
2000-2009       35              2542.19         5071.47         7613.66
2000-2009       36              2881.21         5565.50         8446.71
2000-2009       37              3285.26         6216.56         9501.82
2000-2009       38              3692.33         7072.66        10764.99
2000-2009       39              4307.37         7846.74        12154.11
2000-2009       40              4631.38         8906.87        13538.25
2000-2009       41              5213.47         9701.99        14915.46
2000-2009       42              5879.52        10755.08        16634.60
2000-2009       43              6550.57        11929.23        18479.80
2000-2009       44              6922.62        12815.33        19737.95
2000-2009       45              7953.71        13979.48        21933.19
2000-2009       46              8568.78        15363.62        23932.40
2000-2009       47              9272.86        16654.80        25927.66
2000-2009       48              9811.91        17982.94        27794.85
2000-2009       49             10783.00        19181.06        29964.06
2000-2009       50             11590.06        20564.21        32154.27
2000-2009       51             12193.10        22294.39        34487.49
2000-2009       52             13224.23        23874.55        37098.78
2000-2009       53             13923.31        25171.69        39095.00
2000-2009       54             14308.36        26897.95        41206.31
2000-2009       55             15278.47        28430.14        43708.61
2000-2009       56             16194.54        30303.28        46497.82
2000-2009       57             17481.64        32279.41        49761.05
2000-2009       58             18861.80        35746.64        54608.44
2000-2009       59             19872.84        39206.01        59078.85
2000-2009       60             22268.01        43267.29        65535.30
2000-2009       61             24060.06        47280.59        71340.65
2000-2009       62             26168.25        51904.06        78072.31
2000-2009       63             28504.38        56319.34        84823.72
2000-2009       64             31283.71        61773.15        93056.86
2000-2009       65             34441.07        68141.91       102582.98
2000-2009       66             37155.28        71911.33       109066.61
2000-2009       67             39845.74        75511.00       115356.74
2000-2009       68             42611.12        79072.81       121683.93
2000-2009       69             45895.51        81516.15       127411.66
2000-2009       70             48661.63        84843.19       133504.82
2000-2009       71             52499.85        88418.33       140918.18
2000-2009       72             57307.32        91446.73       148754.05
2000-2009       73             62033.73        93689.11       155722.84
2000-2009       74             67074.09        96399.62       163473.71
2000-2009       75             74815.46        97340.54       172156.00
2000-2009       76             83061.07        98339.62       181400.69
2000-2009       77             92380.95       101840.15       194221.10
2000-2009       78            103744.07       104275.53       208019.60
2000-2009       79            115595.07       104269.50       219864.57
2000-2009       80            128453.20       104908.71       233361.91
2000-2009       81            134386.31        99693.58       234079.89
2000-2009       82            136700.46        93086.25       229786.71
2000-2009       83            139998.60        86160.83       226159.43
2000-2009       84            140743.80        80107.76       220851.56
2000-2009       85            145935.65        76062.67       221998.32
2000-2009       86            149491.43        73054.02       222545.45
2000-2009       87            151304.77        68211.45       219516.22
2000-2009       88            147382.38        61589.81       208972.19
2000-2009       89            140209.48        54300.08       194509.56
2000-2009       90            130769.97        46966.73       177736.70
2000-2009       91            125692.21        42434.19       168126.40
2000-2009       92            117561.93        36334.69       153896.62
2000-2009       93            104917.35        30042.15       134959.50
2000-2009       94             90297.93        24041.73       114339.66
2000-2009       95             72624.46        18456.15        91080.61
2000-2009       96             55336.80        12916.53        68253.33
2000-2009       97             40884.30         8648.00        49532.30
2000-2009       98             28684.02         5691.66        34375.68
2000-2009       99             19378.06         3573.42        22951.48
2000-2009      100             12708.37         2148.28        14856.65
2000-2009      101              7857.85         1241.18         9099.03
2000-2009      102              4822.53          671.06         5493.59
2000-2009      103              2690.28          367.02         3057.30
2000-2009      104              1475.17          171.00         1646.17
2000-2009      105               821.06           80.00          901.06
2000-2009      106               419.02           35.00          454.02
2000-2009      107               191.02           27.00          218.02
2000-2009      108                80.72           11.20           91.92
2000-2009      109                39.77            1.79           41.56
2000-2009      110+               31.51            1.00           32.51
2010-2015        0              5383.56         6655.10        12038.66
2010-2015        1               401.11          504.14          905.25
2010-2015        2               219.04          286.09          505.13
2010-2015        3               187.04          234.08          421.12
2010-2015        4               166.03          201.08          367.11
2010-2015        5               154.02          192.05          346.07
2010-2015        6               124.00          166.03          290.03
2010-2015        7               124.01          151.02          275.03
2010-2015        8               134.03          152.02          286.05
2010-2015        9               113.00          169.04          282.04
2010-2015       10               108.01          140.00          248.01
2010-2015       11               129.01          160.04          289.05
2010-2015       12               147.02          204.05          351.07
2010-2015       13               159.01          221.08          380.09
2010-2015       14               196.06          268.09          464.15
2010-2015       15               252.06          355.10          607.16
2010-2015       16               284.09          551.19          835.28
2010-2015       17               320.09          694.20         1014.29
2010-2015       18               464.13          940.29         1404.42
2010-2015       19               412.12         1061.33         1473.45
2010-2015       20               432.11         1105.35         1537.46
2010-2015       21               433.13         1169.36         1602.49
2010-2015       22               452.13         1139.35         1591.48
2010-2015       23               520.17         1243.39         1763.56
2010-2015       24               494.16         1221.38         1715.54
2010-2015       25               515.14         1291.40         1806.54
2010-2015       26               519.16         1299.41         1818.57
2010-2015       27               557.16         1341.40         1898.56
2010-2015       28               584.15         1356.43         1940.58
2010-2015       29               665.19         1467.46         2132.65
2010-2015       30               673.18         1484.47         2157.65
2010-2015       31               708.20         1631.53         2339.73
2010-2015       32               776.22         1716.56         2492.78
2010-2015       33               902.26         1792.57         2694.83
2010-2015       34               949.30         1821.56         2770.86
2010-2015       35               993.29         1946.61         2939.90
2010-2015       36              1104.32         2003.64         3107.96
2010-2015       37              1161.32         2137.67         3298.99
2010-2015       38              1332.40         2488.77         3821.17
2010-2015       39              1570.45         2756.86         4327.31
2010-2015       40              1768.50         3141.94         4910.44
2010-2015       41              2103.57         3569.09         5672.66
2010-2015       42              2526.70         4287.31         6814.01
2010-2015       43              2962.81         5112.57         8075.38
2010-2015       44              3431.95         5822.77         9254.72
2010-2015       45              3828.07         6850.14        10678.21
2010-2015       46              4512.29         7576.34        12088.63
2010-2015       47              5155.47         8716.72        13872.19
2010-2015       48              5617.59         9681.01        15298.60
2010-2015       49              6408.83        10977.46        17386.29
2010-2015       50              6960.99        11949.75        18910.74
2010-2015       51              7713.25        13242.13        20955.38
2010-2015       52              8385.43        14410.55        22795.98
2010-2015       53              8995.64        15538.91        24534.55
2010-2015       54              9384.75        16824.32        26209.07
2010-2015       55             10006.90        17704.60        27711.50
2010-2015       56             10512.08        18844.96        29357.04
2010-2015       57             11079.23        20141.38        31220.61
2010-2015       58             11849.44        21459.77        33309.21
2010-2015       59             12776.71        22910.24        35686.95
2010-2015       60             13942.04        24511.67        38453.71
2010-2015       61             14779.26        26148.22        40927.48
2010-2015       62             15515.49        27476.69        42992.18
2010-2015       63             16392.76        28751.15        45143.91
2010-2015       64             16884.00        29588.52        46472.52
2010-2015       65             17550.23        30413.86        47964.09
2010-2015       66             18703.51        32060.15        50763.66
2010-2015       67             19572.65        33539.41        53112.06
2010-2015       68             21250.02        36421.17        57671.19
2010-2015       69             23593.60        40388.25        63981.85
2010-2015       70             27887.81        46855.25        74743.06
2010-2015       71             31324.79        52421.03        83745.82
2010-2015       72             35063.90        56631.58        91695.48
2010-2015       73             38775.18        61399.43       100174.61
2010-2015       74             42455.34        64696.60       107151.94
2010-2015       75             46722.62        67604.50       114327.12
2010-2015       76             49053.35        67992.71       117046.06
2010-2015       77             51065.01        67385.70       118450.71
2010-2015       78             54455.12        67786.93       122242.05
2010-2015       79             58345.21        68685.97       127031.18
2010-2015       80             62727.24        69320.89       132048.13
2010-2015       81             67364.18        70204.88       137569.06
2010-2015       82             74277.07        71922.53       146199.60
2010-2015       83             81838.34        72617.05       154455.39
2010-2015       84             89618.69        71970.05       161588.74
2010-2015       85             95858.50        69179.36       165037.86
2010-2015       86            101116.98        64536.94       165653.92
2010-2015       87            104274.93        58712.02       162986.95
2010-2015       88            107226.78        53063.06       160289.84
2010-2015       89            107634.90        47466.07       155100.97
2010-2015       90            104369.04        41483.18       145852.22
2010-2015       91             91573.92        34336.16       125910.08
2010-2015       92             77016.54        26658.06       103674.60
2010-2015       93             62288.77        19874.83        82163.60
2010-2015       94             48289.16        14147.76        62436.92
2010-2015       95             38486.46        10479.31        48965.77
2010-2015       96             30388.29         7574.27        37962.56
2010-2015       97             25487.82         5841.74        31329.56
2010-2015       98             20885.69         4410.36        25296.05
2010-2015       99             15919.49         2985.94        18905.43
2010-2015      100             11854.46         2084.68        13939.14
2010-2015      101              7778.29         1230.40         9008.69
2010-2015      102              4826.43          707.23         5533.66
2010-2015      103              2885.85          393.13         3278.98
2010-2015      104              1571.48          170.06         1741.54
2010-2015      105               894.26          109.01         1003.27
2010-2015      106               405.14           31.00          436.14
2010-2015      107               178.04           17.00          195.04
2010-2015      108               101.24            7.41          108.65
2010-2015      109                48.54            2.36           50.90
2010-2015      110+               37.27            0.24           37.51
