Spain, Deaths (period 1x10), 	Last modified: 26 Sep 2017;  Methods Protocol: v6 (2017)

  Year          Age             Female            Male           Total
1908-1909        0             91877.74       113725.03       205602.77
1908-1909        1             42849.00        45497.66        88346.66
1908-1909        2             21573.37        22495.10        44068.47
1908-1909        3             11906.43        12465.52        24371.95
1908-1909        4              7996.40         8067.99        16064.39
1908-1909        5              5215.72         5299.11        10514.83
1908-1909        6              4273.76         4091.66         8365.42
1908-1909        7              2743.63         2724.78         5468.41
1908-1909        8              2084.29         2030.79         4115.08
1908-1909        9              1607.30         1628.65         3235.95
1908-1909       10              1533.15         1400.99         2934.14
1908-1909       11              1374.83         1269.62         2644.45
1908-1909       12              1427.94         1313.74         2741.68
1908-1909       13              1422.91         1264.60         2687.51
1908-1909       14              1714.52         1385.95         3100.47
1908-1909       15              1770.63         1363.90         3134.53
1908-1909       16              2017.13         1510.31         3527.44
1908-1909       17              2125.36         1956.58         4081.94
1908-1909       18              2406.94         2333.66         4740.60
1908-1909       19              2077.28         2212.31         4289.59
1908-1909       20              2436.01         2339.67         4775.68
1908-1909       21              2113.34         2155.14         4268.48
1908-1909       22              2813.76         2602.42         5416.18
1908-1909       23              2563.26         2470.05         5033.31
1908-1909       24              2643.42         2412.88         5056.30
1908-1909       25              2516.15         2294.54         4810.69
1908-1909       26              2556.23         2138.09         4694.32
1908-1909       27              2309.75         1978.64         4288.39
1908-1909       28              2729.60         2251.42         4981.02
1908-1909       29              1890.87         1689.82         3580.69
1908-1909       30              3657.51         2514.17         6171.68
1908-1909       31              1640.36         1488.25         3128.61
1908-1909       32              2681.50         2157.15         4838.65
1908-1909       33              2332.77         2134.09         4466.86
1908-1909       34              2425.97         2021.76         4447.73
1908-1909       35              2502.13         2332.65         4834.78
1908-1909       36              2579.28         2215.31         4794.59
1908-1909       37              1898.90         1847.26         3746.16
1908-1909       38              2435.98         2374.76         4810.74
1908-1909       39              1628.33         1734.96         3363.29
1908-1909       40              4085.37         3552.12         7637.49
1908-1909       41              1416.90         1565.47         2982.37
1908-1909       42              2553.24         2785.94         5339.18
1908-1909       43              1715.52         2147.12         3862.64
1908-1909       44              2250.61         2518.18         4768.79
1908-1909       45              2711.55         3232.22         5943.77
1908-1909       46              2327.77         2785.95         5113.72
1908-1909       47              1766.62         2520.18         4286.80
1908-1909       48              2631.40         3414.73         6046.13
1908-1909       49              1823.74         2377.79         4201.53
1908-1909       50              4876.00         4798.68         9674.68
1908-1909       51              1591.24         2079.94         3671.18
1908-1909       52              2764.66         3330.50         6095.16
1908-1909       53              2113.34         2701.70         4815.04
1908-1909       54              2992.13         3557.15         6549.28
1908-1909       55              3383.94         3827.92         7211.86
1908-1909       56              3365.89         4025.48         7391.37
1908-1909       57              2557.25         3180.06         5737.31
1908-1909       58              3802.79         4287.22         8090.01
1908-1909       59              2519.15         3432.80         5951.95
1908-1909       60              9548.57         7927.61        17476.18
1908-1909       61              2544.21         3206.14         5750.35
1908-1909       62              4701.63         5291.08         9992.71
1908-1909       63              4010.22         4578.06         8588.28
1908-1909       64              5464.17         5795.52        11259.69
1908-1909       65              6074.43         6230.77        12305.20
1908-1909       66              5489.24         5703.26        11192.50
1908-1909       67              4223.63         4667.31         8890.94
1908-1909       68              5666.60         5848.68        11515.28
1908-1909       69              3070.25         3579.21         6649.46
1908-1909       70             12299.21         9527.17        21826.38
1908-1909       71              2881.90         3196.11         6078.01
1908-1909       72              5711.68         5416.45        11128.13
1908-1909       73              4229.65         4396.53         8626.18
1908-1909       74              5213.68         5238.94        10452.62
1908-1909       75              6243.78         5869.75        12113.53
1908-1909       76              4952.13         4765.58         9717.71
1908-1909       77              3875.93         4180.92         8056.85
1908-1909       78              5559.40         5373.31        10932.71
1908-1909       79              2873.88         3080.79         5954.67
1908-1909       80              9861.19         7102.25        16963.44
1908-1909       81              2314.73         2077.94         4392.67
1908-1909       82              3898.99         3368.60         7267.59
1908-1909       83              2799.72         2403.86         5203.58
1908-1909       84              3952.08         3144.97         7097.05
1908-1909       85              3254.65         2403.87         5658.52
1908-1909       86              2503.13         1928.51         4431.64
1908-1909       87              1833.75         1422.06         3255.81
1908-1909       88              1873.84         1474.20         3348.04
1908-1909       89              1203.45          879.51         2082.96
1908-1909       90              2063.23         1107.15         3170.38
1908-1909       91               477.97          291.83          769.80
1908-1909       92               616.26          312.89          929.15
1908-1909       93               478.99          248.70          727.69
1908-1909       94               467.96          195.55          663.51
1908-1909       95               430.88          191.55          622.43
1908-1909       96               338.69          150.42          489.11
1908-1909       97               243.50           89.26          332.76
1908-1909       98               209.43           72.21          281.64
1908-1909       99               118.25           44.13          162.38
1908-1909      100               125.25           34.10          159.35
1908-1909      101                42.78           14.87           57.65
1908-1909      102                29.82           10.29           40.11
1908-1909      103                19.61            6.40           26.01
1908-1909      104                12.65            3.91           16.56
1908-1909      105                 8.00            2.34           10.34
1908-1909      106                 4.96            0.97            5.93
1908-1909      107                 3.02            0.33            3.35
1908-1909      108                 1.35            0.00            1.35
1908-1909      109                 0.81            0.00            0.81
1908-1909      110+                0.27            0.00            0.27
1910-1919        0            429018.01       529014.56       958032.57
1910-1919        1            190074.85       204910.43       394985.28
1910-1919        2             97668.16       103388.78       201056.94
1910-1919        3             56504.70        58180.71       114685.41
1910-1919        4             37845.37        38502.13        76347.50
1910-1919        5             26216.53        26747.59        52964.12
1910-1919        6             22150.26        20884.88        43035.14
1910-1919        7             15115.97        14629.93        29745.90
1910-1919        8             12137.13        11437.68        23574.81
1910-1919        9             10297.91         9772.37        20070.28
1910-1919       10              9722.57         9134.31        18856.88
1910-1919       11              8520.82         7788.06        16308.88
1910-1919       12              8990.89         8019.77        17010.66
1910-1919       13              8665.14         7378.72        16043.86
1910-1919       14             10458.30         8463.24        18921.54
1910-1919       15             11089.74         8869.54        19959.28
1910-1919       16             11871.62         9940.93        21812.55
1910-1919       17             13056.29        12333.62        25389.91
1910-1919       18             14548.83        14798.50        29347.33
1910-1919       19             12639.37        13176.39        25815.76
1910-1919       20             14874.51        13320.84        28195.35
1910-1919       21             12339.69        12653.72        24993.41
1910-1919       22             16689.77        15364.44        32054.21
1910-1919       23             15483.03        14466.50        29949.53
1910-1919       24             16206.67        13784.28        29990.95
1910-1919       25             15838.83        13606.68        29445.51
1910-1919       26             15964.04        13259.60        29223.64
1910-1919       27             14484.63        12853.28        27337.91
1910-1919       28             17056.57        14092.34        31148.91
1910-1919       29             11772.40        10858.95        22631.35
1910-1919       30             19945.23        15205.83        35151.06
1910-1919       31              9348.68         8960.76        18309.44
1910-1919       32             15426.79        13067.97        28494.76
1910-1919       33             13560.41        12894.40        26454.81
1910-1919       34             13974.34        12401.72        26376.06
1910-1919       35             14862.41        13255.51        28117.92
1910-1919       36             14682.85        12803.08        27485.93
1910-1919       37             10945.30        10882.92        21828.22
1910-1919       38             14732.17        13834.45        28566.62
1910-1919       39              9588.21        10370.34        19958.55
1910-1919       40             22016.90        19456.43        41473.33
1910-1919       41              7792.07         8914.63        16706.70
1910-1919       42             14084.77        15338.29        29423.06
1910-1919       43              9762.71        11320.36        21083.07
1910-1919       44             12123.15        13900.64        26023.79
1910-1919       45             14697.19        17536.29        32233.48
1910-1919       46             11786.29        14373.13        26159.42
1910-1919       47              9407.78        12627.61        22035.39
1910-1919       48             13842.08        17050.74        30892.82
1910-1919       49              8939.64        12525.19        21464.83
1910-1919       50             24770.32        25197.94        49968.26
1910-1919       51              8286.20        11739.66        20025.86
1910-1919       52             15348.57        19317.12        34665.69
1910-1919       53             11407.45        15361.35        26768.80
1910-1919       54             15543.99        18794.41        34338.40
1910-1919       55             17288.10        20489.89        37777.99
1910-1919       56             18133.00        20935.37        39068.37
1910-1919       57             13357.10        17107.01        30464.11
1910-1919       58             19596.66        23302.92        42899.58
1910-1919       59             12920.06        17562.45        30482.51
1910-1919       60             45442.04        39730.32        85172.36
1910-1919       61             13265.77        16777.86        30043.63
1910-1919       62             24839.60        27731.01        52570.61
1910-1919       63             20889.50        24675.13        45564.63
1910-1919       64             27434.54        29051.15        56485.69
1910-1919       65             32251.88        32536.31        64788.19
1910-1919       66             28089.10        29822.69        57911.79
1910-1919       67             23306.07        26066.70        49372.77
1910-1919       68             30561.06        30852.12        61413.18
1910-1919       69             17752.39        20480.78        38233.17
1910-1919       70             65783.56        52151.27       117934.83
1910-1919       71             17179.86        19076.28        36256.14
1910-1919       72             33094.98        33236.01        66330.99
1910-1919       73             24976.03        27045.98        52022.01
1910-1919       74             30375.68        30565.23        60940.91
1910-1919       75             36216.50        33830.91        70047.41
1910-1919       76             29247.18        27829.65        57076.83
1910-1919       77             22728.88        24041.49        46770.37
1910-1919       78             30499.19        28972.13        59471.32
1910-1919       79             15476.14        15827.97        31304.11
1910-1919       80             51542.82        35179.92        86722.74
1910-1919       81             12562.20        11468.69        24030.89
1910-1919       82             21650.32        17442.99        39093.31
1910-1919       83             14211.91        12463.95        26675.86
1910-1919       84             20495.55        15993.24        36488.79
1910-1919       85             17847.58        12753.95        30601.53
1910-1919       86             14245.11        10205.74        24450.85
1910-1919       87              9902.97         7368.69        17271.66
1910-1919       88             10625.72         7267.27        17892.99
1910-1919       89              5928.80         4269.70        10198.50
1910-1919       90             12057.04         6097.62        18154.66
1910-1919       91              2848.57         1679.39         4527.96
1910-1919       92              3964.22         2187.02         6151.24
1910-1919       93              2682.23         1507.84         4190.07
1910-1919       94              2663.19         1340.30         4003.49
1910-1919       95              2645.18         1142.66         3787.84
1910-1919       96              2116.93          950.05         3066.98
1910-1919       97              1313.07          568.81         1881.88
1910-1919       98              1320.08          523.69         1843.77
1910-1919       99               688.60          266.88          955.48
1910-1919      100               481.15          142.45          623.60
1910-1919      101               303.07          101.12          404.19
1910-1919      102               200.77           62.42          263.19
1910-1919      103               131.19           38.68          169.87
1910-1919      104                84.48           23.40          107.88
1910-1919      105                53.01           13.37           66.38
1910-1919      106                32.72            7.10           39.82
1910-1919      107                20.15            2.45           22.60
1910-1919      108                11.42            0.29           11.71
1910-1919      109                 5.54            0.00            5.54
1910-1919      110+                2.54            0.00            2.54
1920-1929        0            406204.07       493930.70       900134.77
1920-1929        1            159348.52       169879.03       329227.55
1920-1929        2             77362.99        81711.23       159074.22
1920-1929        3             41142.15        42676.30        83818.45
1920-1929        4             27368.72        27695.39        55064.11
1920-1929        5             18050.19        19085.46        37135.65
1920-1929        6             15182.66        15648.78        30831.44
1920-1929        7             10289.13        10692.18        20981.31
1920-1929        8              8308.33         8721.17        17029.50
1920-1929        9              7131.00         7595.40        14726.40
1920-1929       10              6857.54         7065.02        13922.56
1920-1929       11              6590.92         6532.60        13123.52
1920-1929       12              6993.68         6648.91        13642.59
1920-1929       13              7142.91         6462.39        13605.30
1920-1929       14              8617.81         7456.84        16074.65
1920-1929       15              9112.67         7369.63        16482.30
1920-1929       16             10028.37         8628.75        18657.12
1920-1929       17             11386.87        10762.06        22148.93
1920-1929       18             12954.90        12973.55        25928.45
1920-1929       19             11511.05        12239.66        23750.71
1920-1929       20             12876.70        12389.07        25265.77
1920-1929       21             10563.18        11621.24        22184.42
1920-1929       22             13973.78        13331.64        27305.42
1920-1929       23             12844.47        13096.94        25941.41
1920-1929       24             13207.30        12522.45        25729.75
1920-1929       25             12805.56        12194.44        25000.00
1920-1929       26             12751.48        11481.63        24233.11
1920-1929       27             11826.62        11082.62        22909.24
1920-1929       28             13372.83        11474.67        24847.50
1920-1929       29              9515.26         9252.15        18767.41
1920-1929       30             14859.70        11730.42        26590.12
1920-1929       31              7590.48         7472.68        15063.16
1920-1929       32             11858.83        10578.41        22437.24
1920-1929       33             10860.80        10743.76        21604.56
1920-1929       34             10949.86        10185.48        21135.34
1920-1929       35             11835.76        11192.02        23027.78
1920-1929       36             11303.73        10815.06        22118.79
1920-1929       37              9268.74         9899.70        19168.44
1920-1929       38             11795.62        11956.85        23752.47
1920-1929       39              8181.53         9473.56        17655.09
1920-1929       40             16661.22        16507.49        33168.71
1920-1929       41              6826.02         8277.63        15103.65
1920-1929       42             12223.43        14375.94        26599.37
1920-1929       43              8609.45        11053.62        19663.07
1920-1929       44             10331.96        13127.95        23459.91
1920-1929       45             13083.19        16686.90        29770.09
1920-1929       46             10504.20        13760.40        24264.60
1920-1929       47              9142.39        12556.29        21698.68
1920-1929       48             12517.89        16713.68        29231.57
1920-1929       49              8664.31        12827.82        21492.13
1920-1929       50             19893.17        23423.85        43317.02
1920-1929       51              7873.97        11328.27        19202.24
1920-1929       52             13861.22        18877.11        32738.33
1920-1929       53             10823.44        15485.46        26308.90
1920-1929       54             13887.41        18245.56        32132.97
1920-1929       55             15951.49        20897.24        36848.73
1920-1929       56             16001.37        20695.77        36697.14
1920-1929       57             12308.26        17555.69        29863.95
1920-1929       58             18083.40        23288.09        41371.49
1920-1929       59             12543.81        18951.43        31495.24
1920-1929       60             37288.09        37797.26        75085.35
1920-1929       61             12742.21        17598.04        30340.25
1920-1929       62             23749.15        29104.51        52853.66
1920-1929       63             20600.99        26625.18        47226.17
1920-1929       64             25554.58        29235.72        54790.30
1920-1929       65             31040.89        33555.51        64596.40
1920-1929       66             26546.18        30119.79        56665.97
1920-1929       67             23267.49        27492.80        50760.29
1920-1929       68             29408.57        30081.55        59490.12
1920-1929       69             17954.87        20870.75        38825.62
1920-1929       70             55869.25        45625.85       101495.10
1920-1929       71             17387.81        19764.44        37152.25
1920-1929       72             33827.71        33708.20        67535.91
1920-1929       73             26396.63        28347.35        54743.98
1920-1929       74             30625.78        30998.41        61624.19
1920-1929       75             37921.64        35083.53        73005.17
1920-1929       76             30240.07        28370.73        58610.80
1920-1929       77             25885.12        25789.93        51675.05
1920-1929       78             33261.13        30218.96        63480.09
1920-1929       79             17725.08        17589.59        35314.67
1920-1929       80             50212.79        34084.59        84297.38
1920-1929       81             14300.86        12559.32        26860.18
1920-1929       82             24105.00        18347.62        42452.62
1920-1929       83             16436.57        13456.24        29892.81
1920-1929       84             21810.73        16360.56        38171.29
1920-1929       85             19789.95        13279.98        33069.93
1920-1929       86             15103.07        10087.90        25190.97
1920-1929       87             11049.46         7485.50        18534.96
1920-1929       88             10726.98         7092.43        17819.41
1920-1929       89              6492.01         4146.28        10638.29
1920-1929       90             11609.04         5182.03        16791.07
1920-1929       91              2828.25         1510.75         4339.00
1920-1929       92              4066.63         2038.12         6104.75
1920-1929       93              2947.45         1509.76         4457.21
1920-1929       94              2647.98         1221.05         3869.03
1920-1929       95              2709.10         1021.56         3730.66
1920-1929       96              2133.02          867.17         3000.19
1920-1929       97              1338.53          525.34         1863.87
1920-1929       98              1347.56          444.09         1791.65
1920-1929       99               656.21          236.57          892.78
1920-1929      100               592.12          170.43          762.55
1920-1929      101               245.02           72.08          317.10
1920-1929      102               159.31           44.38          203.69
1920-1929      103               101.90           26.94          128.84
1920-1929      104                64.36           16.09           80.45
1920-1929      105                39.51            9.38           48.89
1920-1929      106                23.48            2.62           26.10
1920-1929      107                13.66            0.00           13.66
1920-1929      108                 7.61            0.00            7.61
1920-1929      109                 1.43            0.00            1.43
1920-1929      110+                0.00            0.00            0.00
1930-1939        0            335205.25       415210.42       750415.67
1930-1939        1            109159.62       119134.69       228294.31
1930-1939        2             48548.56        52297.48       100846.04
1930-1939        3             27345.34        29078.18        56423.52
1930-1939        4             18927.07        20034.17        38961.24
1930-1939        5             13654.15        15044.02        28698.17
1930-1939        6             11453.10        12417.44        23870.54
1930-1939        7              8474.41         9660.94        18135.35
1930-1939        8              7088.84         8227.39        15316.23
1930-1939        9              6192.38         7391.66        13584.04
1930-1939       10              5849.61         6805.72        12655.33
1930-1939       11              5470.01         6236.85        11706.86
1930-1939       12              5748.90         6442.76        12191.66
1930-1939       13              5772.34         5970.36        11742.70
1930-1939       14              6940.89         7122.77        14063.66
1930-1939       15              7208.57         7304.98        14513.55
1930-1939       16              7830.78         8556.09        16386.87
1930-1939       17              8900.11        10945.40        19845.51
1930-1939       18             10160.19        14883.55        25043.74
1930-1939       19              9251.57        15611.48        24863.05
1930-1939       20             10414.46        16758.86        27173.32
1930-1939       21              9367.18        16514.21        25881.39
1930-1939       22             11672.62        17895.49        29568.11
1930-1939       23             11454.65        17916.28        29370.93
1930-1939       24             11650.64        17459.55        29110.19
1930-1939       25             11073.89        17245.86        28319.75
1930-1939       26             11398.16        16168.00        27566.16
1930-1939       27             10845.91        15958.57        26804.48
1930-1939       28             11625.06        16594.57        28219.63
1930-1939       29              8901.93        13529.38        22431.31
1930-1939       30             12743.71        15976.65        28720.36
1930-1939       31              7266.18        11045.78        18311.96
1930-1939       32             10624.48        14303.91        24928.39
1930-1939       33             10038.20        13827.67        23865.87
1930-1939       34              9413.99        13305.29        22719.28
1930-1939       35             10789.43        14828.16        25617.59
1930-1939       36             10312.20        15194.39        25506.59
1930-1939       37              8882.75        12817.26        21700.01
1930-1939       38             10909.29        13608.14        24517.43
1930-1939       39              8098.32        12500.11        20598.43
1930-1939       40             14045.32        17697.66        31742.98
1930-1939       41              6722.19        11150.58        17872.77
1930-1939       42             11230.63        16879.61        28110.24
1930-1939       43              8455.04        13596.51        22051.55
1930-1939       44              9705.56        15015.96        24721.52
1930-1939       45             12263.75        19319.87        31583.62
1930-1939       46             10212.25        15761.13        25973.38
1930-1939       47              9109.40        15147.05        24256.45
1930-1939       48             11955.44        18549.43        30504.87
1930-1939       49              8888.28        15314.96        24203.24
1930-1939       50             17224.58        23689.03        40913.61
1930-1939       51              8109.15        14107.79        22216.94
1930-1939       52             13652.18        20666.17        34318.35
1930-1939       53             11307.34        18083.18        29390.52
1930-1939       54             13721.49        20337.40        34058.89
1930-1939       55             15829.39        22850.24        38679.63
1930-1939       56             16351.54        23151.38        39502.92
1930-1939       57             13488.03        20403.59        33891.62
1930-1939       58             18701.33        25635.40        44336.73
1930-1939       59             13971.30        21766.24        35737.54
1930-1939       60             31694.72        36565.29        68260.01
1930-1939       61             14622.22        19258.99        33881.21
1930-1939       62             23625.43        30495.62        54121.05
1930-1939       63             21169.31        27738.39        48907.70
1930-1939       64             25055.34        30460.23        55515.57
1930-1939       65             31543.24        36474.70        68017.94
1930-1939       66             26718.18        31928.54        58646.72
1930-1939       67             25092.44        30788.12        55880.56
1930-1939       68             29876.11        33233.88        63109.99
1930-1939       69             20174.71        24944.75        45119.46
1930-1939       70             51029.31        46621.55        97650.86
1930-1939       71             20443.26        24198.24        44641.50
1930-1939       72             36542.15        38692.95        75235.10
1930-1939       73             29682.08        33409.92        63092.00
1930-1939       74             34185.71        34975.89        69161.60
1930-1939       75             40717.77        39190.04        79907.81
1930-1939       76             33880.00        32685.26        66565.26
1930-1939       77             29593.19        30086.21        59679.40
1930-1939       78             38769.55        34557.30        73326.85
1930-1939       79             21994.04        21033.24        43027.28
1930-1939       80             51063.34        34233.73        85297.07
1930-1939       81             18229.86        15514.57        33744.43
1930-1939       82             29196.39        21891.18        51087.57
1930-1939       83             20973.02        16358.22        37331.24
1930-1939       84             27168.19        18849.24        46017.43
1930-1939       85             24483.11        15686.47        40169.58
1930-1939       86             19741.89        12630.71        32372.60
1930-1939       87             15232.11         9348.83        24580.94
1930-1939       88             14911.10         8897.51        23808.61
1930-1939       89              9654.70         5543.17        15197.87
1930-1939       90             14485.63         6194.07        20679.70
1930-1939       91              4288.96         2198.20         6487.16
1930-1939       92              5786.18         2670.50         8456.68
1930-1939       93              3999.49         1834.00         5833.49
1930-1939       94              3599.82         1582.66         5182.48
1930-1939       95              3442.16         1234.70         4676.86
1930-1939       96              2874.13         1006.13         3880.26
1930-1939       97              1916.48          662.40         2578.88
1930-1939       98              1816.75          633.57         2450.32
1930-1939       99               998.37          323.65         1322.02
1930-1939      100               805.50          175.37          980.87
1930-1939      101               251.19           59.62          310.81
1930-1939      102               238.05           49.42          287.47
1930-1939      103               154.31           27.72          182.03
1930-1939      104                98.56           18.17          116.73
1930-1939      105                87.45           17.39          104.84
1930-1939      106                39.97            7.49           47.46
1930-1939      107                28.13            5.25           33.38
1930-1939      108                15.41            3.15           18.56
1930-1939      109                 8.06            3.06           11.12
1930-1939      110+               19.10            4.02           23.12
1940-1949        0            258416.52       316532.08       574948.60
1940-1949        1             54016.77        57502.71       111519.48
1940-1949        2             25656.03        27516.35        53172.38
1940-1949        3             15245.14        16565.97        31811.11
1940-1949        4             11024.52        12202.02        23226.54
1940-1949        5              8426.11         9463.47        17889.58
1940-1949        6              7117.62         7742.34        14859.96
1940-1949        7              5877.11         6903.38        12780.49
1940-1949        8              5000.46         5857.49        10857.95
1940-1949        9              4717.24         5550.40        10267.64
1940-1949       10              4406.79         5339.40         9746.19
1940-1949       11              4489.95         5135.42         9625.37
1940-1949       12              4809.40         5294.35        10103.75
1940-1949       13              4962.85         5226.48        10189.33
1940-1949       14              5863.76         6058.48        11922.24
1940-1949       15              6133.81         6196.42        12330.23
1940-1949       16              6975.34         7042.17        14017.51
1940-1949       17              7999.66         8570.43        16570.09
1940-1949       18              8974.10        11239.06        20213.16
1940-1949       19              8385.18        11107.06        19492.24
1940-1949       20              9148.88        12969.07        22117.95
1940-1949       21              8426.22        13554.77        21980.99
1940-1949       22             10128.92        14957.99        25086.91
1940-1949       23              9912.71        14860.65        24773.36
1940-1949       24              9597.11        14586.65        24183.76
1940-1949       25              9462.55        14466.33        23928.88
1940-1949       26              9576.08        13731.70        23307.78
1940-1949       27              9261.80        13761.20        23023.00
1940-1949       28              9755.30        13995.01        23750.31
1940-1949       29              7962.62        12169.62        20132.24
1940-1949       30             10123.26        13681.99        23805.25
1940-1949       31              6665.00        10580.34        17245.34
1940-1949       32              9043.64        13365.21        22408.85
1940-1949       33              8758.26        13248.96        22007.22
1940-1949       34              8364.55        12396.07        20760.62
1940-1949       35              9161.98        13165.21        22327.19
1940-1949       36              8950.77        13084.49        22035.26
1940-1949       37              8412.28        12264.75        20677.03
1940-1949       38              9698.03        13569.72        23267.75
1940-1949       39              7879.92        12207.51        20087.43
1940-1949       40             11659.16        16018.89        27678.05
1940-1949       41              6875.63        11402.62        18278.25
1940-1949       42              9920.97        15640.84        25561.81
1940-1949       43              8422.11        13519.94        21942.05
1940-1949       44              9008.95        14410.48        23419.43
1940-1949       45             11027.01        17323.42        28350.43
1940-1949       46              9564.24        15537.69        25101.93
1940-1949       47              9378.84        15301.43        24680.27
1940-1949       48             11147.51        17316.55        28464.06
1940-1949       49              9324.66        15570.28        24894.94
1940-1949       50             14396.67        21093.16        35489.83
1940-1949       51              8206.15        14652.28        22858.43
1940-1949       52             12578.12        20164.08        32742.20
1940-1949       53             10940.82        18545.75        29486.57
1940-1949       54             12655.52        19755.63        32411.15
1940-1949       55             13835.82        21500.65        35336.47
1940-1949       56             14710.43        22101.98        36812.41
1940-1949       57             12848.11        20401.22        33249.33
1940-1949       58             16826.89        24431.36        41258.25
1940-1949       59             14052.75        22493.05        36545.80
1940-1949       60             25132.57        31669.43        56802.00
1940-1949       61             13926.54        20348.40        34274.94
1940-1949       62             21308.59        28471.18        49779.77
1940-1949       63             20414.48        28201.69        48616.17
1940-1949       64             22620.38        29330.99        51951.37
1940-1949       65             29629.59        34660.06        64289.65
1940-1949       66             25718.91        30476.92        56195.83
1940-1949       67             25995.45        30920.92        56916.37
1940-1949       68             29145.43        31668.83        60814.26
1940-1949       69             22782.64        26372.16        49154.80
1940-1949       70             43342.13        38982.14        82324.27
1940-1949       71             22525.37        24585.70        47111.07
1940-1949       72             35116.56        35132.82        70249.38
1940-1949       73             30115.31        31515.46        61630.77
1940-1949       74             32830.06        32117.81        64947.87
1940-1949       75             37689.52        35075.19        72764.71
1940-1949       76             33474.09        30955.06        64429.15
1940-1949       77             30338.23        29443.99        59782.22
1940-1949       78             37162.18        32920.39        70082.57
1940-1949       79             24247.61        21950.20        46197.81
1940-1949       80             43474.22        29640.84        73115.06
1940-1949       81             20088.20        16500.03        36588.23
1940-1949       82             28865.78        21775.02        50640.80
1940-1949       83             22842.54        16863.49        39706.03
1940-1949       84             26703.41        18331.60        45035.01
1940-1949       85             24110.62        14807.38        38918.00
1940-1949       86             20281.74        11879.76        32161.50
1940-1949       87             16177.16         9224.10        25401.26
1940-1949       88             15275.13         8250.76        23525.89
1940-1949       89             10704.65         5678.05        16382.70
1940-1949       90             13240.81         5174.18        18414.99
1940-1949       91              5026.82         2260.05         7286.87
1940-1949       92              6325.49         2591.70         8917.19
1940-1949       93              4648.33         1871.59         6519.92
1940-1949       94              3910.33         1322.99         5233.32
1940-1949       95              3563.18         1088.67         4651.85
1940-1949       96              2928.36          888.12         3816.48
1940-1949       97              2070.73          594.92         2665.65
1940-1949       98              1903.03          503.44         2406.47
1940-1949       99              1019.27          272.83         1292.10
1940-1949      100               748.20          168.24          916.44
1940-1949      101               274.15           54.35          328.50
1940-1949      102               265.12           48.35          313.47
1940-1949      103               179.75           26.19          205.94
1940-1949      104               111.44           22.14          133.58
1940-1949      105                68.44           14.17           82.61
1940-1949      106                40.32            5.96           46.28
1940-1949      107                24.03            4.24           28.27
1940-1949      108                13.41            1.78           15.19
1940-1949      109                 6.50            1.34            7.84
1940-1949      110+               30.57            3.22           33.79
1950-1959        0            151081.52       192669.24       343750.76
1950-1959        1             20948.62        22044.16        42992.78
1950-1959        2             11089.57        12351.48        23441.05
1950-1959        3              6782.68         7403.27        14185.95
1950-1959        4              4769.71         5555.19        10324.90
1950-1959        5              3619.66         4304.83         7924.49
1950-1959        6              3170.18         3776.52         6946.70
1950-1959        7              2597.11         3168.93         5766.04
1950-1959        8              2191.76         2631.50         4823.26
1950-1959        9              1876.64         2424.63         4301.27
1950-1959       10              1851.44         2453.64         4305.08
1950-1959       11              1606.73         2101.18         3707.91
1950-1959       12              1681.91         2080.04         3761.95
1950-1959       13              1732.07         2158.25         3890.32
1950-1959       14              1982.87         2552.04         4534.91
1950-1959       15              1990.81         2642.32         4633.13
1950-1959       16              2251.69         2818.11         5069.80
1950-1959       17              2553.75         3324.40         5878.15
1950-1959       18              2821.85         4103.75         6925.60
1950-1959       19              2790.66         4161.00         6951.66
1950-1959       20              3359.55         4653.12         8012.67
1950-1959       21              3188.07         4620.91         7808.98
1950-1959       22              3921.62         5119.25         9040.87
1950-1959       23              3964.69         5051.88         9016.57
1950-1959       24              4011.93         5492.66         9504.59
1950-1959       25              4136.43         5678.35         9814.78
1950-1959       26              4324.02         5684.54        10008.56
1950-1959       27              4580.95         5820.21        10401.16
1950-1959       28              4611.11         6018.16        10629.27
1950-1959       29              4113.41         5313.03         9426.44
1950-1959       30              4737.51         5914.66        10652.17
1950-1959       31              3716.08         5026.86         8742.94
1950-1959       32              4612.32         5655.61        10267.93
1950-1959       33              4415.48         5504.99         9920.47
1950-1959       34              4454.67         5349.18         9803.85
1950-1959       35              4639.13         5675.54        10314.67
1950-1959       36              4908.17         5671.49        10579.66
1950-1959       37              4790.72         5668.53        10459.25
1950-1959       38              5520.36         6203.93        11724.29
1950-1959       39              4896.35         5964.91        10861.26
1950-1959       40              6528.97         7396.10        13925.07
1950-1959       41              4769.84         6101.59        10871.43
1950-1959       42              6585.33         8289.23        14874.56
1950-1959       43              5850.83         7659.34        13510.17
1950-1959       44              6291.27         8471.04        14762.31
1950-1959       45              7209.52         9614.03        16823.55
1950-1959       46              7274.77         9444.31        16719.08
1950-1959       47              7080.00        10146.08        17226.08
1950-1959       48              8538.39        11710.10        20248.49
1950-1959       49              7618.90        11344.49        18963.39
1950-1959       50             10242.15        14328.12        24570.27
1950-1959       51              7846.86        12120.26        19967.12
1950-1959       52             10721.23        15027.85        25749.08
1950-1959       53              9772.74        15303.92        25076.66
1950-1959       54             11055.53        16166.09        27221.62
1950-1959       55             11085.06        16816.39        27901.45
1950-1959       56             12351.59        17878.72        30230.31
1950-1959       57             11857.72        17842.59        29700.31
1950-1959       58             14291.39        20172.49        34463.88
1950-1959       59             13090.43        19388.90        32479.33
1950-1959       60             18067.98        22735.07        40803.05
1950-1959       61             13823.92        19324.02        33147.94
1950-1959       62             18796.49        24453.57        43250.06
1950-1959       63             19349.33        25679.04        45028.37
1950-1959       64             20974.52        26493.02        47467.54
1950-1959       65             24670.12        28767.62        53437.74
1950-1959       66             23571.71        27329.59        50901.30
1950-1959       67             25563.54        29248.97        54812.51
1950-1959       68             27638.86        29822.98        57461.84
1950-1959       69             24862.76        27867.31        52730.07
1950-1959       70             35809.92        34456.04        70265.96
1950-1959       71             26794.45        27986.68        54781.13
1950-1959       72             36351.52        35415.43        71766.95
1950-1959       73             34073.21        33559.43        67632.64
1950-1959       74             36979.42        34197.66        71177.08
1950-1959       75             38281.36        34023.46        72304.82
1950-1959       76             37839.99        32622.49        70462.48
1950-1959       77             37149.29        31564.92        68714.21
1950-1959       78             41979.93        33999.21        75979.14
1950-1959       79             32945.56        26750.58        59696.14
1950-1959       80             43004.76        29731.03        72735.79
1950-1959       81             28097.08        20808.80        48905.88
1950-1959       82             34492.18        24181.71        58673.89
1950-1959       83             28995.06        20020.36        49015.42
1950-1959       84             31535.33        20321.34        51856.67
1950-1959       85             26800.39        16289.88        43090.27
1950-1959       86             24330.35        14452.90        38783.25
1950-1959       87             19999.42        11450.84        31450.26
1950-1959       88             18217.34        10124.12        28341.46
1950-1959       89             13618.02         7083.97        20701.99
1950-1959       90             14093.86         6256.29        20350.15
1950-1959       91              7184.39         3435.01        10619.40
1950-1959       92              8185.99         3566.56        11752.55
1950-1959       93              6225.00         2505.93         8730.93
1950-1959       94              5228.62         1904.38         7133.00
1950-1959       95              4171.80         1335.84         5507.64
1950-1959       96              3640.83         1136.93         4777.76
1950-1959       97              2435.64          710.11         3145.75
1950-1959       98              2288.16          603.64         2891.80
1950-1959       99              1237.35          335.47         1572.82
1950-1959      100               748.66          150.66          899.32
1950-1959      101               312.11           69.28          381.39
1950-1959      102               314.11           43.19          357.30
1950-1959      103               201.71           31.13          232.84
1950-1959      104               128.43           26.09          154.52
1950-1959      105                88.55           17.23          105.78
1950-1959      106                54.26            7.02           61.28
1950-1959      107                29.51            5.58           35.09
1950-1959      108                18.81            4.72           23.53
1950-1959      109                12.69            3.68           16.37
1950-1959      110+               39.04            8.02           47.06
1960-1969        0            109315.60       146607.59       255923.19
1960-1969        1              6916.07         7918.33        14834.40
1960-1969        2              3915.75         4834.58         8750.33
1960-1969        3              2638.84         3288.00         5926.84
1960-1969        4              2088.41         2888.08         4976.49
1960-1969        5              1581.22         2249.90         3831.12
1960-1969        6              1436.54         2003.85         3440.39
1960-1969        7              1296.89         1782.71         3079.60
1960-1969        8              1135.09         1619.98         2755.07
1960-1969        9               961.44         1523.62         2485.06
1960-1969       10               938.24         1336.65         2274.89
1960-1969       11               937.26         1266.17         2203.43
1960-1969       12              1140.17         1450.07         2590.24
1960-1969       13               949.38         1421.07         2370.45
1960-1969       14              1018.66         1735.68         2754.34
1960-1969       15              1035.70         1798.85         2834.55
1960-1969       16              1110.12         2005.00         3115.12
1960-1969       17              1132.16         2286.32         3418.48
1960-1969       18              1195.53         2627.07         3822.60
1960-1969       19              1221.62         2885.38         4107.00
1960-1969       20              1256.82         2891.54         4148.36
1960-1969       21              1235.73         2821.23         4056.96
1960-1969       22              1500.92         2554.77         4055.69
1960-1969       23              1462.73         2697.60         4160.33
1960-1969       24              1626.54         3014.19         4640.73
1960-1969       25              1684.73         3033.10         4717.83
1960-1969       26              1862.43         3000.79         4863.22
1960-1969       27              1986.86         3154.42         5141.28
1960-1969       28              2194.92         3333.35         5528.27
1960-1969       29              2221.08         3292.23         5513.31
1960-1969       30              2399.80         3585.59         5985.39
1960-1969       31              2327.61         3459.03         5786.64
1960-1969       32              2787.63         4148.32         6935.95
1960-1969       33              2833.03         4258.11         7091.14
1960-1969       34              3023.86         4404.87         7428.73
1960-1969       35              3254.95         4461.18         7716.13
1960-1969       36              3257.96         4937.66         8195.62
1960-1969       37              3445.75         5199.89         8645.64
1960-1969       38              3851.61         5616.98         9468.59
1960-1969       39              3766.35         5750.78         9517.13
1960-1969       40              4404.10         6235.96        10640.06
1960-1969       41              3921.11         6037.09         9958.20
1960-1969       42              4833.09         7204.75        12037.84
1960-1969       43              4663.45         6772.03        11435.48
1960-1969       44              4995.99         7575.37        12571.36
1960-1969       45              5329.62         7855.58        13185.20
1960-1969       46              5691.31         8229.56        13920.87
1960-1969       47              5987.58         8744.09        14731.67
1960-1969       48              6709.95         9646.20        16356.15
1960-1969       49              6659.62         9707.23        16366.85
1960-1969       50              7866.08        10922.07        18788.15
1960-1969       51              7383.04        11070.85        18453.89
1960-1969       52              8940.98        13487.70        22428.68
1960-1969       53              9076.45        14017.38        23093.83
1960-1969       54             10145.82        15456.66        25602.48
1960-1969       55             10000.11        16133.96        26134.07
1960-1969       56             11396.56        18142.33        29538.89
1960-1969       57             11751.03        18884.08        30635.11
1960-1969       58             13675.06        20987.51        34662.57
1960-1969       59             13783.27        22523.83        36307.10
1960-1969       60             16483.44        24893.47        41376.91
1960-1969       61             15031.83        23866.64        38898.47
1960-1969       62             18434.54        27490.57        45925.11
1960-1969       63             19080.93        28098.82        47179.75
1960-1969       64             20744.73        30085.29        50830.02
1960-1969       65             22754.94        31557.52        54312.46
1960-1969       66             23122.37        31259.29        54381.66
1960-1969       67             25378.06        33122.30        58500.36
1960-1969       68             27686.73        34484.37        62171.10
1960-1969       69             26362.96        33191.43        59554.39
1960-1969       70             31358.51        36100.39        67458.90
1960-1969       71             29183.92        33279.05        62462.97
1960-1969       72             36660.17        39777.26        76437.43
1960-1969       73             36422.05        38072.34        74494.39
1960-1969       74             38950.91        39086.36        78037.27
1960-1969       75             39739.91        38092.64        77832.55
1960-1969       76             40290.35        37435.77        77726.12
1960-1969       77             40130.86        36559.80        76690.66
1960-1969       78             44839.50        37774.34        82613.84
1960-1969       79             39930.19        33575.56        73505.75
1960-1969       80             44788.23        34131.51        78919.74
1960-1969       81             37288.43        29275.87        66564.30
1960-1969       82             41928.73        29956.73        71885.46
1960-1969       83             37185.24        25814.49        62999.73
1960-1969       84             38348.81        24865.16        63213.97
1960-1969       85             33646.86        20675.50        54322.36
1960-1969       86             30564.79        18181.18        48745.97
1960-1969       87             26787.84        15116.11        41903.95
1960-1969       88             24266.81        12971.09        37237.90
1960-1969       89             19745.05        10037.55        29782.60
1960-1969       90             17440.23         8063.44        25503.67
1960-1969       91             11690.94         5348.04        17038.98
1960-1969       92             11221.30         4639.35        15860.65
1960-1969       93              8243.47         3412.02        11655.49
1960-1969       94              6743.50         2636.22         9379.72
1960-1969       95              4790.47         1722.78         6513.25
1960-1969       96              4202.48         1394.02         5596.50
1960-1969       97              2833.23          923.63         3756.86
1960-1969       98              2366.06          727.66         3093.72
1960-1969       99              1577.33          432.14         2009.47
1960-1969      100               868.06          207.01         1075.07
1960-1969      101               420.90          116.60          537.50
1960-1969      102               351.61           69.35          420.96
1960-1969      103               189.86           34.16          224.02
1960-1969      104               126.59           17.09          143.68
1960-1969      105                85.21           12.86           98.07
1960-1969      106                43.87            7.11           50.98
1960-1969      107                16.11            5.54           21.65
1960-1969      108                 7.48            4.11           11.59
1960-1969      109                 5.11            3.61            8.72
1960-1969      110+               38.03           13.06           51.09
1970-1979        0             56331.39        76264.77       132596.16
1970-1979        1              3815.91         4666.42         8482.33
1970-1979        2              2423.31         3023.32         5446.63
1970-1979        3              1800.97         2420.34         4221.31
1970-1979        4              1378.73         2011.48         3390.21
1970-1979        5              1190.12         1787.72         2977.84
1970-1979        6              1066.84         1608.43         2675.27
1970-1979        7              1014.67         1560.08         2574.75
1970-1979        8               971.58         1468.75         2440.33
1970-1979        9               869.06         1335.44         2204.50
1970-1979       10               821.01         1250.10         2071.11
1970-1979       11               846.97         1175.09         2022.06
1970-1979       12               798.06         1290.11         2088.17
1970-1979       13               839.04         1325.23         2164.27
1970-1979       14               913.17         1607.01         2520.18
1970-1979       15               949.19         1810.44         2759.63
1970-1979       16              1010.39         2174.95         3185.34
1970-1979       17               992.45         2536.67         3529.12
1970-1979       18              1098.59         2973.64         4072.23
1970-1979       19              1128.69         3201.42         4330.11
1970-1979       20              1161.91         3273.72         4435.63
1970-1979       21              1137.96         3007.15         4145.11
1970-1979       22              1177.11         3029.11         4206.22
1970-1979       23              1270.36         3045.72         4316.08
1970-1979       24              1215.20         3095.81         4311.01
1970-1979       25              1313.49         2974.46         4287.95
1970-1979       26              1414.74         3017.91         4432.65
1970-1979       27              1389.63         3018.82         4408.45
1970-1979       28              1355.54         2952.13         4307.67
1970-1979       29              1399.51         2888.87         4288.38
1970-1979       30              1601.78         3026.99         4628.77
1970-1979       31              1546.71         2926.83         4473.54
1970-1979       32              1630.11         3115.63         4745.74
1970-1979       33              1764.39         3382.29         5146.68
1970-1979       34              1836.74         3299.30         5136.04
1970-1979       35              2007.43         3567.36         5574.79
1970-1979       36              2232.46         3803.29         6035.75
1970-1979       37              2342.68         4138.80         6481.48
1970-1979       38              2706.48         4713.91         7420.39
1970-1979       39              2866.86         5183.32         8050.18
1970-1979       40              3212.07         5924.98         9137.05
1970-1979       41              3395.05         6114.98         9510.03
1970-1979       42              4012.80         7264.88        11277.68
1970-1979       43              4129.56         7556.75        11686.31
1970-1979       44              4444.66         8206.72        12651.38
1970-1979       45              4959.20         8875.27        13834.47
1970-1979       46              5225.83         9617.83        14843.66
1970-1979       47              5719.23        10723.20        16442.43
1970-1979       48              6326.62        11541.41        17868.03
1970-1979       49              6712.35        12299.84        19012.19
1970-1979       50              7389.97        13449.79        20839.76
1970-1979       51              7440.79        13655.39        21096.18
1970-1979       52              8351.53        15102.55        23454.08
1970-1979       53              8363.71        15593.73        23957.44
1970-1979       54              9276.30        16386.65        25662.95
1970-1979       55              9451.11        17183.95        26635.06
1970-1979       56             10500.21        18128.32        28628.53
1970-1979       57             10879.32        19165.23        30044.55
1970-1979       58             11902.65        20567.44        32470.09
1970-1979       59             12831.55        21654.43        34485.98
1970-1979       60             14196.06        23504.87        37700.93
1970-1979       61             14489.19        24504.14        38993.33
1970-1979       62             16710.36        27634.05        44344.41
1970-1979       63             17938.57        29320.22        47258.79
1970-1979       64             19714.23        31656.15        51370.38
1970-1979       65             21601.19        34064.65        55665.84
1970-1979       66             23042.44        35752.00        58794.44
1970-1979       67             25439.16        37880.74        63319.90
1970-1979       68             27250.59        39829.40        67079.99
1970-1979       69             29148.19        41450.34        70598.53
1970-1979       70             33291.92        43597.46        76889.38
1970-1979       71             33690.94        43918.30        77609.24
1970-1979       72             38122.35        45859.55        83981.90
1970-1979       73             39683.60        45996.60        85680.20
1970-1979       74             42616.77        46294.47        88911.24
1970-1979       75             44445.19        46005.24        90450.43
1970-1979       76             46678.21        45982.31        92660.52
1970-1979       77             47029.88        43994.73        91024.61
1970-1979       78             49591.44        43860.44        93451.88
1970-1979       79             48513.88        41403.51        89917.39
1970-1979       80             50435.70        40071.30        90507.00
1970-1979       81             48521.79        37138.63        85660.42
1970-1979       82             50807.58        36355.18        87162.76
1970-1979       83             48432.60        33225.26        81657.86
1970-1979       84             47232.52        30509.13        77741.65
1970-1979       85             43177.94        26230.67        69408.61
1970-1979       86             40084.49        23268.09        63352.58
1970-1979       87             35456.44        20079.03        55535.47
1970-1979       88             31577.26        17144.58        48721.84
1970-1979       89             26964.86        14047.50        41012.36
1970-1979       90             23569.97        11245.56        34815.53
1970-1979       91             17977.77         8570.06        26547.83
1970-1979       92             15716.40         6893.74        22610.14
1970-1979       93             12232.27         4962.25        17194.52
1970-1979       94              9471.99         3802.61        13274.60
1970-1979       95              6913.31         2532.63         9445.94
1970-1979       96              5426.73         1795.25         7221.98
1970-1979       97              3663.39         1163.63         4827.02
1970-1979       98              2748.28          775.80         3524.08
1970-1979       99              1896.46          553.18         2449.64
1970-1979      100              1242.60          350.55         1593.15
1970-1979      101               668.41          161.32          829.73
1970-1979      102               436.89           95.17          532.06
1970-1979      103               260.54           54.11          314.65
1970-1979      104               171.35           38.05          209.40
1970-1979      105               120.41           24.80          145.21
1970-1979      106                55.21           13.39           68.60
1970-1979      107                37.62           11.18           48.80
1970-1979      108                23.79           10.20           33.99
1970-1979      109                 9.43            6.54           15.97
1970-1979      110+               94.01           62.09          156.10
1980-1989        0             20284.00        27482.00        47766.00
1980-1989        1              1872.00         2298.00         4170.00
1980-1989        2              1214.00         1621.00         2835.00
1980-1989        3               866.00         1295.00         2161.00
1980-1989        4               749.00         1119.00         1868.00
1980-1989        5               696.00         1104.00         1800.00
1980-1989        6               637.00         1076.00         1713.00
1980-1989        7               654.00          979.00         1633.00
1980-1989        8               616.00          898.00         1514.00
1980-1989        9               578.00          874.00         1452.00
1980-1989       10               582.00          927.00         1509.00
1980-1989       11               559.00          910.00         1469.00
1980-1989       12               652.00          946.00         1598.00
1980-1989       13               598.00         1104.00         1702.00
1980-1989       14               761.00         1290.00         2051.00
1980-1989       15               877.00         1642.00         2519.00
1980-1989       16               980.00         2186.00         3166.00
1980-1989       17              1027.00         2759.00         3786.00
1980-1989       18              1189.00         3275.00         4464.00
1980-1989       19              1231.00         3611.00         4842.00
1980-1989       20              1203.00         3639.00         4842.00
1980-1989       21              1193.00         3977.00         5170.00
1980-1989       22              1153.00         3967.00         5120.00
1980-1989       23              1209.00         3908.00         5117.00
1980-1989       24              1248.00         3813.00         5061.00
1980-1989       25              1235.00         3790.00         5025.00
1980-1989       26              1231.00         3617.00         4848.00
1980-1989       27              1235.00         3534.00         4769.00
1980-1989       28              1252.00         3429.00         4681.00
1980-1989       29              1230.00         3430.00         4660.00
1980-1989       30              1319.00         3383.00         4702.00
1980-1989       31              1374.00         3351.00         4725.00
1980-1989       32              1422.00         3384.00         4806.00
1980-1989       33              1488.00         3445.00         4933.00
1980-1989       34              1576.00         3514.00         5090.00
1980-1989       35              1750.00         3745.00         5495.00
1980-1989       36              1818.00         4013.00         5831.00
1980-1989       37              1916.00         4136.00         6052.00
1980-1989       38              1951.00         4395.00         6346.00
1980-1989       39              2189.00         4766.00         6955.00
1980-1989       40              2308.00         5068.00         7376.00
1980-1989       41              2427.00         5132.00         7559.00
1980-1989       42              2609.00         5730.00         8339.00
1980-1989       43              2845.00         6050.00         8895.00
1980-1989       44              3036.00         6516.00         9552.00
1980-1989       45              3379.00         7313.00        10692.00
1980-1989       46              3658.00         7818.00        11476.00
1980-1989       47              4071.00         8694.00        12765.00
1980-1989       48              4551.00         9762.00        14313.00
1980-1989       49              5007.00        10801.00        15808.00
1980-1989       50              5735.00        12183.00        17918.00
1980-1989       51              6139.00        13377.00        19516.00
1980-1989       52              6746.00        14708.00        21454.00
1980-1989       53              7260.00        16326.00        23586.00
1980-1989       54              7850.00        17440.00        25290.00
1980-1989       55              8579.00        18810.00        27389.00
1980-1989       56              9109.00        20202.00        29311.00
1980-1989       57              9887.00        21652.00        31539.00
1980-1989       58             10472.00        23198.00        33670.00
1980-1989       59             11479.00        25036.00        36515.00
1980-1989       60             12432.00        26450.00        38882.00
1980-1989       61             13216.00        27159.00        40375.00
1980-1989       62             14234.00        28186.00        42420.00
1980-1989       63             15072.00        29527.00        44599.00
1980-1989       64             16197.00        30721.00        46918.00
1980-1989       65             17427.00        31926.00        49353.00
1980-1989       66             18561.00        32905.00        51466.00
1980-1989       67             20536.00        34291.00        54827.00
1980-1989       68             22108.00        35577.00        57685.00
1980-1989       69             24324.00        36989.00        61313.00
1980-1989       70             26685.00        39603.00        66288.00
1980-1989       71             29182.00        41305.00        70487.00
1980-1989       72             32483.00        44138.00        76621.00
1980-1989       73             35370.00        46193.00        81563.00
1980-1989       74             38979.00        48396.00        87375.00
1980-1989       75             42020.00        49380.00        91400.00
1980-1989       76             45543.00        50556.00        96099.00
1980-1989       77             48773.00        51313.00       100086.00
1980-1989       78             51443.00        51244.00       102687.00
1980-1989       79             54790.00        50962.00       105752.00
1980-1989       80             57430.00        50368.00       107798.00
1980-1989       81             58056.00        47473.00       105529.00
1980-1989       82             58757.00        45232.00       103989.00
1980-1989       83             58086.00        41508.00        99594.00
1980-1989       84             57445.00        38929.00        96374.00
1980-1989       85             54514.00        34802.00        89316.00
1980-1989       86             51214.00        31045.00        82259.00
1980-1989       87             46959.00        27035.00        73994.00
1980-1989       88             42693.00        22881.00        65574.00
1980-1989       89             37140.00        19105.00        56245.00
1980-1989       90             32729.00        15859.00        48588.00
1980-1989       91             27266.00        12487.00        39753.00
1980-1989       92             23060.00         9968.00        33028.00
1980-1989       93             18447.00         7567.00        26014.00
1980-1989       94             14409.00         5651.00        20060.00
1980-1989       95             11028.00         4190.00        15218.00
1980-1989       96              8186.00         2881.00        11067.00
1980-1989       97              5853.00         2018.00         7871.00
1980-1989       98              4038.00         1300.00         5338.00
1980-1989       99              2982.00         1032.00         4014.00
1980-1989      100              2107.00          785.00         2892.00
1980-1989      101              1231.00          340.00         1571.00
1980-1989      102               731.00          213.00          944.00
1980-1989      103               449.00          100.00          549.00
1980-1989      104               286.00           72.00          358.00
1980-1989      105               178.00           38.00          216.00
1980-1989      106               118.00           22.00          140.00
1980-1989      107                71.00           28.00           99.00
1980-1989      108                38.00           19.00           57.00
1980-1989      109                28.00            0.00           28.00
1980-1989      110+               19.00            4.00           23.00
1990-1999        0              9861.00        12860.00        22721.00
1990-1999        1               983.00         1139.00         2122.00
1990-1999        2               600.00          747.00         1347.00
1990-1999        3               469.00          618.00         1087.00
1990-1999        4               399.00          548.00          947.00
1990-1999        5               370.00          476.00          846.00
1990-1999        6               330.00          512.00          842.00
1990-1999        7               309.00          469.00          778.00
1990-1999        8               300.00          452.00          752.00
1990-1999        9               322.00          448.00          770.00
1990-1999       10               347.00          466.00          813.00
1990-1999       11               326.00          539.00          865.00
1990-1999       12               411.00          524.00          935.00
1990-1999       13               436.00          717.00         1153.00
1990-1999       14               516.00          932.00         1448.00
1990-1999       15               664.00         1176.00         1840.00
1990-1999       16               769.00         1802.00         2571.00
1990-1999       17               839.00         2328.00         3167.00
1990-1999       18               937.00         2800.00         3737.00
1990-1999       19              1002.00         3189.00         4191.00
1990-1999       20              1040.00         3509.00         4549.00
1990-1999       21              1021.00         3660.00         4681.00
1990-1999       22              1080.00         3862.00         4942.00
1990-1999       23              1156.00         4071.00         5227.00
1990-1999       24              1212.00         4116.00         5328.00
1990-1999       25              1327.00         4521.00         5848.00
1990-1999       26              1409.00         4667.00         6076.00
1990-1999       27              1546.00         5109.00         6655.00
1990-1999       28              1640.00         5320.00         6960.00
1990-1999       29              1838.00         5901.00         7739.00
1990-1999       30              1805.00         6175.00         7980.00
1990-1999       31              1923.00         6136.00         8059.00
1990-1999       32              1926.00         6290.00         8216.00
1990-1999       33              2060.00         6303.00         8363.00
1990-1999       34              1974.00         6168.00         8142.00
1990-1999       35              2088.00         5993.00         8081.00
1990-1999       36              2107.00         5825.00         7932.00
1990-1999       37              2067.00         5890.00         7957.00
1990-1999       38              2244.00         5774.00         8018.00
1990-1999       39              2344.00         5990.00         8334.00
1990-1999       40              2578.00         6086.00         8664.00
1990-1999       41              2560.00         6268.00         8828.00
1990-1999       42              2755.00         6459.00         9214.00
1990-1999       43              3034.00         7018.00        10052.00
1990-1999       44              3196.00         7302.00        10498.00
1990-1999       45              3356.00         8096.00        11452.00
1990-1999       46              3466.00         8615.00        12081.00
1990-1999       47              3909.00         9091.00        13000.00
1990-1999       48              4043.00         9605.00        13648.00
1990-1999       49              4255.00        10516.00        14771.00
1990-1999       50              4568.00        10935.00        15503.00
1990-1999       51              4754.00        11357.00        16111.00
1990-1999       52              5063.00        11981.00        17044.00
1990-1999       53              5477.00        13247.00        18724.00
1990-1999       54              5789.00        14081.00        19870.00
1990-1999       55              6197.00        15303.00        21500.00
1990-1999       56              6763.00        16623.00        23386.00
1990-1999       57              7470.00        18078.00        25548.00
1990-1999       58              8448.00        20024.00        28472.00
1990-1999       59              9162.00        22156.00        31318.00
1990-1999       60             10024.00        24141.00        34165.00
1990-1999       61             11219.00        26609.00        37828.00
1990-1999       62             12627.00        28978.00        41605.00
1990-1999       63             13757.00        31362.00        45119.00
1990-1999       64             15138.00        33813.00        48951.00
1990-1999       65             16504.00        36033.00        52537.00
1990-1999       66             17802.00        38301.00        56103.00
1990-1999       67             19231.00        40862.00        60093.00
1990-1999       68             21066.00        42928.00        63994.00
1990-1999       69             23686.00        44885.00        68571.00
1990-1999       70             25468.00        46703.00        72171.00
1990-1999       71             27646.00        47728.00        75374.00
1990-1999       72             29938.00        49360.00        79298.00
1990-1999       73             32604.00        50670.00        83274.00
1990-1999       74             35181.00        51664.00        86845.00
1990-1999       75             38345.00        52308.00        90653.00
1990-1999       76             41915.00        53062.00        94977.00
1990-1999       77             45408.00        54041.00        99449.00
1990-1999       78             49617.00        53646.00       103263.00
1990-1999       79             53215.00        53849.00       107064.00
1990-1999       80             58016.00        54297.00       112313.00
1990-1999       81             61263.00        54911.00       116174.00
1990-1999       82             64846.00        54549.00       119395.00
1990-1999       83             67953.00        52968.00       120921.00
1990-1999       84             70158.00        51273.00       121431.00
1990-1999       85             70879.00        48504.00       119383.00
1990-1999       86             70249.00        45315.00       115564.00
1990-1999       87             68152.00        41526.00       109678.00
1990-1999       88             64534.00        36969.00       101503.00
1990-1999       89             59964.00        32534.00        92498.00
1990-1999       90             54335.00        27462.00        81797.00
1990-1999       91             47370.00        22473.00        69843.00
1990-1999       92             39745.00        18148.00        57893.00
1990-1999       93             33055.00        13893.00        46948.00
1990-1999       94             26744.00        10807.00        37551.00
1990-1999       95             20358.00         8001.00        28359.00
1990-1999       96             15146.00         5662.00        20808.00
1990-1999       97             11173.00         3859.00        15032.00
1990-1999       98              7780.00         2530.00        10310.00
1990-1999       99              5249.00         1591.00         6840.00
1990-1999      100              3598.00         1114.00         4712.00
1990-1999      101              2288.00          662.00         2950.00
1990-1999      102              1475.00          368.00         1843.00
1990-1999      103               935.00          238.00         1173.00
1990-1999      104               507.00          137.00          644.00
1990-1999      105               347.00           80.00          427.00
1990-1999      106               164.00           51.00          215.00
1990-1999      107               101.00           26.00          127.00
1990-1999      108                67.00           10.00           77.00
1990-1999      109                33.00            8.00           41.00
1990-1999      110+               27.00            8.00           35.00
2000-2009        0              7422.00         9535.00        16957.00
2000-2009        1               693.00          783.00         1476.00
2000-2009        2               389.00          514.00          903.00
2000-2009        3               282.00          428.00          710.00
2000-2009        4               261.00          322.00          583.00
2000-2009        5               217.00          314.00          531.00
2000-2009        6               189.00          283.00          472.00
2000-2009        7               191.00          274.00          465.00
2000-2009        8               170.00          284.00          454.00
2000-2009        9               178.00          245.00          423.00
2000-2009       10               226.00          270.00          496.00
2000-2009       11               184.00          259.00          443.00
2000-2009       12               216.00          328.00          544.00
2000-2009       13               247.00          388.00          635.00
2000-2009       14               253.00          504.00          757.00
2000-2009       15               377.00          710.00         1087.00
2000-2009       16               393.00          998.00         1391.00
2000-2009       17               495.00         1316.00         1811.00
2000-2009       18               549.00         1556.00         2105.00
2000-2009       19               586.00         1732.00         2318.00
2000-2009       20               636.00         1955.00         2591.00
2000-2009       21               633.00         1971.00         2604.00
2000-2009       22               679.00         2152.00         2831.00
2000-2009       23               669.00         2250.00         2919.00
2000-2009       24               753.00         2358.00         3111.00
2000-2009       25               806.00         2540.00         3346.00
2000-2009       26               839.00         2633.00         3472.00
2000-2009       27               909.00         2751.00         3660.00
2000-2009       28               970.00         2888.00         3858.00
2000-2009       29              1030.00         3007.00         4037.00
2000-2009       30              1170.00         3172.00         4342.00
2000-2009       31              1211.00         3467.00         4678.00
2000-2009       32              1347.00         3564.00         4911.00
2000-2009       33              1483.00         3790.00         5273.00
2000-2009       34              1580.00         4101.00         5681.00
2000-2009       35              1722.00         4408.00         6130.00
2000-2009       36              2017.00         4695.00         6712.00
2000-2009       37              2143.00         4969.00         7112.00
2000-2009       38              2293.00         5485.00         7778.00
2000-2009       39              2538.00         5860.00         8398.00
2000-2009       40              2679.00         6307.00         8986.00
2000-2009       41              3047.00         6569.00         9616.00
2000-2009       42              3131.00         7091.00        10222.00
2000-2009       43              3320.00         7552.00        10872.00
2000-2009       44              3715.00         8048.00        11763.00
2000-2009       45              3923.00         8666.00        12589.00
2000-2009       46              4212.00         8930.00        13142.00
2000-2009       47              4435.00         9837.00        14272.00
2000-2009       48              4643.00        10379.00        15022.00
2000-2009       49              4875.00        10897.00        15772.00
2000-2009       50              5073.00        11871.00        16944.00
2000-2009       51              5325.00        12281.00        17606.00
2000-2009       52              5537.00        13345.00        18882.00
2000-2009       53              5949.00        14039.00        19988.00
2000-2009       54              6084.00        15374.00        21458.00
2000-2009       55              6538.00        15894.00        22432.00
2000-2009       56              6783.00        17185.00        23968.00
2000-2009       57              7243.00        18355.00        25598.00
2000-2009       58              7456.00        19184.00        26640.00
2000-2009       59              8064.00        20278.00        28342.00
2000-2009       60              8703.00        21918.00        30621.00
2000-2009       61              8835.00        22105.00        30940.00
2000-2009       62              9408.00        23088.00        32496.00
2000-2009       63             10181.00        24664.00        34845.00
2000-2009       64             10983.00        26564.00        37547.00
2000-2009       65             12142.00        28571.00        40713.00
2000-2009       66             13418.00        30408.00        43826.00
2000-2009       67             14953.00        33337.00        48290.00
2000-2009       68             16777.00        35899.00        52676.00
2000-2009       69             19122.00        39505.00        58627.00
2000-2009       70             21448.00        42621.00        64069.00
2000-2009       71             24321.00        46417.00        70738.00
2000-2009       72             27539.00        50463.00        78002.00
2000-2009       73             30435.00        53307.00        83742.00
2000-2009       74             34593.00        56473.00        91066.00
2000-2009       75             38072.00        59991.00        98063.00
2000-2009       76             41891.00        62469.00       104360.00
2000-2009       77             46304.00        64988.00       111292.00
2000-2009       78             51054.00        66894.00       117948.00
2000-2009       79             55532.00        68260.00       123792.00
2000-2009       80             60864.00        69041.00       129905.00
2000-2009       81             64791.00        68127.00       132918.00
2000-2009       82             69195.00        67064.00       136259.00
2000-2009       83             72919.00        64566.00       137485.00
2000-2009       84             75883.00        61818.00       137701.00
2000-2009       85             78363.00        58521.00       136884.00
2000-2009       86             79752.00        55091.00       134843.00
2000-2009       87             79605.00        50598.00       130203.00
2000-2009       88             77970.00        45505.00       123475.00
2000-2009       89             74954.00        40228.00       115182.00
2000-2009       90             71082.00        35948.00       107030.00
2000-2009       91             66003.00        31256.00        97259.00
2000-2009       92             59255.00        26781.00        86036.00
2000-2009       93             51585.00        22177.00        73762.00
2000-2009       94             43178.00        17439.00        60617.00
2000-2009       95             35231.00        13503.00        48734.00
2000-2009       96             27717.00         9973.00        37690.00
2000-2009       97             20834.00         7179.00        28013.00
2000-2009       98             15422.00         4808.00        20230.00
2000-2009       99             10706.00         3319.00        14025.00
2000-2009      100              7486.00         2198.00         9684.00
2000-2009      101              4775.00         1239.00         6014.00
2000-2009      102              3080.00          779.00         3859.00
2000-2009      103              1785.00          390.00         2175.00
2000-2009      104              1027.00          237.00         1264.00
2000-2009      105               587.00          147.00          734.00
2000-2009      106               323.00           67.00          390.00
2000-2009      107               142.00           38.00          180.00
2000-2009      108                84.00            8.00           92.00
2000-2009      109                65.00            8.00           73.00
2000-2009      110+               41.00            7.00           48.00
2010-2014        0              3074.00         3674.00         6748.00
2010-2014        1               278.00          310.00          588.00
2010-2014        2               180.00          208.00          388.00
2010-2014        3               118.00          151.00          269.00
2010-2014        4               112.00          137.00          249.00
2010-2014        5               106.00          119.00          225.00
2010-2014        6                85.00          122.00          207.00
2010-2014        7                87.00          118.00          205.00
2010-2014        8                65.00          100.00          165.00
2010-2014        9                85.00          117.00          202.00
2010-2014       10                66.00          107.00          173.00
2010-2014       11                85.00           90.00          175.00
2010-2014       12                91.00          114.00          205.00
2010-2014       13                99.00          139.00          238.00
2010-2014       14               100.00          152.00          252.00
2010-2014       15                94.00          183.00          277.00
2010-2014       16               121.00          208.00          329.00
2010-2014       17               140.00          259.00          399.00
2010-2014       18               172.00          329.00          501.00
2010-2014       19               180.00          404.00          584.00
2010-2014       20               179.00          473.00          652.00
2010-2014       21               168.00          484.00          652.00
2010-2014       22               185.00          509.00          694.00
2010-2014       23               210.00          474.00          684.00
2010-2014       24               187.00          530.00          717.00
2010-2014       25               238.00          574.00          812.00
2010-2014       26               238.00          571.00          809.00
2010-2014       27               279.00          645.00          924.00
2010-2014       28               286.00          653.00          939.00
2010-2014       29               344.00          776.00         1120.00
2010-2014       30               393.00          892.00         1285.00
2010-2014       31               441.00          938.00         1379.00
2010-2014       32               475.00         1014.00         1489.00
2010-2014       33               523.00         1184.00         1707.00
2010-2014       34               588.00         1269.00         1857.00
2010-2014       35               660.00         1357.00         2017.00
2010-2014       36               762.00         1458.00         2220.00
2010-2014       37               889.00         1577.00         2466.00
2010-2014       38               966.00         1677.00         2643.00
2010-2014       39              1028.00         1951.00         2979.00
2010-2014       40              1163.00         2157.00         3320.00
2010-2014       41              1217.00         2386.00         3603.00
2010-2014       42              1363.00         2706.00         4069.00
2010-2014       43              1593.00         3034.00         4627.00
2010-2014       44              1791.00         3330.00         5121.00
2010-2014       45              1902.00         3768.00         5670.00
2010-2014       46              2059.00         4160.00         6219.00
2010-2014       47              2330.00         4608.00         6938.00
2010-2014       48              2499.00         5040.00         7539.00
2010-2014       49              2713.00         5507.00         8220.00
2010-2014       50              2803.00         5884.00         8687.00
2010-2014       51              3146.00         6388.00         9534.00
2010-2014       52              3250.00         7169.00        10419.00
2010-2014       53              3517.00         7240.00        10757.00
2010-2014       54              3602.00         7756.00        11358.00
2010-2014       55              3643.00         8163.00        11806.00
2010-2014       56              3941.00         8679.00        12620.00
2010-2014       57              4088.00         9105.00        13193.00
2010-2014       58              4136.00         9450.00        13586.00
2010-2014       59              4454.00        10047.00        14501.00
2010-2014       60              4609.00        10709.00        15318.00
2010-2014       61              4804.00        11314.00        16118.00
2010-2014       62              5208.00        12164.00        17372.00
2010-2014       63              5390.00        13016.00        18406.00
2010-2014       64              5659.00        13746.00        19405.00
2010-2014       65              6055.00        14816.00        20871.00
2010-2014       66              6528.00        15387.00        21915.00
2010-2014       67              7108.00        15733.00        22841.00
2010-2014       68              7406.00        16389.00        23795.00
2010-2014       69              8060.00        16900.00        24960.00
2010-2014       70              8539.00        17781.00        26320.00
2010-2014       71              8873.00        17475.00        26348.00
2010-2014       72              9318.00        18514.00        27832.00
2010-2014       73             10990.00        20441.00        31431.00
2010-2014       74             12533.00        22210.00        34743.00
2010-2014       75             14782.00        24270.00        39052.00
2010-2014       76             17201.00        27038.00        44239.00
2010-2014       77             19968.00        30344.00        50312.00
2010-2014       78             22810.00        32112.00        54922.00
2010-2014       79             25922.00        34261.00        60183.00
2010-2014       80             29061.00        35972.00        65033.00
2010-2014       81             32160.00        37214.00        69374.00
2010-2014       82             34937.00        37706.00        72643.00
2010-2014       83             38167.00        38341.00        76508.00
2010-2014       84             40558.00        37498.00        78056.00
2010-2014       85             43134.00        37075.00        80209.00
2010-2014       86             44770.00        35764.00        80534.00
2010-2014       87             46314.00        33976.00        80290.00
2010-2014       88             47101.00        32153.00        79254.00
2010-2014       89             46026.00        28709.00        74735.00
2010-2014       90             44147.00        25420.00        69567.00
2010-2014       91             40473.00        21171.00        61644.00
2010-2014       92             35479.00        17400.00        52879.00
2010-2014       93             30983.00        13511.00        44494.00
2010-2014       94             26408.00        10431.00        36839.00
2010-2014       95             22173.00         8214.00        30387.00
2010-2014       96             18221.00         6331.00        24552.00
2010-2014       97             14385.00         4742.00        19127.00
2010-2014       98             11135.00         3424.00        14559.00
2010-2014       99              8266.00         2401.00        10667.00
2010-2014      100              5894.00         1666.00         7560.00
2010-2014      101              3865.00          961.00         4826.00
2010-2014      102              2476.00          584.00         3060.00
2010-2014      103              1578.00          377.00         1955.00
2010-2014      104               900.00          190.00         1090.00
2010-2014      105               501.00           96.00          597.00
2010-2014      106               271.00           58.00          329.00
2010-2014      107               154.00           22.00          176.00
2010-2014      108                79.00           11.00           90.00
2010-2014      109                32.00            9.00           41.00
2010-2014      110+               32.00            6.00           38.00
