Greece, Deaths (period 1x10), 	Last modified: 17 Apr 2018;  Methods Protocol: v6 (2017)

  Year          Age             Female            Male           Total
1981-1989        0              6256.22         8294.31        14550.53
1981-1989        1               310.02          359.01          669.03
1981-1989        2               226.01          297.00          523.01
1981-1989        3               179.00          244.01          423.01
1981-1989        4               145.00          226.03          371.03
1981-1989        5               141.00          161.00          302.00
1981-1989        6               135.00          175.02          310.02
1981-1989        7               127.01          180.00          307.01
1981-1989        8               110.00          166.01          276.01
1981-1989        9               118.00          177.01          295.01
1981-1989       10               116.00          163.00          279.00
1981-1989       11               102.00          149.01          251.01
1981-1989       12                98.00          181.00          279.00
1981-1989       13               120.00          202.00          322.00
1981-1989       14               141.00          265.03          406.03
1981-1989       15               186.00          350.02          536.02
1981-1989       16               207.01          466.01          673.02
1981-1989       17               212.00          614.01          826.01
1981-1989       18               240.01          694.03          934.04
1981-1989       19               236.00          719.01          955.01
1981-1989       20               251.01          818.04         1069.05
1981-1989       21               272.01          814.01         1086.02
1981-1989       22               262.01          808.02         1070.03
1981-1989       23               281.00          844.02         1125.02
1981-1989       24               223.01          789.02         1012.03
1981-1989       25               253.01          705.01          958.02
1981-1989       26               259.00          670.03          929.03
1981-1989       27               253.02          735.03          988.05
1981-1989       28               293.02          663.01          956.03
1981-1989       29               282.02          633.02          915.04
1981-1989       30               304.01          697.02         1001.03
1981-1989       31               289.01          663.02          952.03
1981-1989       32               332.00          615.01          947.01
1981-1989       33               313.00          696.03         1009.03
1981-1989       34               368.01          706.03         1074.04
1981-1989       35               426.02          746.02         1172.04
1981-1989       36               407.01          803.03         1210.04
1981-1989       37               424.02          787.02         1211.04
1981-1989       38               458.01          781.03         1239.04
1981-1989       39               443.02          938.03         1381.05
1981-1989       40               544.01          998.02         1542.03
1981-1989       41               582.01         1005.04         1587.05
1981-1989       42               588.02         1050.04         1638.06
1981-1989       43               693.02         1280.05         1973.07
1981-1989       44               744.02         1288.04         2032.06
1981-1989       45               798.02         1533.05         2331.07
1981-1989       46               937.03         1600.05         2537.08
1981-1989       47              1004.03         1824.06         2828.09
1981-1989       48              1097.04         2021.09         3118.13
1981-1989       49              1252.04         2335.08         3587.12
1981-1989       50              1463.04         2685.08         4148.12
1981-1989       51              1535.05         2886.08         4421.13
1981-1989       52              1757.06         3219.10         4976.16
1981-1989       53              1841.06         3506.13         5347.19
1981-1989       54              2026.07         3896.13         5922.20
1981-1989       55              2343.05         4438.15         6781.20
1981-1989       56              2401.06         4657.15         7058.21
1981-1989       57              2557.07         4985.16         7542.23
1981-1989       58              2667.08         5516.19         8183.27
1981-1989       59              2922.08         5647.18         8569.26
1981-1989       60              3151.09         6025.20         9176.29
1981-1989       61              3272.09         6265.21         9537.30
1981-1989       62              3541.10         6404.20         9945.30
1981-1989       63              3755.12         6623.21        10378.33
1981-1989       64              4016.12         6725.20        10741.32
1981-1989       65              4523.14         7264.24        11787.38
1981-1989       66              4953.14         7605.23        12558.37
1981-1989       67              5401.17         8262.28        13663.45
1981-1989       68              6154.19         9059.34        15213.53
1981-1989       69              6937.19         9895.35        16832.54
1981-1989       70              7857.24        10775.39        18632.63
1981-1989       71              9096.26        11354.39        20450.65
1981-1989       72              9712.30        12186.42        21898.72
1981-1989       73             10648.33        12985.43        23633.76
1981-1989       74             11577.30        13549.44        25126.74
1981-1989       75             12653.37        13996.45        26649.82
1981-1989       76             13669.38        14574.49        28243.87
1981-1989       77             14091.38        14607.48        28698.86
1981-1989       78             14936.45        14696.51        29632.96
1981-1989       79             14901.39        14766.47        29667.86
1981-1989       80             16250.47        14750.49        31000.96
1981-1989       81             16045.41        13779.42        29824.83
1981-1989       82             15904.45        13053.44        28957.89
1981-1989       83             15698.49        12667.41        28365.90
1981-1989       84             14851.35        11630.37        26481.72
1981-1989       85             14218.37        10604.35        24822.72
1981-1989       86             13341.35         9577.29        22918.64
1981-1989       87             12125.33         8337.28        20462.61
1981-1989       88             10786.30         7230.25        18016.55
1981-1989       89              9454.21         6373.20        15827.41
1981-1989       90              8100.22         5509.17        13609.39
1981-1989       91              6948.16         4392.13        11340.29
1981-1989       92              5633.17         3518.14         9151.31
1981-1989       93              4736.17         2843.09         7579.26
1981-1989       94              3611.10         2180.07         5791.17
1981-1989       95              2955.08         1718.06         4673.14
1981-1989       96              2438.06         1329.04         3767.10
1981-1989       97              1822.05         1049.04         2871.09
1981-1989       98              1581.04          788.02         2369.06
1981-1989       99              1306.03          717.03         2023.06
1981-1989      100               801.67          385.45         1187.12
1981-1989      101               578.14          269.43          847.57
1981-1989      102               414.35          185.96          600.31
1981-1989      103               288.41          125.38          413.79
1981-1989      104               194.77           82.64          277.41
1981-1989      105               128.63           53.53          182.16
1981-1989      106                84.25           33.99          118.24
1981-1989      107                54.36           21.21           75.57
1981-1989      108                33.97           13.03           47.00
1981-1989      109                20.78            7.42           28.20
1981-1989      110+               21.78            3.06           24.84
1990-1999        0              3636.00         4349.00         7985.00
1990-1999        1               180.00          190.00          370.00
1990-1999        2               118.00          151.00          269.00
1990-1999        3                97.00          154.00          251.00
1990-1999        4               113.00          128.00          241.00
1990-1999        5                76.00          120.00          196.00
1990-1999        6                86.00          129.00          215.00
1990-1999        7                83.00          105.00          188.00
1990-1999        8                72.00           99.00          171.00
1990-1999        9                76.00           97.00          173.00
1990-1999       10                91.00          114.00          205.00
1990-1999       11                88.00          114.00          202.00
1990-1999       12                92.00          145.00          237.00
1990-1999       13                97.00          158.00          255.00
1990-1999       14               130.00          234.00          364.00
1990-1999       15               136.00          325.00          461.00
1990-1999       16               172.00          453.00          625.00
1990-1999       17               214.00          628.00          842.00
1990-1999       18               239.00          763.00         1002.00
1990-1999       19               247.00          844.00         1091.00
1990-1999       20               253.00          923.00         1176.00
1990-1999       21               274.00          956.00         1230.00
1990-1999       22               253.00         1000.00         1253.00
1990-1999       23               245.00         1003.00         1248.00
1990-1999       24               269.00          972.00         1241.00
1990-1999       25               322.00         1017.00         1339.00
1990-1999       26               267.00          933.00         1200.00
1990-1999       27               321.00          904.00         1225.00
1990-1999       28               265.00          952.00         1217.00
1990-1999       29               324.00          910.00         1234.00
1990-1999       30               344.00          969.00         1313.00
1990-1999       31               319.00          886.00         1205.00
1990-1999       32               350.00          955.00         1305.00
1990-1999       33               379.00          940.00         1319.00
1990-1999       34               442.00          958.00         1400.00
1990-1999       35               426.00         1006.00         1432.00
1990-1999       36               440.00         1028.00         1468.00
1990-1999       37               461.00         1117.00         1578.00
1990-1999       38               502.00         1160.00         1662.00
1990-1999       39               580.00         1171.00         1751.00
1990-1999       40               586.00         1341.00         1927.00
1990-1999       41               660.00         1308.00         1968.00
1990-1999       42               719.00         1503.00         2222.00
1990-1999       43               759.00         1606.00         2365.00
1990-1999       44               866.00         1768.00         2634.00
1990-1999       45               900.00         1940.00         2840.00
1990-1999       46              1023.00         2088.00         3111.00
1990-1999       47              1017.00         2132.00         3149.00
1990-1999       48              1079.00         2300.00         3379.00
1990-1999       49              1176.00         2522.00         3698.00
1990-1999       50              1333.00         2772.00         4105.00
1990-1999       51              1351.00         3046.00         4397.00
1990-1999       52              1460.00         3184.00         4644.00
1990-1999       53              1586.00         3459.00         5045.00
1990-1999       54              1757.00         3721.00         5478.00
1990-1999       55              1928.00         4103.00         6031.00
1990-1999       56              2214.00         4721.00         6935.00
1990-1999       57              2368.00         5162.00         7530.00
1990-1999       58              2674.00         5632.00         8306.00
1990-1999       59              3013.00         6380.00         9393.00
1990-1999       60              3383.00         6934.00        10317.00
1990-1999       61              3654.00         7635.00        11289.00
1990-1999       62              4064.00         8401.00        12465.00
1990-1999       63              4522.00         9161.00        13683.00
1990-1999       64              4889.00         9710.00        14599.00
1990-1999       65              5400.00        10506.00        15906.00
1990-1999       66              5906.00        10831.00        16737.00
1990-1999       67              6593.00        11396.00        17989.00
1990-1999       68              7073.00        11772.00        18845.00
1990-1999       69              7683.00        12632.00        20315.00
1990-1999       70              8842.00        13226.00        22068.00
1990-1999       71              9002.00        12767.00        21769.00
1990-1999       72              9665.00        13133.00        22798.00
1990-1999       73             10239.00        13418.00        23657.00
1990-1999       74             11123.00        13385.00        24508.00
1990-1999       75             12133.00        14110.00        26243.00
1990-1999       76             12918.00        14637.00        27555.00
1990-1999       77             14760.00        15026.00        29786.00
1990-1999       78             15696.00        15569.00        31265.00
1990-1999       79             17034.00        16572.00        33606.00
1990-1999       80             18851.00        16825.00        35676.00
1990-1999       81             19371.00        17121.00        36492.00
1990-1999       82             20007.00        17289.00        37296.00
1990-1999       83             20566.00        16571.00        37137.00
1990-1999       84             20540.00        16357.00        36897.00
1990-1999       85             19927.00        15551.00        35478.00
1990-1999       86             19474.00        14464.00        33938.00
1990-1999       87             17835.00        13306.00        31141.00
1990-1999       88             16563.00        11785.00        28348.00
1990-1999       89             14907.00        10466.00        25373.00
1990-1999       90             13572.00         8897.00        22469.00
1990-1999       91             11031.00         7238.00        18269.00
1990-1999       92              9497.00         6013.00        15510.00
1990-1999       93              7600.00         4802.00        12402.00
1990-1999       94              6162.00         3608.00         9770.00
1990-1999       95              4672.00         2683.00         7355.00
1990-1999       96              3687.00         2014.00         5701.00
1990-1999       97              2592.00         1409.00         4001.00
1990-1999       98              1865.00          960.00         2825.00
1990-1999       99              1385.00          799.00         2184.00
1990-1999      100              1178.91          519.49         1698.40
1990-1999      101               809.21          339.47         1148.68
1990-1999      102               529.41          215.47          744.88
1990-1999      103               335.51          133.13          468.64
1990-1999      104               211.50           80.49          291.99
1990-1999      105               130.51           47.86          178.37
1990-1999      106                76.75           27.86          104.61
1990-1999      107                43.93           15.72           59.65
1990-1999      108                25.58            7.83           33.41
1990-1999      109                14.59            2.71           17.30
1990-1999      110+               10.15            0.99           11.14
2000-2009        0              1932.00         2436.00         4368.00
2000-2009        1               141.00          164.00          305.00
2000-2009        2                94.00          121.00          215.00
2000-2009        3                62.00           77.00          139.00
2000-2009        4                60.00           72.00          132.00
2000-2009        5                62.00           82.00          144.00
2000-2009        6                59.00           83.00          142.00
2000-2009        7                51.00           74.00          125.00
2000-2009        8                50.00           75.00          125.00
2000-2009        9                53.00           69.00          122.00
2000-2009       10                55.00           71.00          126.00
2000-2009       11                53.00           53.00          106.00
2000-2009       12                57.00           78.00          135.00
2000-2009       13                54.00          117.00          171.00
2000-2009       14                70.00          146.00          216.00
2000-2009       15               104.00          210.00          314.00
2000-2009       16               105.00          269.00          374.00
2000-2009       17               120.00          390.00          510.00
2000-2009       18               166.00          587.00          753.00
2000-2009       19               178.00          627.00          805.00
2000-2009       20               166.00          730.00          896.00
2000-2009       21               192.00          788.00          980.00
2000-2009       22               206.00          863.00         1069.00
2000-2009       23               215.00          914.00         1129.00
2000-2009       24               221.00          973.00         1194.00
2000-2009       25               235.00          992.00         1227.00
2000-2009       26               227.00          912.00         1139.00
2000-2009       27               249.00          973.00         1222.00
2000-2009       28               284.00          916.00         1200.00
2000-2009       29               260.00          952.00         1212.00
2000-2009       30               278.00          904.00         1182.00
2000-2009       31               287.00          923.00         1210.00
2000-2009       32               343.00          911.00         1254.00
2000-2009       33               357.00          956.00         1313.00
2000-2009       34               392.00         1046.00         1438.00
2000-2009       35               418.00         1014.00         1432.00
2000-2009       36               410.00         1086.00         1496.00
2000-2009       37               445.00         1115.00         1560.00
2000-2009       38               520.00         1177.00         1697.00
2000-2009       39               560.00         1270.00         1830.00
2000-2009       40               586.00         1319.00         1905.00
2000-2009       41               634.00         1504.00         2138.00
2000-2009       42               714.00         1554.00         2268.00
2000-2009       43               806.00         1758.00         2564.00
2000-2009       44               814.00         1941.00         2755.00
2000-2009       45               993.00         2058.00         3051.00
2000-2009       46               997.00         2254.00         3251.00
2000-2009       47              1095.00         2403.00         3498.00
2000-2009       48              1162.00         2569.00         3731.00
2000-2009       49              1264.00         2847.00         4111.00
2000-2009       50              1382.00         3020.00         4402.00
2000-2009       51              1439.00         3209.00         4648.00
2000-2009       52              1507.00         3525.00         5032.00
2000-2009       53              1691.00         3926.00         5617.00
2000-2009       54              1790.00         4176.00         5966.00
2000-2009       55              1924.00         4518.00         6442.00
2000-2009       56              2022.00         4761.00         6783.00
2000-2009       57              2152.00         4991.00         7143.00
2000-2009       58              2208.00         5212.00         7420.00
2000-2009       59              2377.00         5605.00         7982.00
2000-2009       60              2614.00         5913.00         8527.00
2000-2009       61              2768.00         6455.00         9223.00
2000-2009       62              3170.00         6847.00        10017.00
2000-2009       63              3300.00         7118.00        10418.00
2000-2009       64              3574.00         7651.00        11225.00
2000-2009       65              4089.00         8352.00        12441.00
2000-2009       66              4564.00         9238.00        13802.00
2000-2009       67              5252.00        10151.00        15403.00
2000-2009       68              5963.00        11114.00        17077.00
2000-2009       69              6834.00        12183.00        19017.00
2000-2009       70              7698.00        13249.00        20947.00
2000-2009       71              8623.00        14311.00        22934.00
2000-2009       72              9940.00        15409.00        25349.00
2000-2009       73             10937.00        16227.00        27164.00
2000-2009       74             12342.00        17494.00        29836.00
2000-2009       75             13763.00        18091.00        31854.00
2000-2009       76             15065.00        18499.00        33564.00
2000-2009       77             16051.00        19146.00        35197.00
2000-2009       78             17407.00        18962.00        36369.00
2000-2009       79             18565.00        19202.00        37767.00
2000-2009       80             19978.00        19026.00        39004.00
2000-2009       81             20152.00        18600.00        38752.00
2000-2009       82             20697.00        17781.00        38478.00
2000-2009       83             21083.00        16875.00        37958.00
2000-2009       84             20802.00        16022.00        36824.00
2000-2009       85             20834.00        15536.00        36370.00
2000-2009       86             20470.00        14539.00        35009.00
2000-2009       87             20137.00        13919.00        34056.00
2000-2009       88             19246.00        12916.00        32162.00
2000-2009       89             18286.00        11514.00        29800.00
2000-2009       90             16782.00        10477.00        27259.00
2000-2009       91             15005.00         9496.00        24501.00
2000-2009       92             13239.00         8038.00        21277.00
2000-2009       93             11054.00         6805.00        17859.00
2000-2009       94              9135.00         5530.00        14665.00
2000-2009       95              7284.00         4150.00        11434.00
2000-2009       96              5651.00         3152.00         8803.00
2000-2009       97              4207.00         2337.00         6544.00
2000-2009       98              3139.00         1578.00         4717.00
2000-2009       99              2174.00         1114.00         3288.00
2000-2009      100              1652.95          702.80         2355.75
2000-2009      101              1092.51          452.22         1544.73
2000-2009      102               696.22          281.75          977.97
2000-2009      103               431.14          170.23          601.37
2000-2009      104               258.25           99.30          357.55
2000-2009      105               148.74           55.97          204.71
2000-2009      106                82.42           30.73          113.15
2000-2009      107                44.28           16.45           60.73
2000-2009      108                23.40            7.99           31.39
2000-2009      109                12.04            2.25           14.29
2000-2009      110+                5.00            0.32            5.32
2010-2013        0               633.00          798.00         1431.00
2010-2013        1                44.00           62.00          106.00
2010-2013        2                34.00           28.00           62.00
2010-2013        3                35.00           36.00           71.00
2010-2013        4                22.00           30.00           52.00
2010-2013        5                22.00           31.00           53.00
2010-2013        6                18.00           25.00           43.00
2010-2013        7                20.00           21.00           41.00
2010-2013        8                14.00           29.00           43.00
2010-2013        9                16.00           21.00           37.00
2010-2013       10                17.00           23.00           40.00
2010-2013       11                24.00           19.00           43.00
2010-2013       12                16.00           26.00           42.00
2010-2013       13                26.00           25.00           51.00
2010-2013       14                24.00           36.00           60.00
2010-2013       15                38.00           53.00           91.00
2010-2013       16                39.00           80.00          119.00
2010-2013       17                34.00          101.00          135.00
2010-2013       18                44.00          135.00          179.00
2010-2013       19                45.00          151.00          196.00
2010-2013       20                54.00          184.00          238.00
2010-2013       21                65.00          178.00          243.00
2010-2013       22                54.00          198.00          252.00
2010-2013       23                72.00          220.00          292.00
2010-2013       24                63.00          240.00          303.00
2010-2013       25                56.00          229.00          285.00
2010-2013       26                61.00          251.00          312.00
2010-2013       27                69.00          274.00          343.00
2010-2013       28                67.00          261.00          328.00
2010-2013       29                85.00          271.00          356.00
2010-2013       30               101.00          333.00          434.00
2010-2013       31               113.00          326.00          439.00
2010-2013       32               127.00          337.00          464.00
2010-2013       33               134.00          323.00          457.00
2010-2013       34               124.00          372.00          496.00
2010-2013       35               149.00          381.00          530.00
2010-2013       36               159.00          349.00          508.00
2010-2013       37               160.00          387.00          547.00
2010-2013       38               181.00          435.00          616.00
2010-2013       39               217.00          418.00          635.00
2010-2013       40               191.00          496.00          687.00
2010-2013       41               244.00          572.00          816.00
2010-2013       42               258.00          591.00          849.00
2010-2013       43               357.00          643.00         1000.00
2010-2013       44               368.00          737.00         1105.00
2010-2013       45               385.00          811.00         1196.00
2010-2013       46               403.00          854.00         1257.00
2010-2013       47               425.00          908.00         1333.00
2010-2013       48               468.00          988.00         1456.00
2010-2013       49               516.00         1094.00         1610.00
2010-2013       50               601.00         1186.00         1787.00
2010-2013       51               619.00         1300.00         1919.00
2010-2013       52               680.00         1419.00         2099.00
2010-2013       53               680.00         1527.00         2207.00
2010-2013       54               782.00         1691.00         2473.00
2010-2013       55               807.00         1769.00         2576.00
2010-2013       56               887.00         1965.00         2852.00
2010-2013       57               948.00         2214.00         3162.00
2010-2013       58              1010.00         2202.00         3212.00
2010-2013       59               989.00         2376.00         3365.00
2010-2013       60              1084.00         2500.00         3584.00
2010-2013       61              1113.00         2640.00         3753.00
2010-2013       62              1252.00         2820.00         4072.00
2010-2013       63              1344.00         2899.00         4243.00
2010-2013       64              1520.00         3319.00         4839.00
2010-2013       65              1700.00         3491.00         5191.00
2010-2013       66              1768.00         3676.00         5444.00
2010-2013       67              1679.00         3593.00         5272.00
2010-2013       68              1663.00         3400.00         5063.00
2010-2013       69              1883.00         3578.00         5461.00
2010-2013       70              2086.00         3875.00         5961.00
2010-2013       71              2568.00         4458.00         7026.00
2010-2013       72              3041.00         5104.00         8145.00
2010-2013       73              3446.00         5543.00         8989.00
2010-2013       74              3915.00         5949.00         9864.00
2010-2013       75              4573.00         6432.00        11005.00
2010-2013       76              5188.00         7300.00        12488.00
2010-2013       77              6034.00         7598.00        13632.00
2010-2013       78              6626.00         7887.00        14513.00
2010-2013       79              7342.00         8413.00        15755.00
2010-2013       80              8216.00         8932.00        17148.00
2010-2013       81              9403.00         9081.00        18484.00
2010-2013       82              9888.00         9316.00        19204.00
2010-2013       83             10597.00         9283.00        19880.00
2010-2013       84             11243.00         9276.00        20519.00
2010-2013       85             11308.00         8679.00        19987.00
2010-2013       86             10747.00         7930.00        18677.00
2010-2013       87             10079.00         7065.00        17144.00
2010-2013       88              9207.00         6077.00        15284.00
2010-2013       89              8500.00         5445.00        13945.00
2010-2013       90              7772.00         4909.00        12681.00
2010-2013       91              6632.00         4084.00        10716.00
2010-2013       92              5686.00         3292.00         8978.00
2010-2013       93              4695.00         2542.00         7237.00
2010-2013       94              3831.00         2104.00         5935.00
2010-2013       95              3422.00         1790.00         5212.00
2010-2013       96              2749.00         1474.00         4223.00
2010-2013       97              2216.00         1109.00         3325.00
2010-2013       98              1677.00          784.00         2461.00
2010-2013       99              1231.00          614.00         1845.00
2010-2013      100               919.06          340.37         1259.43
2010-2013      101               625.41          226.77          852.18
2010-2013      102               406.28          146.80          553.08
2010-2013      103               255.24           92.75          347.99
2010-2013      104               157.63           57.59          215.22
2010-2013      105                96.60           35.15          131.75
2010-2013      106                56.99           20.78           77.77
2010-2013      107                31.95           11.86           43.81
2010-2013      108                17.26            6.54           23.80
2010-2013      109                 9.38            3.52           12.90
2010-2013      110+                7.19            0.84            8.03
