Japan, Deaths (period 1x10), 	Last modified: 12 Mar 2018;  Methods Protocol: v6 (2017)

  Year          Age             Female            Male           Total
1947-1949        0            245588.42       294055.13       539643.55
1947-1949        1             70185.86        74765.71       144951.57
1947-1949        2             33983.29        35443.86        69427.15
1947-1949        3             22236.35        23520.04        45756.39
1947-1949        4             15546.28        16717.32        32263.60
1947-1949        5             11183.23        12345.06        23528.29
1947-1949        6              8281.37         9376.37        17657.74
1947-1949        7              6293.01         7474.64        13767.65
1947-1949        8              4807.99         5529.83        10337.82
1947-1949        9              4115.68         4712.24         8827.92
1947-1949       10              3853.54         4363.98         8217.52
1947-1949       11              3867.48         3995.57         7863.05
1947-1949       12              4007.56         3920.48         7928.04
1947-1949       13              4257.73         4017.55         8275.28
1947-1949       14              5015.25         4445.00         9460.25
1947-1949       15              6488.29         5535.05        12023.34
1947-1949       16              7760.99         6916.18        14677.17
1947-1949       17              9239.93         8746.80        17986.73
1947-1949       18             10564.80        10744.66        21309.46
1947-1949       19             12294.98        13042.77        25337.75
1947-1949       20             13773.93        14844.27        28618.20
1947-1949       21             14952.55        15714.01        30666.56
1947-1949       22             15173.48        16056.99        31230.47
1947-1949       23             15120.46        15570.45        30690.91
1947-1949       24             14728.22        14412.32        29140.54
1947-1949       25             14097.77        13071.23        27169.00
1947-1949       26             13315.26        11971.43        25286.69
1947-1949       27             12716.90        11543.12        24260.02
1947-1949       28             11992.26        10700.27        22692.53
1947-1949       29             11009.85        10590.22        21600.07
1947-1949       30             10647.73         9921.80        20569.53
1947-1949       31             10447.60        10122.94        20570.54
1947-1949       32             10484.59        10337.20        20821.79
1947-1949       33             10345.51        10573.37        20918.88
1947-1949       34             10169.37        10429.16        20598.53
1947-1949       35              9967.22        10441.15        20408.37
1947-1949       36             10172.36        10554.29        20726.65
1947-1949       37             10040.22        10681.42        20721.64
1947-1949       38              9644.03        10717.42        20361.45
1947-1949       39              9906.16        10790.44        20696.60
1947-1949       40              9554.88        10897.55        20452.43
1947-1949       41              9244.62        10880.42        20125.04
1947-1949       42              8986.57        10745.33        19731.90
1947-1949       43              8663.42        11087.74        19751.16
1947-1949       44              8914.60        11727.38        20641.98
1947-1949       45              9237.77        12257.82        21495.59
1947-1949       46              9538.92        12739.12        22278.04
1947-1949       47              9644.93        13206.41        22851.34
1947-1949       48              9759.93        13244.49        23004.42
1947-1949       49              9956.15        13862.08        23818.23
1947-1949       50             10309.39        14095.23        24404.62
1947-1949       51             10387.37        14696.72        25084.09
1947-1949       52             10777.70        15108.23        25885.93
1947-1949       53             11048.73        15834.78        26883.51
1947-1949       54             11092.79        16234.08        27326.87
1947-1949       55             11072.76        16483.20        27555.96
1947-1949       56             11627.12        16669.38        28296.50
1947-1949       57             12397.68        18019.88        30417.56
1947-1949       58             13843.69        20030.69        33874.38
1947-1949       59             13998.64        20617.83        34616.47
1947-1949       60             15207.30        21336.52        36543.82
1947-1949       61             15026.26        21062.14        36088.40
1947-1949       62             16041.89        21793.86        37835.75
1947-1949       63             17151.76        22449.64        39601.40
1947-1949       64             18403.46        23405.46        41808.92
1947-1949       65             19327.02        24251.29        43578.31
1947-1949       66             20542.70        24832.63        45375.33
1947-1949       67             21144.01        25586.15        46730.16
1947-1949       68             22086.65        25952.54        48039.19
1947-1949       69             23004.24        25593.29        48597.53
1947-1949       70             23919.85        25713.45        49633.30
1947-1949       71             24688.39        25251.88        49940.27
1947-1949       72             24491.82        24589.12        49080.94
1947-1949       73             24474.84        23073.84        47548.68
1947-1949       74             23291.22        21567.47        44858.69
1947-1949       75             22269.42        19727.78        41997.20
1947-1949       76             20424.09        17000.34        37424.43
1947-1949       77             18804.30        15324.98        34129.28
1947-1949       78             18073.30        14168.52        32241.82
1947-1949       79             18166.41        13438.78        31605.19
1947-1949       80             17230.52        12070.32        29300.84
1947-1949       81             15869.64        10886.31        26755.95
1947-1949       82             14633.10         9162.03        23795.13
1947-1949       83             13147.06         8002.82        21149.88
1947-1949       84             10593.11         5995.95        16589.06
1947-1949       85              8250.73         4669.85        12920.58
1947-1949       86              6598.99         3619.10        10218.09
1947-1949       87              5436.34         2816.45         8252.79
1947-1949       88              4629.85         2296.97         6926.82
1947-1949       89              3934.38         1872.61         5806.99
1947-1949       90              2928.83         1379.16         4307.99
1947-1949       91              2178.31         1031.89         3210.20
1947-1949       92              1692.00          657.56         2349.56
1947-1949       93              1151.69          448.38         1600.07
1947-1949       94               756.45          297.27         1053.72
1947-1949       95               512.31          220.18          732.49
1947-1949       96               291.17          127.12          418.29
1947-1949       97               218.15           78.06          296.21
1947-1949       98               134.08           55.05          189.13
1947-1949       99                67.04           47.04          114.08
1947-1949      100                38.00           26.02           64.02
1947-1949      101                22.01            6.00           28.01
1947-1949      102                11.00            3.00           14.00
1947-1949      103                 9.00            6.00           15.00
1947-1949      104                 6.00            1.00            7.00
1947-1949      105                 4.00            2.00            6.00
1947-1949      106                 2.00            3.00            5.00
1947-1949      107                 1.00            2.00            3.00
1947-1949      108                 0.00            1.00            1.00
1947-1949      109                 1.00            0.00            1.00
1947-1949      110+               10.00            6.00           16.00
1950-1959        0            381636.72       462327.07       843963.79
1950-1959        1             74973.47        79758.00       154731.47
1950-1959        2             57694.52        62164.17       119858.69
1950-1959        3             44825.03        48425.03        93250.06
1950-1959        4             31157.53        33710.85        64868.38
1950-1959        5             21319.79        24040.59        45360.38
1950-1959        6             15064.21        18454.80        33519.01
1950-1959        7             11103.87        14648.15        25752.02
1950-1959        8              8858.72        12201.80        21060.52
1950-1959        9              7690.63        10112.46        17803.09
1950-1959       10              6844.52         8766.27        15610.79
1950-1959       11              6236.53         7556.09        13792.62
1950-1959       12              6181.50         7077.09        13258.59
1950-1959       13              6334.52         7103.04        13437.56
1950-1959       14              7078.63         7786.16        14864.79
1950-1959       15              7810.66         9104.34        16915.00
1950-1959       16              9580.86        11323.72        20904.58
1950-1959       17             11150.02        14036.22        25186.24
1950-1959       18             13320.17        16852.64        30172.81
1950-1959       19             15430.31        19867.07        35297.38
1950-1959       20             16709.41        21907.39        38616.80
1950-1959       21             18381.59        23458.68        41840.27
1950-1959       22             19262.68        24667.81        43930.49
1950-1959       23             20443.76        25301.93        45745.69
1950-1959       24             20887.79        25834.05        46721.84
1950-1959       25             20411.74        24688.84        45100.58
1950-1959       26             20479.74        24043.66        44523.40
1950-1959       27             20259.69        22496.30        42755.99
1950-1959       28             20049.70        21255.13        41304.83
1950-1959       29             19925.65        21202.10        41127.75
1950-1959       30             19860.62        19617.88        39478.50
1950-1959       31             19013.48        18441.62        37455.10
1950-1959       32             18821.48        18135.65        36957.13
1950-1959       33             18661.48        17692.64        36354.12
1950-1959       34             18732.46        17761.72        36494.18
1950-1959       35             18627.44        17497.72        36125.16
1950-1959       36             18864.48        18030.80        36895.28
1950-1959       37             19041.50        18336.86        37378.36
1950-1959       38             19351.56        18674.91        38026.47
1950-1959       39             19802.57        20303.14        40105.71
1950-1959       40             20074.56        20661.14        40735.70
1950-1959       41             20606.61        22179.35        42785.96
1950-1959       42             21170.65        23462.49        44633.14
1950-1959       43             21618.61        24826.65        46445.26
1950-1959       44             22012.62        26489.76        48502.38
1950-1959       45             22796.71        28186.01        50982.72
1950-1959       46             23631.72        29381.12        53012.84
1950-1959       47             24448.78        31970.50        56419.28
1950-1959       48             26098.87        34121.80        60220.67
1950-1959       49             27288.98        36522.14        63811.12
1950-1959       50             28383.09        38772.39        67155.48
1950-1959       51             29465.16        40395.53        69860.69
1950-1959       52             30579.24        43259.99        73839.23
1950-1959       53             31798.27        45972.14        77770.41
1950-1959       54             33113.37        49043.58        82156.95
1950-1959       55             34362.41        51993.93        86356.34
1950-1959       56             35911.51        54218.18        90129.69
1950-1959       57             37605.65        56940.51        94546.16
1950-1959       58             40740.84        62019.18       102760.02
1950-1959       59             40126.81        62809.22       102936.03
1950-1959       60             42628.05        64611.62       107239.67
1950-1959       61             44798.21        67606.97       112405.18
1950-1959       62             47064.30        70308.22       117372.52
1950-1959       63             50383.63        73065.65       123449.28
1950-1959       64             53151.82        75236.84       128388.66
1950-1959       65             55623.00        77299.27       132922.27
1950-1959       66             59222.29        79854.54       139076.83
1950-1959       67             63087.49        81950.73       145038.22
1950-1959       68             67015.76        84093.12       151108.88
1950-1959       69             71866.12        86554.48       158420.60
1950-1959       70             74769.27        86917.35       161686.62
1950-1959       71             78467.59        87215.60       165683.19
1950-1959       72             81194.70        86795.45       167990.15
1950-1959       73             83772.89        85597.29       169370.18
1950-1959       74             86486.01        84764.05       171250.06
1950-1959       75             87866.98        82005.47       169872.45
1950-1959       76             87535.91        78491.98       166027.89
1950-1959       77             85153.64        73692.29       158845.93
1950-1959       78             83566.41        69147.46       152713.87
1950-1959       79             78868.96        61925.44       140794.40
1950-1959       80             73815.64        55452.60       129268.24
1950-1959       81             68386.31        48774.92       117161.23
1950-1959       82             62026.89        42667.23       104694.12
1950-1959       83             55639.43        36200.36        91839.79
1950-1959       84             49182.17        29668.65        78850.82
1950-1959       85             42406.78        24857.11        67263.89
1950-1959       86             36257.33        20094.52        56351.85
1950-1959       87             29612.87        15415.82        45028.69
1950-1959       88             24131.53        11917.41        36048.94
1950-1959       89             19070.17         9026.09        28096.26
1950-1959       90             14675.87         6643.78        21319.65
1950-1959       91             11343.67         4682.56        16026.23
1950-1959       92              8218.51         3349.42        11567.93
1950-1959       93              5824.34         2220.28         8044.62
1950-1959       94              3979.23         1456.17         5435.40
1950-1959       95              2595.14          832.07         3427.21
1950-1959       96              1689.08          544.06         2233.14
1950-1959       97              1107.05          336.02         1443.07
1950-1959       98               694.02          224.02          918.04
1950-1959       99               414.00          124.00          538.00
1950-1959      100               245.00           74.00          319.00
1950-1959      101               121.00           42.00          163.00
1950-1959      102                71.00           22.00           93.00
1950-1959      103                38.00           10.00           48.00
1950-1959      104                25.00           11.00           36.00
1950-1959      105                 4.00            8.00           12.00
1950-1959      106                 5.00            3.00            8.00
1950-1959      107                 7.00            2.00            9.00
1950-1959      108                 6.00            2.00            8.00
1950-1959      109                 3.00            1.00            4.00
1950-1959      110+                8.00            1.00            9.00
1960-1969        0            152691.35       202683.35       355374.70
1960-1969        1             17361.32        21274.07        38635.39
1960-1969        2             10848.75        13932.40        24781.15
1960-1969        3              8068.57        11250.09        19318.66
1960-1969        4              6869.49         9581.73        16451.22
1960-1969        5              5634.41         8141.55        13775.96
1960-1969        6              4509.32         6952.36        11461.68
1960-1969        7              3803.26         6265.15        10068.41
1960-1969        8              3269.19         5612.02         8881.21
1960-1969        9              3029.16         4943.88         7973.04
1960-1969       10              2891.14         4669.81         7560.95
1960-1969       11              2980.14         4512.71         7492.85
1960-1969       12              3192.16         4678.78         7870.94
1960-1969       13              3350.19         5178.90         8529.09
1960-1969       14              3334.20         5580.98         8915.18
1960-1969       15              3646.24         6640.22        10286.46
1960-1969       16              4470.36         9217.88        13688.24
1960-1969       17              5095.40        11241.47        16336.87
1960-1969       18              6005.47        12278.72        18284.19
1960-1969       19              6943.60        13532.09        20475.69
1960-1969       20              7499.68        14061.21        21560.89
1960-1969       21              7712.64        13987.22        21699.86
1960-1969       22              8165.60        14367.76        22533.36
1960-1969       23              8534.60        14364.67        22899.27
1960-1969       24              8972.71        15153.00        24125.71
1960-1969       25              9287.77        15340.11        24627.88
1960-1969       26              9389.81        14822.13        24211.94
1960-1969       27              9475.77        14896.06        24371.83
1960-1969       28              9711.76        14765.99        24477.75
1960-1969       29              9996.75        15339.91        25336.66
1960-1969       30             10158.81        14961.95        25120.76
1960-1969       31             10482.85        15643.18        26126.03
1960-1969       32             10990.88        16299.42        27290.30
1960-1969       33             11212.93        16938.61        28151.54
1960-1969       34             11711.97        17780.71        29492.68
1960-1969       35             12019.00        18293.97        30312.97
1960-1969       36             12389.04        18549.31        30938.35
1960-1969       37             12875.11        18948.49        31823.60
1960-1969       38             13383.12        19027.54        32410.66
1960-1969       39             13950.17        19866.91        33817.08
1960-1969       40             14374.25        19620.89        33995.14
1960-1969       41             14768.26        19913.11        34681.37
1960-1969       42             15179.39        19924.14        35103.53
1960-1969       43             15921.46        20348.15        36269.61
1960-1969       44             16935.55        21573.27        38508.82
1960-1969       45             17801.60        22211.11        40012.71
1960-1969       46             18868.71        23535.21        42403.92
1960-1969       47             20155.83        25227.37        45383.20
1960-1969       48             21493.88        27148.82        48642.70
1960-1969       49             22791.87        29937.13        52729.00
1960-1969       50             24112.02        32052.44        56164.46
1960-1969       51             25981.21        34935.11        60916.32
1960-1969       52             27594.41        38210.95        65805.36
1960-1969       53             28928.50        41458.67        70387.17
1960-1969       54             30417.71        44557.31        74975.02
1960-1969       55             31305.79        48090.15        79395.94
1960-1969       56             32954.02        51636.31        84590.33
1960-1969       57             34735.27        56206.17        90941.44
1960-1969       58             38610.58        62277.89       100888.47
1960-1969       59             39324.62        65266.22       104590.84
1960-1969       60             41200.79        68706.13       109906.92
1960-1969       61             43634.99        72909.17       116544.16
1960-1969       62             45987.01        77000.61       122987.62
1960-1969       63             49060.39        81017.53       130077.92
1960-1969       64             52864.76        85752.79       138617.55
1960-1969       65             55520.13        89868.24       145388.37
1960-1969       66             59162.59        92278.80       151441.39
1960-1969       67             62608.93        95568.54       158177.47
1960-1969       68             66127.21        96870.63       162997.84
1960-1969       69             68707.43        98513.05       167220.48
1960-1969       70             72483.86       100592.71       173076.57
1960-1969       71             77022.11       102955.03       179977.14
1960-1969       72             80863.56       102887.14       183750.70
1960-1969       73             85011.88       102720.24       187732.12
1960-1969       74             86878.99       101043.88       187922.87
1960-1969       75             90307.38        99158.49       189465.87
1960-1969       76             93270.47        95641.22       188911.69
1960-1969       77             94767.44        93012.43       187779.87
1960-1969       78             96195.00        88165.66       184360.66
1960-1969       79             96536.21        83299.47       179835.68
1960-1969       80             94910.93        77282.84       172193.77
1960-1969       81             91828.58        70070.74       161899.32
1960-1969       82             86996.94        62621.65       149618.59
1960-1969       83             82667.51        55128.63       137796.14
1960-1969       84             75970.28        48057.29       124027.57
1960-1969       85             68347.62        41064.70       109412.32
1960-1969       86             60659.93        34068.23        94728.16
1960-1969       87             52164.29        27336.75        79501.04
1960-1969       88             43680.47        21557.27        65237.74
1960-1969       89             35293.65        16323.15        51616.80
1960-1969       90             27501.99        12282.17        39784.16
1960-1969       91             21110.32         8880.36        29990.68
1960-1969       92             16043.78         6224.69        22268.47
1960-1969       93             11223.28         4170.14        15393.42
1960-1969       94              7923.86         2762.76        10686.62
1960-1969       95              5206.56         1780.49         6987.05
1960-1969       96              3590.38         1119.29         4709.67
1960-1969       97              2133.18          619.15         2752.33
1960-1969       98              1332.12          347.07         1679.19
1960-1969       99               819.07          197.04         1016.11
1960-1969      100               417.05          113.04          530.09
1960-1969      101               225.02           48.00          273.02
1960-1969      102               122.00           37.00          159.00
1960-1969      103                62.00           16.00           78.00
1960-1969      104                36.00           13.00           49.00
1960-1969      105                13.00            4.00           17.00
1960-1969      106                 8.00            0.00            8.00
1960-1969      107                 3.00            1.00            4.00
1960-1969      108                 1.00            0.00            1.00
1960-1969      109                 3.00            0.00            3.00
1960-1969      110+                2.00            0.00            2.00
1970-1979        0             84061.77       114731.11       198792.88
1970-1979        1             11954.35        14610.63        26564.98
1970-1979        2              6810.33         9382.48        16192.81
1970-1979        3              5019.01         7561.00        12580.01
1970-1979        4              4026.80         6361.05        10387.85
1970-1979        5              3368.66         5508.38         8877.04
1970-1979        6              2903.58         5044.00         7947.58
1970-1979        7              2427.48         3996.16         6423.64
1970-1979        8              1943.37         3342.64         5286.01
1970-1979        9              1707.31         2790.22         4497.53
1970-1979       10              1608.32         2397.91         4006.23
1970-1979       11              1459.28         2373.88         3833.16
1970-1979       12              1521.28         2489.98         4011.26
1970-1979       13              1607.30         2709.12         4316.42
1970-1979       14              1650.34         2941.34         4591.68
1970-1979       15              1957.38         3870.08         5827.46
1970-1979       16              2388.48         7474.94         9863.42
1970-1979       17              2811.57         8768.93        11580.50
1970-1979       18              3129.63         8834.97        11964.60
1970-1979       19              3755.75         9375.44        13131.19
1970-1979       20              4489.89         9815.78        14305.67
1970-1979       21              4804.99        10251.14        15056.13
1970-1979       22              5281.05        10817.61        16098.66
1970-1979       23              5877.19        10897.61        16774.80
1970-1979       24              5811.18        10751.49        16562.67
1970-1979       25              6102.24        10770.62        16872.86
1970-1979       26              6168.19        10845.69        17013.88
1970-1979       27              6372.22        10955.75        17327.97
1970-1979       28              6578.30        11242.94        17821.24
1970-1979       29              6852.34        11388.93        18241.27
1970-1979       30              7065.38        11514.07        18579.45
1970-1979       31              6977.38        11492.14        18469.52
1970-1979       32              7166.41        11749.34        18915.75
1970-1979       33              7589.48        12601.03        20190.51
1970-1979       34              8071.58        13699.90        21771.48
1970-1979       35              8563.68        15026.91        23590.59
1970-1979       36              9071.79        15642.34        24714.13
1970-1979       37              9716.94        17202.67        26919.61
1970-1979       38             10100.98        18311.57        28412.55
1970-1979       39             10948.18        19996.90        30945.08
1970-1979       40             11567.27        21857.38        33424.65
1970-1979       41             12562.47        23419.58        35982.05
1970-1979       42             13308.59        25274.12        38582.71
1970-1979       43             14317.79        27313.70        41631.49
1970-1979       44             15438.99        28512.65        43951.64
1970-1979       45             16251.18        30156.94        46408.12
1970-1979       46             17339.38        30995.59        48334.97
1970-1979       47             18479.61        32331.64        50811.25
1970-1979       48             19779.85        32580.90        52360.75
1970-1979       49             20776.05        33126.36        53902.41
1970-1979       50             22169.30        34103.07        56272.37
1970-1979       51             23075.47        34668.47        57743.94
1970-1979       52             24234.71        35512.12        59746.83
1970-1979       53             25438.96        36207.64        61646.60
1970-1979       54             26361.09        37202.46        63563.55
1970-1979       55             27491.33        39254.13        66745.46
1970-1979       56             29413.74        42045.34        71459.08
1970-1979       57             31242.12        45150.81        76392.93
1970-1979       58             33409.56        48989.90        82399.46
1970-1979       59             35237.92        53137.22        88375.14
1970-1979       60             37524.35        56694.05        94218.40
1970-1979       61             41370.08        62095.32       103465.40
1970-1979       62             43983.62        67679.75       111663.37
1970-1979       63             47000.19        72579.64       119579.83
1970-1979       64             50320.77        77219.31       127540.08
1970-1979       65             53858.45        82338.45       136196.90
1970-1979       66             56734.97        87394.58       144129.55
1970-1979       67             61601.94        92580.67       154182.61
1970-1979       68             65558.78        99220.85       164779.63
1970-1979       69             69643.59       103158.75       172802.34
1970-1979       70             75130.65       107855.49       182986.14
1970-1979       71             79095.43       110790.95       189886.38
1970-1979       72             84426.44       113844.61       198271.05
1970-1979       73             88787.19       115297.78       204084.97
1970-1979       74             94558.31       117854.77       212413.08
1970-1979       75             98584.01       118218.92       216802.93
1970-1979       76            103266.91       117199.91       220466.82
1970-1979       77            105762.38       114030.55       219792.93
1970-1979       78            107159.60       109493.87       216653.47
1970-1979       79            106827.53       104342.87       211170.40
1970-1979       80            107327.56        97490.53       204818.09
1970-1979       81            106270.41        90717.08       196987.49
1970-1979       82            101693.53        83114.96       184808.49
1970-1979       83             97917.83        74279.88       172197.71
1970-1979       84             91041.48        64942.41       155983.89
1970-1979       85             83817.09        55671.23       139488.32
1970-1979       86             76116.57        47411.82       123528.39
1970-1979       87             67602.92        39053.05       106655.97
1970-1979       88             58727.22        31631.07        90358.29
1970-1979       89             50662.68        25143.90        75806.58
1970-1979       90             41743.00        19318.31        61061.31
1970-1979       91             33663.42        14304.35        47967.77
1970-1979       92             26354.06        10428.29        36782.35
1970-1979       93             19681.78         7455.92        27137.70
1970-1979       94             14741.79         5042.00        19783.79
1970-1979       95             10372.96         3478.75        13851.71
1970-1979       96              7221.39         2340.88         9562.27
1970-1979       97              4656.89         1439.16         6096.05
1970-1979       98              3018.58          866.69         3885.27
1970-1979       99              1856.35          503.39         2359.74
1970-1979      100              1094.22          313.24         1407.46
1970-1979      101               597.14          140.13          737.27
1970-1979      102               353.03           84.01          437.04
1970-1979      103               171.00           54.02          225.02
1970-1979      104                99.00           29.00          128.00
1970-1979      105                51.00           18.00           69.00
1970-1979      106                23.00            6.00           29.00
1970-1979      107                 9.00            4.00           13.00
1970-1979      108                 5.00            3.00            8.00
1970-1979      109                 2.00            0.00            2.00
1970-1979      110+                4.00            1.00            5.00
1980-1989        0             37329.06        47596.07        84925.13
1980-1989        1              5831.09         7304.39        13135.48
1980-1989        2              3300.62         4433.84         7734.46
1980-1989        3              2491.46         3664.16         6155.62
1980-1989        4              1909.37         3064.66         4974.03
1980-1989        5              1722.34         2934.53         4656.87
1980-1989        6              1634.32         2727.32         4361.64
1980-1989        7              1433.27         2578.21         4011.48
1980-1989        8              1277.22         2128.85         3406.07
1980-1989        9              1205.24         1929.68         3134.92
1980-1989       10              1101.19         1755.51         2856.70
1980-1989       11              1125.20         1773.57         2898.77
1980-1989       12              1111.21         1912.69         3023.90
1980-1989       13              1237.22         2102.85         3340.07
1980-1989       14              1340.24         2360.10         3700.34
1980-1989       15              1609.29         3155.82         4765.11
1980-1989       16              1995.37         6143.43         8138.80
1980-1989       17              2168.42         7050.31         9218.73
1980-1989       18              2438.47         7369.63         9808.10
1980-1989       19              2546.48         7671.90        10218.38
1980-1989       20              2649.49         7481.68        10131.17
1980-1989       21              2650.48         6952.18         9602.66
1980-1989       22              2577.50         6618.90         9196.40
1980-1989       23              2698.50         6499.80         9198.30
1980-1989       24              2827.54         6174.46         9002.00
1980-1989       25              2953.57         6368.65         9322.22
1980-1989       26              3132.58         6493.73         9626.31
1980-1989       27              3306.62         6588.81         9895.43
1980-1989       28              3555.67         6723.88        10279.55
1980-1989       29              3879.71         7196.27        11075.98
1980-1989       30              4238.81         7678.68        11917.49
1980-1989       31              4664.88         8198.07        12862.95
1980-1989       32              5145.96         9138.89        14284.85
1980-1989       33              5701.07        10065.75        15766.82
1980-1989       34              6254.19        10470.21        16724.40
1980-1989       35              6593.28        11406.09        17999.37
1980-1989       36              7241.39        12444.08        19685.47
1980-1989       37              7893.51        13510.09        21403.60
1980-1989       38              8364.58        15068.49        23433.07
1980-1989       39              9177.75        16232.55        25410.30
1980-1989       40              9700.84        17747.68        27448.52
1980-1989       41             10125.91        18144.97        28270.88
1980-1989       42             10454.99        19581.30        30036.29
1980-1989       43             11415.19        20875.54        32290.73
1980-1989       44             12630.41        23416.81        36047.22
1980-1989       45             13358.56        26266.38        39624.94
1980-1989       46             14404.74        28305.02        42709.76
1980-1989       47             15731.98        31218.39        46950.37
1980-1989       48             17024.25        33398.25        50422.50
1980-1989       49             18237.49        36301.98        54539.47
1980-1989       50             19676.74        39707.11        59383.85
1980-1989       51             21476.11        43593.73        65069.84
1980-1989       52             22573.29        46926.81        69500.10
1980-1989       53             23734.55        50010.66        73745.21
1980-1989       54             25251.80        52744.35        77996.15
1980-1989       55             26596.07        55720.11        82316.18
1980-1989       56             28056.30        57603.90        85660.20
1980-1989       57             29470.60        58895.34        88365.94
1980-1989       58             31182.93        59449.95        90632.88
1980-1989       59             32710.24        60570.10        93280.34
1980-1989       60             34984.66        61889.27        96873.93
1980-1989       61             37052.03        62507.85        99559.88
1980-1989       62             38892.40        63526.58       102418.98
1980-1989       63             41562.92        65387.82       106950.74
1980-1989       64             43826.35        67360.11       111186.46
1980-1989       65             46736.85        69926.16       116663.01
1980-1989       66             50415.55        73765.47       124181.02
1980-1989       67             53769.19        78562.46       132331.65
1980-1989       68             58310.04        84348.42       142658.46
1980-1989       69             63442.04        90268.65       153710.69
1980-1989       70             68255.99        96404.23       164660.22
1980-1989       71             74674.20       103421.59       178095.79
1980-1989       72             80698.37       110194.73       190893.10
1980-1989       73             87022.60       116250.28       203272.88
1980-1989       74             92971.75       121309.06       214280.81
1980-1989       75             99429.98       124935.59       224365.57
1980-1989       76            104903.03       127557.04       232460.07
1980-1989       77            111421.18       130729.92       242151.10
1980-1989       78            117465.30       131730.98       249196.28
1980-1989       79            122699.29       130449.79       253149.08
1980-1989       80            125703.82       127974.48       253678.30
1980-1989       81            127452.19       123185.18       250637.37
1980-1989       82            128694.52       116698.61       245393.13
1980-1989       83            126272.13       107973.27       234245.40
1980-1989       84            124720.84        99735.18       224456.02
1980-1989       85            119601.84        90423.00       210024.84
1980-1989       86            112528.46        79416.09       191944.55
1980-1989       87            102704.54        67849.72       170554.26
1980-1989       88             91684.49        56767.70       148452.19
1980-1989       89             79497.19        46585.54       126082.73
1980-1989       90             67772.89        37415.17       105188.06
1980-1989       91             56964.86        29004.51        85969.37
1980-1989       92             45350.62        22025.17        67375.79
1980-1989       93             35703.80        15906.57        51610.37
1980-1989       94             27116.17        11313.34        38429.51
1980-1989       95             19738.76         7921.25        27660.01
1980-1989       96             13930.65         5230.82        19161.47
1980-1989       97              9681.85         3480.22        13162.07
1980-1989       98              6593.25         2160.00         8753.25
1980-1989       99              4220.80         1383.28         5604.08
1980-1989      100              2578.50          783.73         3362.23
1980-1989      101              1564.28          458.41         2022.69
1980-1989      102               911.18          230.23         1141.41
1980-1989      103               548.10          137.14          685.24
1980-1989      104               277.00           61.03          338.03
1980-1989      105               142.00           36.01          178.01
1980-1989      106                79.00           14.00           93.00
1980-1989      107                40.00            3.00           43.00
1980-1989      108                 7.00            5.00           12.00
1980-1989      109                12.00            1.00           13.00
1980-1989      110+                6.00            2.00            8.00
1990-1999        0             22014.80        27353.04        49367.84
1990-1999        1              3634.77         4510.78         8145.55
1990-1999        2              2036.45         2624.78         4661.23
1990-1999        3              1469.32         2138.24         3607.56
1990-1999        4              1228.24         1717.80         2946.04
1990-1999        5              1085.24         1570.67         2655.91
1990-1999        6               945.22         1513.57         2458.79
1990-1999        7               951.23         1393.47         2344.70
1990-1999        8               771.20         1137.21         1908.41
1990-1999        9               713.17         1090.16         1803.33
1990-1999       10               690.17         1028.10         1718.27
1990-1999       11               718.20         1043.14         1761.34
1990-1999       12               792.20         1191.27         1983.47
1990-1999       13               878.19         1435.52         2313.71
1990-1999       14               973.22         1727.86         2701.08
1990-1999       15              1191.24         2271.40         3462.64
1990-1999       16              1604.37         4067.29         5671.66
1990-1999       17              1780.36         5195.44         6975.80
1990-1999       18              2185.47         6338.64         8524.11
1990-1999       19              2441.57         7124.53         9566.10
1990-1999       20              2569.56         7017.42         9586.98
1990-1999       21              2658.58         6887.32         9545.90
1990-1999       22              2656.57         6821.29         9477.86
1990-1999       23              2620.57         6774.30         9394.87
1990-1999       24              2595.58         6512.04         9107.62
1990-1999       25              2614.55         6537.09         9151.64
1990-1999       26              2720.59         6246.74         8967.33
1990-1999       27              2767.60         5978.50         8746.10
1990-1999       28              2878.66         6176.68         9055.34
1990-1999       29              2998.65         6284.82         9283.47
1990-1999       30              3146.70         6203.72         9350.42
1990-1999       31              3352.72         6281.81         9634.53
1990-1999       32              3472.78         6552.10        10024.88
1990-1999       33              3670.79         6713.24        10384.03
1990-1999       34              3878.84         7184.78        11063.62
1990-1999       35              4304.95         7697.27        12002.22
1990-1999       36              4460.00         8387.96        12847.96
1990-1999       37              4856.05         9220.83        14076.88
1990-1999       38              5559.20        10149.85        15709.05
1990-1999       39              6205.35        11277.94        17483.29
1990-1999       40              7175.57        13090.80        20266.37
1990-1999       41              8200.78        14873.65        23074.43
1990-1999       42              9614.09        17285.16        26899.25
1990-1999       43             10930.40        19647.71        30578.11
1990-1999       44             11718.61        21732.29        33450.90
1990-1999       45             12909.87        24070.03        36979.90
1990-1999       46             14186.07        26947.04        41133.11
1990-1999       47             15578.37        29769.04        45347.41
1990-1999       48             17001.71        32751.27        49752.98
1990-1999       49             18547.03        35584.60        54131.63
1990-1999       50             19383.26        38206.81        57590.07
1990-1999       51             20003.42        39544.15        59547.57
1990-1999       52             20760.53        41678.04        62438.57
1990-1999       53             21717.71        44099.29        65817.00
1990-1999       54             23529.12        48977.63        72506.75
1990-1999       55             25210.48        53932.99        79143.47
1990-1999       56             26943.90        57821.19        84765.09
1990-1999       57             28364.23        62103.82        90468.05
1990-1999       58             29858.56        66983.61        96842.17
1990-1999       59             32652.13        72203.12       104855.25
1990-1999       60             34972.65        78066.41       113039.06
1990-1999       61             37946.30        84989.30       122935.60
1990-1999       62             40501.87        91262.25       131764.12
1990-1999       63             43098.43        96418.98       139517.41
1990-1999       64             46318.12       101410.52       147728.64
1990-1999       65             49249.79       105823.73       155073.52
1990-1999       66             52974.57       110019.78       162994.35
1990-1999       67             55990.25       111678.04       167668.29
1990-1999       68             60372.20       113625.44       173997.64
1990-1999       69             64379.07       115990.22       180369.29
1990-1999       70             68893.05       118131.47       187024.52
1990-1999       71             73776.18       118176.48       191952.66
1990-1999       72             78347.17       120641.36       198988.53
1990-1999       73             84224.43       122603.02       206827.45
1990-1999       74             90630.79       124477.27       215108.06
1990-1999       75             97538.28       127167.30       224705.58
1990-1999       76            104971.94       131271.10       236243.04
1990-1999       77            113730.89       136946.32       250677.21
1990-1999       78            120933.51       142079.79       263013.30
1990-1999       79            130600.58       146434.16       277034.74
1990-1999       80            138127.26       148635.49       286762.75
1990-1999       81            147278.26       150880.36       298158.62
1990-1999       82            154443.82       150192.00       304635.82
1990-1999       83            160269.13       147142.20       307411.33
1990-1999       84            161274.38       139554.66       300829.04
1990-1999       85            161311.32       130577.34       291888.66
1990-1999       86            157678.44       119918.72       277597.16
1990-1999       87            153117.37       108295.09       261412.46
1990-1999       88            144173.39        95898.57       240071.96
1990-1999       89            133409.12        82257.83       215666.95
1990-1999       90            120230.36        69576.36       189806.72
1990-1999       91            105827.19        57088.68       162915.87
1990-1999       92             89716.61        45420.81       135137.42
1990-1999       93             74769.30        35128.55       109897.85
1990-1999       94             60930.34        26865.61        87795.95
1990-1999       95             47687.41        19765.86        67453.27
1990-1999       96             35913.85        13928.48        49842.33
1990-1999       97             26034.66         9607.64        35642.30
1990-1999       98             18231.96         6326.01        24557.97
1990-1999       99             12083.64         3987.48        16071.12
1990-1999      100              8120.78         2465.75        10586.53
1990-1999      101              5167.13         1504.69         6671.82
1990-1999      102              3079.68          876.98         3956.66
1990-1999      103              1820.41          468.53         2288.94
1990-1999      104              1074.22          239.29         1313.51
1990-1999      105               583.13          114.11          697.24
1990-1999      106               280.04           65.05          345.09
1990-1999      107               146.00           31.01          177.01
1990-1999      108                68.00           15.00           83.00
1990-1999      109                31.00            5.00           36.00
1990-1999      110+               39.00            4.00           43.00
2000-2009        0             14257.00        17178.44        31435.44
2000-2009        1              2118.45         2642.51         4760.96
2000-2009        2              1240.26         1529.48         2769.74
2000-2009        3               938.20         1157.11         2095.31
2000-2009        4               749.18         1023.99         1773.17
2000-2009        5               638.16          844.79         1482.95
2000-2009        6               561.14          857.83         1418.97
2000-2009        7               549.14          762.71         1311.85
2000-2009        8               482.08          654.61         1136.69
2000-2009        9               429.07          581.56         1010.63
2000-2009       10               441.05          541.52          982.57
2000-2009       11               381.05          588.54          969.59
2000-2009       12               413.07          649.64         1062.71
2000-2009       13               511.11          828.80         1339.91
2000-2009       14               577.13         1062.03         1639.16
2000-2009       15               757.19         1417.37         2174.56
2000-2009       16               999.21         2127.06         3126.27
2000-2009       17              1178.24         2605.52         3783.76
2000-2009       18              1374.31         3277.14         4651.45
2000-2009       19              1673.35         3832.68         5506.03
2000-2009       20              1749.36         4123.95         5873.31
2000-2009       21              1860.39         4398.21         6258.60
2000-2009       22              2043.41         4753.52         6796.93
2000-2009       23              2160.46         4848.60         7009.06
2000-2009       24              2205.46         5098.88         7304.34
2000-2009       25              2326.48         5047.86         7374.34
2000-2009       26              2449.52         5304.10         7753.62
2000-2009       27              2592.54         5633.37         8225.91
2000-2009       28              2802.58         6050.76         8853.34
2000-2009       29              3065.64         6385.09         9450.73
2000-2009       30              3262.69         6773.45        10036.14
2000-2009       31              3544.73         7065.72        10610.45
2000-2009       32              3738.79         7563.13        11301.92
2000-2009       33              3884.81         7836.41        11721.22
2000-2009       34              4290.89         8272.72        12563.61
2000-2009       35              4513.94         8721.12        13235.06
2000-2009       36              4742.97         9044.45        13787.42
2000-2009       37              5082.06         9578.93        14660.99
2000-2009       38              5313.11        10259.60        15572.71
2000-2009       39              5681.19        10792.09        16473.28
2000-2009       40              5878.21        11698.99        17577.20
2000-2009       41              6372.31        12457.70        18830.01
2000-2009       42              6736.42        13435.66        20172.08
2000-2009       43              7335.52        14128.23        21463.75
2000-2009       44              8078.69        15949.05        24027.74
2000-2009       45              8692.80        17468.57        26161.37
2000-2009       46              9745.01        19346.34        29091.35
2000-2009       47             10498.18        21341.28        31839.46
2000-2009       48             12000.49        23714.60        35715.09
2000-2009       49             13411.83        26928.83        40340.66
2000-2009       50             15505.26        31282.29        46787.55
2000-2009       51             17606.73        35557.49        53164.22
2000-2009       52             19724.17        41089.94        60814.11
2000-2009       53             22015.65        46348.85        68364.50
2000-2009       54             23522.96        49542.27        73065.23
2000-2009       55             24960.27        54163.20        79123.47
2000-2009       56             26786.61        59069.49        85856.10
2000-2009       57             28589.96        63838.30        92428.26
2000-2009       58             30651.32        69628.59       100279.91
2000-2009       59             32164.61        73664.50       105829.11
2000-2009       60             33294.88        77274.31       110569.19
2000-2009       61             34357.15        78881.18       113238.33
2000-2009       62             35344.41        81898.17       117242.58
2000-2009       63             37699.89        86726.42       124426.31
2000-2009       64             41341.62        94191.11       135532.73
2000-2009       65             44903.34       100647.30       145550.64
2000-2009       66             47904.96       106629.24       154534.20
2000-2009       67             51967.86       113728.52       165696.38
2000-2009       68             55747.67       120081.86       175829.53
2000-2009       69             60440.67       128651.81       189092.48
2000-2009       70             66041.82       137098.27       203140.09
2000-2009       71             72047.03       146402.71       218449.74
2000-2009       72             78543.36       155706.24       234249.60
2000-2009       73             85353.79       162924.69       248278.48
2000-2009       74             91614.06       171608.64       263222.70
2000-2009       75             99916.79       177790.67       277707.46
2000-2009       76            108057.45       183521.28       291578.73
2000-2009       77            116857.31       186271.99       303129.30
2000-2009       78            125906.15       187532.39       313438.54
2000-2009       79            135249.08       188358.42       323607.50
2000-2009       80            146004.29       187698.39       333702.68
2000-2009       81            154487.99       183501.16       337989.15
2000-2009       82            162943.69       178306.94       341250.63
2000-2009       83            170648.25       171440.53       342088.78
2000-2009       84            178400.82       164158.72       342559.54
2000-2009       85            185228.21       156385.03       341613.24
2000-2009       86            189538.06       148120.64       337658.70
2000-2009       87            193384.87       139493.88       332878.75
2000-2009       88            193028.85       129659.70       322688.55
2000-2009       89            189859.23       118176.78       308036.01
2000-2009       90            183198.86       105905.02       289103.88
2000-2009       91            176025.26        93013.85       269039.11
2000-2009       92            162775.45        79093.57       241869.02
2000-2009       93            147631.20        65456.88       213088.08
2000-2009       94            127577.01        52528.74       180105.75
2000-2009       95            107348.85        40381.55       147730.40
2000-2009       96             87530.73        30301.42       117832.15
2000-2009       97             69297.02        21813.65        91110.67
2000-2009       98             52436.56        15302.80        67739.36
2000-2009       99             38713.80        10181.14        48894.94
2000-2009      100             27809.60         6621.98        34431.58
2000-2009      101             18587.75         4224.82        22812.57
2000-2009      102             12025.41         2507.24        14532.65
2000-2009      103              7676.53         1446.30         9122.83
2000-2009      104              4644.93          803.72         5448.65
2000-2009      105              2665.53          444.40         3109.93
2000-2009      106              1538.30          226.19         1764.49
2000-2009      107               843.17          109.09          952.26
2000-2009      108               390.07           47.00          437.07
2000-2009      109               210.00           29.00          239.00
2000-2009      110+              176.00           21.00          197.00
2010-2016        0              7152.23         8176.85        15329.08
2010-2016        1              1197.37         1339.99         2537.36
2010-2016        2               703.27          773.57         1476.84
2010-2016        3               484.17          597.47         1081.64
2010-2016        4               386.13          531.38          917.51
2010-2016        5               376.11          456.34          832.45
2010-2016        6               340.11          417.30          757.41
2010-2016        7               265.06          413.31          678.37
2010-2016        8               254.05          365.28          619.33
2010-2016        9               263.07          333.23          596.30
2010-2016       10               270.07          307.23          577.30
2010-2016       11               270.05          350.23          620.28
2010-2016       12               279.06          393.28          672.34
2010-2016       13               285.07          511.36          796.43
2010-2016       14               346.09          657.48         1003.57
2010-2016       15               437.13          706.52         1143.65
2010-2016       16               525.19         1058.76         1583.95
2010-2016       17               591.24         1212.88         1804.12
2010-2016       18               701.25         1572.14         2273.39
2010-2016       19               776.25         1814.30         2590.55
2010-2016       20               849.31         2024.45         2873.76
2010-2016       21               937.33         2366.65         3303.98
2010-2016       22              1027.34         2471.78         3499.12
2010-2016       23              1085.36         2549.87         3635.23
2010-2016       24              1116.36         2701.99         3818.35
2010-2016       25              1152.39         2767.98         3920.37
2010-2016       26              1276.42         2761.00         4037.42
2010-2016       27              1361.45         2834.03         4195.48
2010-2016       28              1411.48         2963.15         4374.63
2010-2016       29              1532.51         3137.27         4669.78
2010-2016       30              1661.54         3377.41         5038.95
2010-2016       31              1834.58         3395.46         5230.04
2010-2016       32              1966.66         3685.69         5652.35
2010-2016       33              2078.66         3895.81         5974.47
2010-2016       34              2364.79         4282.13         6646.92
2010-2016       35              2611.86         4689.42         7301.28
2010-2016       36              2891.94         5185.77         8077.71
2010-2016       37              3224.09         5763.23         8987.32
2010-2016       38              3649.19         6215.50         9864.69
2010-2016       39              3995.26         7034.10        11029.36
2010-2016       40              4387.39         7835.62        12223.01
2010-2016       41              4793.45         8373.96        13167.41
2010-2016       42              5203.57         9103.49        14307.06
2010-2016       43              5354.63         9840.98        15195.61
2010-2016       44              5774.74        10292.21        16066.95
2010-2016       45              6158.82        10803.58        16962.40
2010-2016       46              6535.02        11907.40        18442.42
2010-2016       47              7012.13        12668.96        19681.09
2010-2016       48              7475.26        13376.46        20851.72
2010-2016       49              8021.40        14689.42        22710.82
2010-2016       50              8648.57        16101.44        24750.01
2010-2016       51              9315.80        17297.28        26613.08
2010-2016       52              9864.98        18755.43        28620.41
2010-2016       53             10758.24        20453.57        31211.81
2010-2016       54             11382.40        22344.89        33727.29
2010-2016       55             12254.76        24372.40        36627.16
2010-2016       56             13268.08        26998.32        40266.40
2010-2016       57             14529.50        30540.03        45069.53
2010-2016       58             15838.97        34301.85        50140.82
2010-2016       59             17868.73        38905.37        56774.10
2010-2016       60             20588.64        45321.11        65909.75
2010-2016       61             23469.58        52589.65        76059.23
2010-2016       62             26586.60        60395.35        86981.95
2010-2016       63             29176.25        67190.71        96366.96
2010-2016       64             30569.20        70757.57       101326.77
2010-2016       65             32785.47        74570.28       107355.75
2010-2016       66             34836.59        79457.25       114293.84
2010-2016       67             36379.74        83415.89       119795.63
2010-2016       68             38486.42        86458.53       124944.95
2010-2016       69             40134.37        88604.08       128738.45
2010-2016       70             42503.03        91694.19       134197.22
2010-2016       71             47039.72        98801.84       145841.56
2010-2016       72             51652.60       105582.83       157235.43
2010-2016       73             56257.65       111201.77       167459.42
2010-2016       74             61241.16       117770.74       179011.90
2010-2016       75             66829.17       123891.71       190720.88
2010-2016       76             72664.97       130757.47       203422.44
2010-2016       77             81529.18       140918.43       222447.61
2010-2016       78             91149.19       151306.62       242455.81
2010-2016       79            101329.02       159915.33       261244.35
2010-2016       80            111716.84       167277.32       278994.16
2010-2016       81            122455.68       172892.75       295348.43
2010-2016       82            132483.92       177019.54       309503.46
2010-2016       83            144946.88       180023.18       324970.06
2010-2016       84            155780.26       180544.63       336324.89
2010-2016       85            167213.60       176265.31       343478.91
2010-2016       86            175016.27       168424.83       343441.10
2010-2016       87            183136.84       156676.45       339813.29
2010-2016       88            188856.44       142615.13       331471.57
2010-2016       89            191667.27       126483.25       318150.52
2010-2016       90            191777.37       111799.55       303576.92
2010-2016       91            183609.63        93796.94       277406.57
2010-2016       92            172748.95        78948.60       251697.55
2010-2016       93            159696.98        65164.70       224861.68
2010-2016       94            144300.13        53618.02       197918.15
2010-2016       95            128061.99        43745.26       171807.25
2010-2016       96            109418.83        33823.53       143242.36
2010-2016       97             90316.59        25512.78       115829.37
2010-2016       98             73964.64        19075.25        93039.89
2010-2016       99             57831.09        13358.18        71189.27
2010-2016      100             44091.27         9153.29        53244.56
2010-2016      101             31882.75         5984.08        37866.83
2010-2016      102             21610.89         3692.53        25303.42
2010-2016      103             13940.81         2125.46        16066.27
2010-2016      104              8643.30         1261.86         9905.16
2010-2016      105              5040.31          643.43         5683.74
2010-2016      106              2893.80          352.23         3246.03
2010-2016      107              1563.43          159.13         1722.56
2010-2016      108               819.23           69.01          888.24
2010-2016      109               400.12           33.00          433.12
2010-2016      110+              372.03           29.00          401.03
