Korea, Deaths (period 1x10), 	Last modified: 11 Jul 2018;  Methods Protocol: v6 (2017)

  Year          Age             Female            Male           Total
2003-2009        0              5837.48         7130.25        12967.73
2003-2009        1               642.06          717.02         1359.08
2003-2009        2               410.02          581.02          991.04
2003-2009        3               389.03          512.01          901.04
2003-2009        4               340.02          461.02          801.04
2003-2009        5               308.02          448.01          756.03
2003-2009        6               330.02          453.02          783.04
2003-2009        7               296.04          472.03          768.07
2003-2009        8               265.03          416.02          681.05
2003-2009        9               241.03          372.01          613.04
2003-2009       10               217.00          378.01          595.01
2003-2009       11               228.01          354.02          582.03
2003-2009       12               245.02          411.02          656.04
2003-2009       13               312.05          418.02          730.07
2003-2009       14               318.04          511.03          829.07
2003-2009       15               354.03          691.04         1045.07
2003-2009       16               451.04          846.04         1297.08
2003-2009       17               458.05         1053.06         1511.11
2003-2009       18               498.05         1171.04         1669.09
2003-2009       19               568.06         1219.05         1787.11
2003-2009       20               622.05         1275.06         1897.11
2003-2009       21               759.09         1246.06         2005.15
2003-2009       22               888.10         1523.07         2411.17
2003-2009       23              1025.09         1647.07         2672.16
2003-2009       24              1002.08         1857.09         2859.17
2003-2009       25              1194.10         1953.08         3147.18
2003-2009       26              1220.11         2007.08         3227.19
2003-2009       27              1150.11         2164.09         3314.20
2003-2009       28              1169.10         2228.10         3397.20
2003-2009       29              1260.11         2325.12         3585.23
2003-2009       30              1408.11         2399.12         3807.23
2003-2009       31              1444.11         2593.11         4037.22
2003-2009       32              1552.11         2795.13         4347.24
2003-2009       33              1737.14         3038.14         4775.28
2003-2009       34              1805.15         3532.15         5337.30
2003-2009       35              1916.17         3737.14         5653.31
2003-2009       36              2059.19         4338.20         6397.39
2003-2009       37              2176.20         4591.21         6767.41
2003-2009       38              2360.21         5208.23         7568.44
2003-2009       39              2458.21         5543.26         8001.47
2003-2009       40              2580.22         6271.29         8851.51
2003-2009       41              2658.22         6933.34         9591.56
2003-2009       42              2926.23         7841.35        10767.58
2003-2009       43              3294.28         8948.38        12242.66
2003-2009       44              3532.30         9550.40        13082.70
2003-2009       45              3766.28        10380.41        14146.69
2003-2009       46              3914.32        11488.50        15402.82
2003-2009       47              4249.35        12000.52        16249.87
2003-2009       48              4380.35        12628.60        17008.95
2003-2009       49              4279.35        12884.64        17163.99
2003-2009       50              4399.36        13012.64        17412.00
2003-2009       51              4464.37        13203.66        17668.03
2003-2009       52              4404.37        13149.67        17554.04
2003-2009       53              4561.37        13267.68        17829.05
2003-2009       54              4530.39        13654.71        18185.10
2003-2009       55              4581.39        13745.65        18327.04
2003-2009       56              4951.43        14018.63        18970.06
2003-2009       57              4923.40        14053.67        18977.07
2003-2009       58              5172.41        14204.60        19377.01
2003-2009       59              5525.46        14799.71        20325.17
2003-2009       60              6175.52        15836.76        22012.28
2003-2009       61              6708.58        17012.79        23721.37
2003-2009       62              7253.61        18348.83        25602.44
2003-2009       63              7820.65        18806.72        26627.37
2003-2009       64              8889.73        20768.84        29658.57
2003-2009       65              9873.80        21929.87        31803.67
2003-2009       66             10869.89        23817.10        34686.99
2003-2009       67             11893.99        24637.18        36531.17
2003-2009       68             12695.05        25171.16        37866.21
2003-2009       69             14038.14        25798.18        39836.32
2003-2009       70             15228.26        26121.24        41349.50
2003-2009       71             16245.32        25991.25        42236.57
2003-2009       72             17692.43        25702.29        43394.72
2003-2009       73             18672.54        25200.28        43872.82
2003-2009       74             19858.65        24835.28        44693.93
2003-2009       75             21390.79        24227.24        45618.03
2003-2009       76             22905.90        23552.17        46458.07
2003-2009       77             24107.99        22922.12        47030.11
2003-2009       78             24838.02        22303.06        47141.08
2003-2009       79             25689.12        21991.10        47680.22
2003-2009       80             27190.27        21579.08        48769.35
2003-2009       81             27505.27        20847.01        48352.28
2003-2009       82             27775.29        19504.92        47280.21
2003-2009       83             27621.27        18203.85        45825.12
2003-2009       84             27057.19        16923.83        43981.02
2003-2009       85             26301.12        15472.76        41773.88
2003-2009       86             24997.07        13793.78        38790.85
2003-2009       87             23078.93        11649.61        34728.54
2003-2009       88             20911.70         9794.50        30706.20
2003-2009       89             18895.54         8043.42        26938.96
2003-2009       90             16712.36         6536.36        23248.72
2003-2009       91             14868.20         5081.25        19949.45
2003-2009       92             12886.07         4050.20        16936.27
2003-2009       93             10261.84         3035.16        13297.00
2003-2009       94              8119.65         2346.10        10465.75
2003-2009       95              6423.53         1744.10         8167.63
2003-2009       96              4906.40         1217.07         6123.47
2003-2009       97              3632.29          900.05         4532.34
2003-2009       98              2559.21          533.02         3092.23
2003-2009       99              1750.13          378.02         2128.15
2003-2009      100              1343.31          220.71         1564.02
2003-2009      101               893.23          134.65         1027.88
2003-2009      102               575.29           81.04          656.33
2003-2009      103               361.34           47.90          409.24
2003-2009      104               221.32           27.72          249.04
2003-2009      105               132.13           15.72          147.85
2003-2009      106                76.45            8.62           85.07
2003-2009      107                42.65            3.67           46.32
2003-2009      108                23.15            0.00           23.15
2003-2009      109                12.24            0.00           12.24
2003-2009      110+                7.26            0.00            7.26
2010-2016        0              4103.80         5197.70         9301.50
2010-2016        1               424.07          496.05          920.12
2010-2016        2               227.05          361.04          588.09
2010-2016        3               207.03          257.03          464.06
2010-2016        4               168.06          208.03          376.09
2010-2016        5               150.06          220.02          370.08
2010-2016        6               136.02          195.01          331.03
2010-2016        7               142.04          210.02          352.06
2010-2016        8               118.03          177.03          295.06
2010-2016        9               123.02          182.02          305.04
2010-2016       10               128.02          181.02          309.04
2010-2016       11               144.04          195.04          339.08
2010-2016       12               144.03          219.03          363.06
2010-2016       13               166.01          313.03          479.04
2010-2016       14               206.02          372.05          578.07
2010-2016       15               291.06          470.07          761.13
2010-2016       16               393.08          717.10         1110.18
2010-2016       17               356.07          847.11         1203.18
2010-2016       18               422.08          963.14         1385.22
2010-2016       19               492.11         1076.15         1568.26
2010-2016       20               554.08         1017.14         1571.22
2010-2016       21               514.10          993.12         1507.22
2010-2016       22               560.11         1238.17         1798.28
2010-2016       23               567.11         1222.16         1789.27
2010-2016       24               648.14         1305.17         1953.31
2010-2016       25               716.12         1360.19         2076.31
2010-2016       26               720.13         1466.20         2186.33
2010-2016       27               800.16         1541.22         2341.38
2010-2016       28               925.18         1648.22         2573.40
2010-2016       29              1050.20         1881.27         2931.47
2010-2016       30              1149.20         1930.26         3079.46
2010-2016       31              1307.26         2163.30         3470.56
2010-2016       32              1294.24         2378.30         3672.54
2010-2016       33              1409.26         2359.30         3768.56
2010-2016       34              1511.30         2446.33         3957.63
2010-2016       35              1472.30         2812.39         4284.69
2010-2016       36              1659.33         2935.41         4594.74
2010-2016       37              1734.34         3206.42         4940.76
2010-2016       38              1881.37         3529.47         5410.84
2010-2016       39              2038.40         4188.58         6226.98
2010-2016       40              2291.43         4694.64         6986.07
2010-2016       41              2479.48         5253.72         7733.20
2010-2016       42              2638.51         5911.80         8550.31
2010-2016       43              2841.55         6422.87         9264.42
2010-2016       44              2994.58         7118.97        10113.55
2010-2016       45              3159.62         7718.03        10877.65
2010-2016       46              3377.65         8376.11        11753.76
2010-2016       47              3547.67         9137.23        12684.90
2010-2016       48              3734.72         9985.34        13720.06
2010-2016       49              4112.80        11299.57        15412.37
2010-2016       50              4422.86        12319.62        16742.48
2010-2016       51              4680.90        13222.75        17903.65
2010-2016       52              4827.92        14372.91        19200.83
2010-2016       53              5242.02        14931.97        20173.99
2010-2016       54              5412.05        15651.06        21063.11
2010-2016       55              5433.08        16120.12        21553.20
2010-2016       56              5563.09        16050.03        21613.12
2010-2016       57              5473.09        16139.11        21612.20
2010-2016       58              5693.11        16477.10        22170.21
2010-2016       59              5572.08        16321.08        21893.16
2010-2016       60              5772.13        16376.16        22148.29
2010-2016       61              6027.18        16712.17        22739.35
2010-2016       62              6200.21        16732.19        22932.40
2010-2016       63              6629.29        17408.27        24037.56
2010-2016       64              6692.28        17377.19        24069.47
2010-2016       65              7108.39        17550.39        24658.78
2010-2016       66              7590.49        18482.39        26072.88
2010-2016       67              8813.73        19988.76        28802.49
2010-2016       68              9816.93        21793.90        31610.83
2010-2016       69             10809.09        22941.99        33751.08
2010-2016       70             12139.34        24822.34        36961.68
2010-2016       71             14011.72        26723.54        40735.26
2010-2016       72             15606.01        28961.81        44567.82
2010-2016       73             17444.39        30716.01        48160.40
2010-2016       74             19426.79        31507.08        50933.87
2010-2016       75             21061.11        32107.19        53168.30
2010-2016       76             22651.43        32347.15        54998.58
2010-2016       77             24896.85        32508.15        57405.00
2010-2016       78             26729.22        32021.07        58750.29
2010-2016       79             28234.51        30981.91        59216.42
2010-2016       80             30284.91        29777.80        60062.71
2010-2016       81             31251.11        28109.55        59360.66
2010-2016       82             32602.35        26368.33        58970.68
2010-2016       83             33252.49        24218.07        57470.56
2010-2016       84             33398.52        22120.75        55519.27
2010-2016       85             33070.47        20624.65        53695.12
2010-2016       86             32110.29        18393.35        50503.64
2010-2016       87             31589.22        17025.21        48614.43
2010-2016       88             30151.88        14672.86        44824.74
2010-2016       89             27587.37        12726.61        40313.98
2010-2016       90             25049.92        10693.34        35743.26
2010-2016       91             21896.26         8926.13        30822.39
2010-2016       92             19311.74         7073.90        26385.64
2010-2016       93             16443.25         5658.68        22101.93
2010-2016       94             13011.55         4073.50        17085.05
2010-2016       95             10073.97         2908.38        12982.35
2010-2016       96              7797.53         2092.26         9889.79
2010-2016       97              5932.16         1451.18         7383.34
2010-2016       98              4433.87          987.11         5420.98
2010-2016       99              3163.61          654.09         3817.70
2010-2016      100              2326.35          493.32         2819.67
2010-2016      101              1520.76          313.82         1834.58
2010-2016      102               970.63          193.95         1164.58
2010-2016      103               594.82          115.75          710.57
2010-2016      104               349.28           66.92          416.20
2010-2016      105               197.92           37.38          235.30
2010-2016      106               109.19           20.46          129.65
2010-2016      107                58.98           11.08           70.06
2010-2016      108                30.87            5.85           36.72
2010-2016      109                15.72            1.60           17.32
2010-2016      110+               10.71            0.00           10.71
