Latvia, Deaths (period 1x10), 	Last modified: 26 Sep 2017;  Methods Protocol: v6 (2017)

  Year          Age             Female            Male           Total
1960-1969        0              2957.35         4211.47         7168.82
1960-1969        1               347.19          424.09          771.28
1960-1969        2               231.74          238.86          470.60
1960-1969        3               150.02          207.66          357.68
1960-1969        4               119.13          160.49          279.62
1960-1969        5               110.64          147.50          258.14
1960-1969        6                92.07          111.41          203.48
1960-1969        7                90.07          144.38          234.45
1960-1969        8                82.60          122.37          204.97
1960-1969        9                66.69          122.41          189.10
1960-1969       10                62.59          123.95          186.54
1960-1969       11                64.21          114.68          178.89
1960-1969       12                70.85          128.00          198.85
1960-1969       13                56.41          126.95          183.36
1960-1969       14                59.98          130.49          190.47
1960-1969       15                79.35          140.63          219.98
1960-1969       16                86.80          182.32          269.12
1960-1969       17                93.12          222.51          315.63
1960-1969       18                99.34          307.23          406.57
1960-1969       19               117.43          337.43          454.86
1960-1969       20               132.43          334.42          466.85
1960-1969       21               147.28          339.10          486.38
1960-1969       22               147.95          391.71          539.66
1960-1969       23               155.50          467.28          622.78
1960-1969       24               156.92          551.74          708.66
1960-1969       25               168.31          581.02          749.33
1960-1969       26               189.10          574.39          763.49
1960-1969       27               190.46          591.71          782.17
1960-1969       28               196.36          592.00          788.36
1960-1969       29               191.83          553.19          745.02
1960-1969       30               201.75          654.51          856.26
1960-1969       31               227.66          653.64          881.30
1960-1969       32               220.49          669.71          890.20
1960-1969       33               224.23          676.75          900.98
1960-1969       34               262.93          711.72          974.65
1960-1969       35               266.17          689.26          955.43
1960-1969       36               283.84          684.88          968.72
1960-1969       37               327.55          681.18         1008.73
1960-1969       38               344.35          670.16         1014.51
1960-1969       39               344.21          677.83         1022.04
1960-1969       40               342.11          730.79         1072.90
1960-1969       41               398.62          636.48         1035.10
1960-1969       42               421.69          670.51         1092.20
1960-1969       43               420.32          618.91         1039.23
1960-1969       44               388.47          632.62         1021.09
1960-1969       45               408.74          654.88         1063.62
1960-1969       46               461.85          599.31         1061.16
1960-1969       47               449.43          705.11         1154.54
1960-1969       48               493.41          744.28         1237.69
1960-1969       49               563.83          803.82         1367.65
1960-1969       50               610.31          860.32         1470.63
1960-1969       51               672.38          916.18         1588.56
1960-1969       52               763.79         1136.97         1900.76
1960-1969       53               846.46         1205.71         2052.17
1960-1969       54               899.44         1310.40         2209.84
1960-1969       55               960.75         1486.29         2447.04
1960-1969       56              1048.62         1639.32         2687.94
1960-1969       57              1137.11         1664.77         2801.88
1960-1969       58              1204.21         1862.63         3066.84
1960-1969       59              1319.92         1922.86         3242.78
1960-1969       60              1512.74         2073.70         3586.44
1960-1969       61              1511.72         2122.91         3634.63
1960-1969       62              1643.31         2265.65         3908.96
1960-1969       63              1740.58         2261.98         4002.56
1960-1969       64              1975.52         2296.83         4272.35
1960-1969       65              2091.32         2300.43         4391.75
1960-1969       66              2102.95         2349.44         4452.39
1960-1969       67              2396.75         2315.05         4711.80
1960-1969       68              2573.61         2325.23         4898.84
1960-1969       69              2575.59         2336.02         4911.61
1960-1969       70              3019.22         2424.52         5443.74
1960-1969       71              2964.32         2433.06         5397.38
1960-1969       72              3339.52         2566.74         5906.26
1960-1969       73              3433.72         2584.53         6018.25
1960-1969       74              3785.97         2704.47         6490.44
1960-1969       75              3774.81         2677.00         6451.81
1960-1969       76              4002.36         2657.85         6660.21
1960-1969       77              4093.17         2502.47         6595.64
1960-1969       78              4353.27         2665.93         7019.20
1960-1969       79              4164.55         2475.10         6639.65
1960-1969       80              4365.14         2460.57         6825.71
1960-1969       81              4042.92         2205.27         6248.19
1960-1969       82              4146.99         2384.71         6531.70
1960-1969       83              3981.30         2096.85         6078.15
1960-1969       84              3808.81         1903.71         5712.52
1960-1969       85              3496.47         1778.83         5275.30
1960-1969       86              3303.40         1535.82         4839.22
1960-1969       87              2920.24         1315.57         4235.81
1960-1969       88              2568.67         1092.75         3661.42
1960-1969       89              2248.94          947.12         3196.06
1960-1969       90              1829.31          771.33         2600.64
1960-1969       91              1486.96          623.92         2110.88
1960-1969       92              1238.62          455.08         1693.70
1960-1969       93               991.56          347.93         1339.49
1960-1969       94               686.54          256.27          942.81
1960-1969       95               487.76          162.79          650.55
1960-1969       96               364.91          118.19          483.10
1960-1969       97               276.32           56.99          333.31
1960-1969       98               191.07           48.75          239.82
1960-1969       99               134.23           39.04          173.27
1960-1969      100               100.53           22.20          122.73
1960-1969      101                66.66           13.46           80.12
1960-1969      102                42.96            5.75           48.71
1960-1969      103                26.65            2.60           29.25
1960-1969      104                16.08            0.61           16.69
1960-1969      105                 8.46            0.00            8.46
1960-1969      106                 4.32            0.00            4.32
1960-1969      107                 0.79            0.00            0.79
1960-1969      108                 0.00            0.00            0.00
1960-1969      109                 0.00            0.00            0.00
1960-1969      110+                0.00            0.00            0.00
1970-1979        0              2550.03         3648.15         6198.18
1970-1979        1               297.00          414.01          711.01
1970-1979        2               166.00          263.02          429.02
1970-1979        3               112.00          192.00          304.00
1970-1979        4               115.01          156.01          271.02
1970-1979        5                93.00          126.00          219.00
1970-1979        6                78.00          124.00          202.00
1970-1979        7                84.00          123.01          207.01
1970-1979        8                76.00          121.02          197.02
1970-1979        9                55.01          117.00          172.01
1970-1979       10                64.00          136.00          200.00
1970-1979       11                69.00          116.02          185.02
1970-1979       12                66.00          126.01          192.01
1970-1979       13                60.00          104.01          164.01
1970-1979       14                80.00          147.00          227.00
1970-1979       15                83.00          158.01          241.01
1970-1979       16                90.01          197.01          287.02
1970-1979       17               104.01          319.02          423.03
1970-1979       18               123.01          432.01          555.02
1970-1979       19               103.00          379.02          482.02
1970-1979       20               108.00          424.02          532.02
1970-1979       21               145.00          511.02          656.02
1970-1979       22               142.00          555.03          697.03
1970-1979       23               144.01          617.02          761.03
1970-1979       24               139.01          546.00          685.01
1970-1979       25               131.00          608.02          739.02
1970-1979       26               128.00          582.03          710.03
1970-1979       27               142.00          677.03          819.03
1970-1979       28               145.00          663.02          808.02
1970-1979       29               165.00          678.02          843.02
1970-1979       30               196.01          782.03          978.04
1970-1979       31               192.01          737.02          929.03
1970-1979       32               214.01          777.02          991.03
1970-1979       33               211.00          830.04         1041.04
1970-1979       34               224.00          896.04         1120.04
1970-1979       35               279.00          989.04         1268.04
1970-1979       36               303.00         1032.03         1335.03
1970-1979       37               334.00         1071.05         1405.05
1970-1979       38               318.00         1098.05         1416.05
1970-1979       39               349.01         1148.04         1497.05
1970-1979       40               421.01         1241.04         1662.05
1970-1979       41               368.01         1224.04         1592.05
1970-1979       42               478.01         1337.06         1815.07
1970-1979       43               500.00         1291.05         1791.05
1970-1979       44               569.01         1390.04         1959.05
1970-1979       45               562.01         1385.04         1947.05
1970-1979       46               642.01         1370.03         2012.04
1970-1979       47               733.01         1520.04         2253.05
1970-1979       48               801.01         1466.03         2267.04
1970-1979       49               758.01         1446.04         2204.05
1970-1979       50               868.01         1540.05         2408.06
1970-1979       51               874.01         1498.04         2372.05
1970-1979       52               944.01         1416.03         2360.04
1970-1979       53               907.01         1393.02         2300.03
1970-1979       54               956.01         1493.03         2449.04
1970-1979       55               986.01         1585.05         2571.06
1970-1979       56              1006.02         1530.06         2536.08
1970-1979       57              1089.02         1610.06         2699.08
1970-1979       58              1112.02         1741.07         2853.09
1970-1979       59              1230.01         1903.08         3133.09
1970-1979       60              1499.02         2048.09         3547.11
1970-1979       61              1517.02         2174.09         3691.11
1970-1979       62              1803.03         2421.09         4224.12
1970-1979       63              1979.03         2621.10         4600.13
1970-1979       64              2127.03         3073.12         5200.15
1970-1979       65              2381.04         3229.12         5610.16
1970-1979       66              2605.04         3287.12         5892.16
1970-1979       67              2802.04         3605.12         6407.16
1970-1979       68              3140.04         3708.13         6848.17
1970-1979       69              3347.05         3713.12         7060.17
1970-1979       70              3666.05         3862.13         7528.18
1970-1979       71              4003.05         3813.13         7816.18
1970-1979       72              4199.05         3790.11         7989.16
1970-1979       73              4469.06         3829.11         8298.17
1970-1979       74              4645.06         3642.10         8287.16
1970-1979       75              4838.07         3411.11         8249.18
1970-1979       76              5181.06         3371.11         8552.17
1970-1979       77              5234.07         3092.10         8326.17
1970-1979       78              5279.07         3000.10         8279.17
1970-1979       79              5367.07         2898.10         8265.17
1970-1979       80              5439.07         2819.10         8258.17
1970-1979       81              5354.07         2639.11         7993.18
1970-1979       82              5093.07         2417.08         7510.15
1970-1979       83              5081.07         2290.08         7371.15
1970-1979       84              4774.07         2118.09         6892.16
1970-1979       85              4566.06         1944.07         6510.13
1970-1979       86              4222.05         1763.07         5985.12
1970-1979       87              3871.05         1539.06         5410.11
1970-1979       88              3483.05         1386.05         4869.10
1970-1979       89              2972.03         1156.05         4128.08
1970-1979       90              2529.03          967.03         3496.06
1970-1979       91              2106.03          755.03         2861.06
1970-1979       92              1698.03          571.01         2269.04
1970-1979       93              1322.01          481.02         1803.03
1970-1979       94              1028.01          358.02         1386.03
1970-1979       95               753.01          262.01         1015.02
1970-1979       96               584.01          164.00          748.01
1970-1979       97               408.01          121.01          529.02
1970-1979       98               296.01           82.01          378.02
1970-1979       99               199.00           63.00          262.00
1970-1979      100               144.91           42.40          187.31
1970-1979      101                94.32           26.73          121.05
1970-1979      102                59.46           15.96           75.42
1970-1979      103                36.68            9.09           45.77
1970-1979      104                21.78            4.88           26.66
1970-1979      105                12.56            1.38           13.94
1970-1979      106                 6.71            0.58            7.29
1970-1979      107                 1.60            0.00            1.60
1970-1979      108                 0.00            0.00            0.00
1970-1979      109                 0.00            0.00            0.00
1970-1979      110+                0.00            0.00            0.00
1980-1989        0              2144.00         3090.03         5234.03
1980-1989        1               323.00          417.00          740.00
1980-1989        2               162.00          232.00          394.00
1980-1989        3               128.00          185.01          313.01
1980-1989        4               120.00          168.00          288.00
1980-1989        5                93.00          149.00          242.00
1980-1989        6                81.00          135.00          216.00
1980-1989        7                70.00          132.00          202.00
1980-1989        8                60.00          142.00          202.00
1980-1989        9                60.00          124.01          184.01
1980-1989       10                50.00          111.00          161.00
1980-1989       11                47.00          102.00          149.00
1980-1989       12                69.00          133.00          202.00
1980-1989       13                50.00          107.00          157.00
1980-1989       14                69.00          142.00          211.00
1980-1989       15                78.00          128.00          206.00
1980-1989       16                73.00          213.00          286.00
1980-1989       17                99.00          317.00          416.00
1980-1989       18                97.00          403.00          500.00
1980-1989       19               108.00          374.00          482.00
1980-1989       20                99.00          356.01          455.01
1980-1989       21               127.00          488.00          615.00
1980-1989       22               118.00          494.00          612.00
1980-1989       23               140.00          534.01          674.01
1980-1989       24               125.00          547.01          672.01
1980-1989       25               170.00          590.00          760.00
1980-1989       26               157.00          571.00          728.00
1980-1989       27               159.00          659.01          818.01
1980-1989       28               151.00          590.00          741.00
1980-1989       29               173.00          662.01          835.01
1980-1989       30               189.00          742.00          931.00
1980-1989       31               222.00          690.01          912.01
1980-1989       32               186.00          692.00          878.00
1980-1989       33               226.00          713.01          939.01
1980-1989       34               230.00          741.01          971.01
1980-1989       35               220.00          784.01         1004.01
1980-1989       36               262.00          839.01         1101.01
1980-1989       37               270.00          830.01         1100.01
1980-1989       38               295.00          977.01         1272.01
1980-1989       39               340.00          998.01         1338.01
1980-1989       40               406.00         1082.01         1488.01
1980-1989       41               437.00         1235.01         1672.01
1980-1989       42               445.00         1245.01         1690.01
1980-1989       43               480.00         1372.01         1852.01
1980-1989       44               527.00         1481.01         2008.01
1980-1989       45               591.00         1582.02         2173.02
1980-1989       46               637.00         1647.02         2284.02
1980-1989       47               689.00         1774.02         2463.02
1980-1989       48               695.00         1871.02         2566.02
1980-1989       49               761.00         1962.02         2723.02
1980-1989       50               907.00         2089.03         2996.03
1980-1989       51               921.00         2237.03         3158.03
1980-1989       52               990.00         2297.03         3287.03
1980-1989       53              1072.00         2374.03         3446.03
1980-1989       54              1162.00         2548.03         3710.03
1980-1989       55              1296.00         2609.03         3905.03
1980-1989       56              1452.00         2719.04         4171.04
1980-1989       57              1587.00         2634.04         4221.04
1980-1989       58              1699.00         2699.05         4398.05
1980-1989       59              1804.00         2628.04         4432.04
1980-1989       60              1902.00         2836.05         4738.05
1980-1989       61              1912.00         2637.04         4549.04
1980-1989       62              2018.00         2611.03         4629.03
1980-1989       63              2099.00         2529.04         4628.04
1980-1989       64              2130.00         2429.04         4559.04
1980-1989       65              2157.00         2585.05         4742.05
1980-1989       66              2370.00         2698.04         5068.04
1980-1989       67              2425.00         2787.04         5212.04
1980-1989       68              2634.00         2929.03         5563.03
1980-1989       69              2903.00         3060.03         5963.03
1980-1989       70              3165.00         3250.03         6415.03
1980-1989       71              3632.00         3557.04         7189.04
1980-1989       72              4151.00         3686.03         7837.03
1980-1989       73              4552.00         4009.05         8561.05
1980-1989       74              5049.00         4115.05         9164.05
1980-1989       75              5422.00         4173.05         9595.05
1980-1989       76              5715.00         4400.06        10115.06
1980-1989       77              6123.00         4179.05        10302.05
1980-1989       78              6112.00         4084.05        10196.05
1980-1989       79              6375.00         3949.05        10324.05
1980-1989       80              6526.00         3801.05        10327.05
1980-1989       81              6543.00         3512.06        10055.06
1980-1989       82              6448.00         3184.05         9632.05
1980-1989       83              6316.00         2831.04         9147.04
1980-1989       84              5985.00         2538.04         8523.04
1980-1989       85              5613.00         2251.04         7864.04
1980-1989       86              5093.00         1918.03         7011.03
1980-1989       87              4699.00         1543.03         6242.03
1980-1989       88              4249.00         1307.02         5556.02
1980-1989       89              3579.00         1168.01         4747.01
1980-1989       90              3056.00          942.02         3998.02
1980-1989       91              2563.00          776.01         3339.01
1980-1989       92              2117.00          587.01         2704.01
1980-1989       93              1755.00          499.01         2254.01
1980-1989       94              1326.00          384.01         1710.01
1980-1989       95              1038.00          297.01         1335.01
1980-1989       96               784.00          185.00          969.00
1980-1989       97               544.00          166.00          710.00
1980-1989       98               407.00          110.00          517.00
1980-1989       99               283.00           67.00          350.00
1980-1989      100               194.12           59.88          254.00
1980-1989      101               127.42           40.77          168.19
1980-1989      102                81.61           27.15          108.76
1980-1989      103                51.00           17.73           68.73
1980-1989      104                31.04           11.22           42.26
1980-1989      105                18.35            6.48           24.83
1980-1989      106                10.57            1.80           12.37
1980-1989      107                 4.59            0.00            4.59
1980-1989      108                 0.28            0.00            0.28
1980-1989      109                 0.00            0.00            0.00
1980-1989      110+                0.00            0.00            0.00
1990-1999        0              1723.38         2222.47         3945.85
1990-1999        1               172.02          218.14          390.16
1990-1999        2               123.00          169.11          292.11
1990-1999        3               103.01          144.10          247.11
1990-1999        4                85.50          148.09          233.59
1990-1999        5                72.51          141.58          214.09
1990-1999        6                72.50          132.06          204.56
1990-1999        7                60.01          124.07          184.08
1990-1999        8                66.50          106.53          173.03
1990-1999        9                51.51          104.05          155.56
1990-1999       10                48.50          116.06          164.56
1990-1999       11                50.50           89.05          139.55
1990-1999       12                51.00           98.56          149.56
1990-1999       13                54.50          112.56          167.06
1990-1999       14                62.01          126.09          188.10
1990-1999       15                81.50          173.61          255.11
1990-1999       16                88.50          214.14          302.64
1990-1999       17               104.50          304.72          409.22
1990-1999       18               100.00          372.27          472.27
1990-1999       19               126.50          452.30          578.80
1990-1999       20               115.00          448.80          563.80
1990-1999       21               119.50          462.84          582.34
1990-1999       22               121.52          548.39          669.91
1990-1999       23               124.01          564.38          688.39
1990-1999       24               120.50          560.40          680.90
1990-1999       25               138.02          614.94          752.96
1990-1999       26               135.50          627.43          762.93
1990-1999       27               147.50          685.47          832.97
1990-1999       28               161.00          713.02          874.02
1990-1999       29               196.01          787.06          983.07
1990-1999       30               200.51          840.61         1041.12
1990-1999       31               195.51          832.57         1028.08
1990-1999       32               209.53          888.63         1098.16
1990-1999       33               234.52          935.15         1169.67
1990-1999       34               280.04         1083.78         1363.82
1990-1999       35               295.08         1101.81         1396.89
1990-1999       36               349.61         1155.34         1504.95
1990-1999       37               346.60         1210.40         1557.00
1990-1999       38               379.12         1296.90         1676.02
1990-1999       39               454.13         1408.02         1862.15
1990-1999       40               508.14         1641.69         2149.83
1990-1999       41               488.12         1468.05         1956.17
1990-1999       42               485.15         1596.69         2081.84
1990-1999       43               559.65         1680.23         2239.88
1990-1999       44               629.17         1855.90         2485.07
1990-1999       45               698.18         1924.86         2623.04
1990-1999       46               755.69         1954.40         2710.09
1990-1999       47               766.19         1981.39         2747.58
1990-1999       48               844.70         2145.47         2990.17
1990-1999       49               955.23         2429.71         3384.94
1990-1999       50               968.72         2754.93         3723.65
1990-1999       51              1032.24         2736.44         3768.68
1990-1999       52              1092.75         2871.03         3963.78
1990-1999       53              1241.28         3143.28         4384.56
1990-1999       54              1355.33         3318.40         4673.73
1990-1999       55              1450.87         3465.50         4916.37
1990-1999       56              1530.90         3582.03         5112.93
1990-1999       57              1679.40         3829.27         5508.67
1990-1999       58              1807.93         3887.18         5695.11
1990-1999       59              1875.96         4101.81         5977.77
1990-1999       60              2002.98         4384.51         6387.49
1990-1999       61              2118.98         4329.93         6448.91
1990-1999       62              2225.52         4455.59         6681.11
1990-1999       63              2405.56         4513.71         6919.27
1990-1999       64              2625.61         4618.29         7243.90
1990-1999       65              2975.21         4573.82         7549.03
1990-1999       66              3163.24         4646.33         7809.57
1990-1999       67              3336.79         4470.11         7806.90
1990-1999       68              3544.85         4297.93         7842.78
1990-1999       69              3896.45         4077.30         7973.75
1990-1999       70              4111.03         3978.27         8089.30
1990-1999       71              4091.54         3837.12         7928.66
1990-1999       72              4194.58         3607.00         7801.58
1990-1999       73              4212.09         3410.37         7622.46
1990-1999       74              4204.58         3181.70         7386.28
1990-1999       75              4406.58         3067.01         7473.59
1990-1999       76              4590.10         3062.49         7652.59
1990-1999       77              4741.60         3019.93         7761.53
1990-1999       78              5122.16         3074.48         8196.64
1990-1999       79              5442.70         3032.02         8474.72
1990-1999       80              5577.27         3051.56         8628.83
1990-1999       81              5996.37         3049.10         9045.47
1990-1999       82              6079.92         3007.08         9087.00
1990-1999       83              6269.01         2966.05         9235.06
1990-1999       84              6395.05         2889.94         9284.99
1990-1999       85              6171.02         2690.30         8861.32
1990-1999       86              5956.96         2351.08         8308.04
1990-1999       87              5599.35         2143.44         7742.79
1990-1999       88              5064.23         1803.77         6868.00
1990-1999       89              4522.11         1537.57         6059.68
1990-1999       90              3766.44         1271.38         5037.82
1990-1999       91              3269.32          969.18         4238.50
1990-1999       92              2705.18          759.53         3464.71
1990-1999       93              2189.56          548.40         2737.96
1990-1999       94              1653.92          405.27         2059.19
1990-1999       95              1203.31          268.67         1471.98
1990-1999       96               866.71          210.65         1077.36
1990-1999       97               658.67          144.08          802.75
1990-1999       98               441.62           96.03          537.65
1990-1999       99               318.80           71.81          390.61
1990-1999      100               240.70           44.04          284.74
1990-1999      101               154.54           27.39          181.93
1990-1999      102                95.85           16.96          112.81
1990-1999      103                57.52            9.22           66.74
1990-1999      104                33.59            4.87           38.46
1990-1999      105                19.38            1.83           21.21
1990-1999      106                10.36            0.00           10.36
1990-1999      107                 4.58            0.00            4.58
1990-1999      108                 1.44            0.00            1.44
1990-1999      109                 0.00            0.00            0.00
1990-1999      110+                0.00            0.00            0.00
2000-2009        0               858.08         1025.33         1883.41
2000-2009        1                73.50           80.51          154.01
2000-2009        2                40.00           70.50          110.50
2000-2009        3                27.50           58.00           85.50
2000-2009        4                29.50           55.01           84.51
2000-2009        5                28.51           45.00           73.51
2000-2009        6                26.51           43.00           69.51
2000-2009        7                22.50           46.50           69.00
2000-2009        8                19.01           52.50           71.51
2000-2009        9                21.50           42.50           64.00
2000-2009       10                24.50           43.00           67.50
2000-2009       11                17.00           47.00           64.00
2000-2009       12                23.50           54.00           77.50
2000-2009       13                34.50           49.51           84.01
2000-2009       14                40.00           62.51          102.51
2000-2009       15                55.51          100.50          156.01
2000-2009       16                73.00          135.02          208.02
2000-2009       17                86.50          171.04          257.54
2000-2009       18                77.00          225.57          302.57
2000-2009       19                82.01          269.59          351.60
2000-2009       20                83.50          289.08          372.58
2000-2009       21                67.50          334.60          402.10
2000-2009       22                74.51          334.10          408.61
2000-2009       23                83.50          342.60          426.10
2000-2009       24                84.50          364.60          449.10
2000-2009       25                85.50          376.60          462.10
2000-2009       26                85.50          386.60          472.10
2000-2009       27                95.00          413.10          508.10
2000-2009       28               108.50          455.64          564.14
2000-2009       29               107.01          525.67          632.68
2000-2009       30               118.01          517.15          635.16
2000-2009       31               141.50          514.67          656.17
2000-2009       32               162.50          571.68          734.18
2000-2009       33               172.51          607.68          780.19
2000-2009       34               195.01          668.69          863.70
2000-2009       35               203.01          729.21          932.22
2000-2009       36               235.02          711.71          946.73
2000-2009       37               264.01          796.24         1060.25
2000-2009       38               283.02          896.79         1179.81
2000-2009       39               328.52          984.83         1313.35
2000-2009       40               351.52         1089.38         1440.90
2000-2009       41               378.03         1093.87         1471.90
2000-2009       42               413.54         1257.95         1671.49
2000-2009       43               452.54         1351.48         1804.02
2000-2009       44               501.54         1462.01         1963.55
2000-2009       45               569.55         1591.54         2161.09
2000-2009       46               624.04         1662.55         2286.59
2000-2009       47               637.55         1747.58         2385.13
2000-2009       48               694.56         1769.08         2463.64
2000-2009       49               802.57         2057.66         2860.23
2000-2009       50               868.08         2229.73         3097.81
2000-2009       51               860.57         2173.22         3033.79
2000-2009       52               934.09         2248.74         3182.83
2000-2009       53               969.08         2360.29         3329.37
2000-2009       54              1035.59         2490.32         3525.91
2000-2009       55              1082.09         2575.84         3657.93
2000-2009       56              1113.10         2619.85         3732.95
2000-2009       57              1194.61         2729.91         3924.52
2000-2009       58              1353.63         2879.46         4233.09
2000-2009       59              1497.14         3111.54         4608.68
2000-2009       60              1560.65         3313.61         4874.26
2000-2009       61              1615.17         3370.10         4985.27
2000-2009       62              1768.21         3663.73         5431.94
2000-2009       63              1965.24         3954.84         5920.08
2000-2009       64              2136.75         4090.38         6227.13
2000-2009       65              2322.78         4113.87         6436.65
2000-2009       66              2499.30         4157.87         6657.17
2000-2009       67              2679.32         4309.43         6988.75
2000-2009       68              2798.35         4445.97         7244.32
2000-2009       69              2979.33         4457.97         7437.30
2000-2009       70              3346.89         4407.44         7754.33
2000-2009       71              3571.39         4386.95         7958.34
2000-2009       72              3880.38         4506.51         8386.89
2000-2009       73              4186.90         4607.54         8794.44
2000-2009       74              4613.49         4446.97         9060.46
2000-2009       75              5084.08         4294.43         9378.51
2000-2009       76              5390.12         4128.84         9518.96
2000-2009       77              5696.66         3886.76         9583.42
2000-2009       78              5888.67         3686.20         9574.87
2000-2009       79              6136.71         3494.16         9630.87
2000-2009       80              6305.23         3172.52         9477.75
2000-2009       81              6221.22         2809.88         9031.10
2000-2009       82              6051.70         2472.80         8524.50
2000-2009       83              5783.69         2215.72         7999.41
2000-2009       84              5455.17         1962.12         7417.29
2000-2009       85              5129.59         1766.56         6896.15
2000-2009       86              4817.50         1625.02         6442.52
2000-2009       87              4526.98         1459.99         5986.97
2000-2009       88              4152.45         1281.44         5433.89
2000-2009       89              3788.38         1156.39         4944.77
2000-2009       90              3489.83         1032.84         4522.67
2000-2009       91              3103.32          861.28         3964.60
2000-2009       92              2696.32          716.22         3412.54
2000-2009       93              2264.78          591.18         2855.96
2000-2009       94              1854.72          483.14         2337.86
2000-2009       95              1453.66          363.60         1817.26
2000-2009       96              1127.11          265.57         1392.68
2000-2009       97               774.57          179.03          953.60
2000-2009       98               496.54          118.01          614.55
2000-2009       99               356.53           74.58          431.11
2000-2009      100               226.96           49.09          276.05
2000-2009      101               145.05           31.56          176.61
2000-2009      102                90.63           19.42          110.05
2000-2009      103                54.70           11.32           66.02
2000-2009      104                32.20            5.71           37.91
2000-2009      105                18.46            1.51           19.97
2000-2009      106                 9.78            0.31           10.09
2000-2009      107                 3.65            0.00            3.65
2000-2009      108                 0.61            0.00            0.61
2000-2009      109                 0.00            0.00            0.00
2000-2009      110+                0.00            0.00            0.00
2010-2014        0               239.00          294.02          533.02
2010-2014        1                17.50           21.50           39.00
2010-2014        2                17.00           16.50           33.50
2010-2014        3                16.00           16.00           32.00
2010-2014        4                11.00           11.50           22.50
2010-2014        5                 7.50           14.50           22.00
2010-2014        6                 7.00           17.00           24.00
2010-2014        7                 5.50           15.50           21.00
2010-2014        8                 4.00           13.00           17.00
2010-2014        9                 7.50           10.00           17.50
2010-2014       10                 8.00           11.00           19.00
2010-2014       11                 6.50           10.00           16.50
2010-2014       12                 8.00           10.50           18.50
2010-2014       13                 9.00           14.00           23.00
2010-2014       14                 8.00           13.50           21.50
2010-2014       15                 9.50           21.50           31.00
2010-2014       16                10.50           34.00           44.50
2010-2014       17                13.50           37.00           50.50
2010-2014       18                18.00           54.50           72.50
2010-2014       19                20.00           75.50           95.50
2010-2014       20                25.50           89.50          115.00
2010-2014       21                26.50           91.00          117.50
2010-2014       22                24.50           86.00          110.50
2010-2014       23                29.00           78.50          107.50
2010-2014       24                37.00           89.00          126.00
2010-2014       25                36.50          112.00          148.50
2010-2014       26                32.00          124.00          156.00
2010-2014       27                38.50          138.00          176.50
2010-2014       28                39.50          141.00          180.50
2010-2014       29                45.50          156.01          201.51
2010-2014       30                47.50          166.02          213.52
2010-2014       31                41.50          165.02          206.52
2010-2014       32                56.50          187.53          244.03
2010-2014       33                71.50          201.53          273.03
2010-2014       34                63.00          224.52          287.52
2010-2014       35                60.50          243.03          303.53
2010-2014       36                85.00          242.04          327.04
2010-2014       37                96.50          264.54          361.04
2010-2014       38               100.50          288.04          388.54
2010-2014       39               114.50          335.54          450.04
2010-2014       40               126.00          370.54          496.54
2010-2014       41               134.50          370.54          505.04
2010-2014       42               150.00          381.04          531.04
2010-2014       43               168.00          411.55          579.55
2010-2014       44               179.50          454.56          634.06
2010-2014       45               185.50          484.06          669.56
2010-2014       46               206.50          533.57          740.07
2010-2014       47               229.50          592.58          822.08
2010-2014       48               250.00          675.08          925.08
2010-2014       49               276.50          740.09         1016.59
2010-2014       50               303.50          782.60         1086.10
2010-2014       51               336.00          880.10         1216.10
2010-2014       52               350.50          963.11         1313.61
2010-2014       53               372.50         1005.11         1377.61
2010-2014       54               433.00         1057.11         1490.11
2010-2014       55               470.50         1109.62         1580.12
2010-2014       56               471.00         1133.13         1604.13
2010-2014       57               510.00         1154.13         1664.13
2010-2014       58               566.50         1174.63         1741.13
2010-2014       59               601.00         1211.14         1812.14
2010-2014       60               621.00         1307.65         1928.65
2010-2014       61               650.50         1466.17         2116.67
2010-2014       62               734.50         1518.18         2252.68
2010-2014       63               802.51         1443.67         2246.18
2010-2014       64               836.52         1483.67         2320.19
2010-2014       65               837.52         1562.18         2399.70
2010-2014       66               846.52         1579.18         2425.70
2010-2014       67               965.02         1570.68         2535.70
2010-2014       68              1099.02         1639.69         2738.71
2010-2014       69              1208.52         1795.71         3004.23
2010-2014       70              1349.02         1903.73         3252.75
2010-2014       71              1516.52         2026.25         3542.77
2010-2014       72              1672.52         2064.74         3737.26
2010-2014       73              1795.52         2092.73         3888.25
2010-2014       74              1909.02         2095.24         4004.26
2010-2014       75              2041.02         1964.73         4005.75
2010-2014       76              2161.02         1903.72         4064.74
2010-2014       77              2277.52         1915.72         4193.24
2010-2014       78              2440.53         1881.71         4322.24
2010-2014       79              2592.04         1821.20         4413.24
2010-2014       80              2800.04         1815.21         4615.25
2010-2014       81              3012.54         1797.72         4810.26
2010-2014       82              3159.04         1705.20         4864.24
2010-2014       83              3282.04         1592.17         4874.21
2010-2014       84              3337.04         1410.15         4747.19
2010-2014       85              3327.04         1224.14         4551.18
2010-2014       86              3248.54         1068.63         4317.17
2010-2014       87              3036.04          872.11         3908.15
2010-2014       88              2710.04          725.08         3435.12
2010-2014       89              2387.54          597.56         2985.10
2010-2014       90              2025.53          474.55         2500.08
2010-2014       91              1604.52          367.04         1971.56
2010-2014       92              1250.52          283.53         1534.05
2010-2014       93               991.52          240.02         1231.54
2010-2014       94               756.51          182.52          939.03
2010-2014       95               569.50          125.01          694.51
2010-2014       96               454.00           99.50          553.50
2010-2014       97               345.50           76.50          422.00
2010-2014       98               261.00           51.00          312.00
2010-2014       99               208.08           36.77          244.85
2010-2014      100               129.38           23.88          153.26
2010-2014      101                84.46           15.29           99.75
2010-2014      102                53.84            9.80           63.64
2010-2014      103                33.32            6.36           39.68
2010-2014      104                19.99            3.66           23.65
2010-2014      105                11.72            1.44           13.16
2010-2014      106                 6.72            0.31            7.03
2010-2014      107                 3.40            0.00            3.40
2010-2014      108                 0.85            0.00            0.85
2010-2014      109                 0.27            0.00            0.27
2010-2014      110+                0.00            0.00            0.00
