Slovenia, Deaths (period 1x10), 	Last modified: 26 Sep 2017;  Methods Protocol: v6 (2017)

  Year          Age             Female            Male           Total
1983-1989        0               915.00         1197.00         2112.00
1983-1989        1                81.00          106.00          187.00
1983-1989        2                38.00           31.00           69.00
1983-1989        3                29.00           49.00           78.00
1983-1989        4                25.00           51.00           76.00
1983-1989        5                27.00           29.00           56.00
1983-1989        6                24.00           37.00           61.00
1983-1989        7                29.00           30.00           59.00
1983-1989        8                24.00           47.00           71.00
1983-1989        9                11.00           27.00           38.00
1983-1989       10                18.00           28.00           46.00
1983-1989       11                22.00           37.00           59.00
1983-1989       12                 9.00           28.00           37.00
1983-1989       13                 7.00           32.00           39.00
1983-1989       14                19.00           47.00           66.00
1983-1989       15                26.00           47.00           73.00
1983-1989       16                49.00           85.00          134.00
1983-1989       17                37.00          117.00          154.00
1983-1989       18                40.00          136.00          176.00
1983-1989       19                49.00          104.00          153.00
1983-1989       20                58.00          181.00          239.00
1983-1989       21                50.00          179.00          229.00
1983-1989       22                40.00          185.00          225.00
1983-1989       23                52.00          159.00          211.00
1983-1989       24                43.00          176.00          219.00
1983-1989       25                55.00          178.00          233.00
1983-1989       26                57.00          171.00          228.00
1983-1989       27                59.00          194.00          253.00
1983-1989       28                49.00          198.00          247.00
1983-1989       29                64.00          218.00          282.00
1983-1989       30                59.00          209.00          268.00
1983-1989       31                87.00          231.00          318.00
1983-1989       32                86.00          261.00          347.00
1983-1989       33                72.00          264.00          336.00
1983-1989       34                99.00          287.00          386.00
1983-1989       35               103.00          323.00          426.00
1983-1989       36               126.00          293.00          419.00
1983-1989       37                96.00          308.00          404.00
1983-1989       38               107.00          300.00          407.00
1983-1989       39               115.00          349.00          464.00
1983-1989       40               124.00          350.00          474.00
1983-1989       41               151.00          358.00          509.00
1983-1989       42               171.00          389.00          560.00
1983-1989       43               147.00          447.00          594.00
1983-1989       44               192.00          498.00          690.00
1983-1989       45               193.00          529.00          722.00
1983-1989       46               241.00          596.00          837.00
1983-1989       47               262.00          625.00          887.00
1983-1989       48               286.00          699.00          985.00
1983-1989       49               323.00          780.00         1103.00
1983-1989       50               311.00          821.00         1132.00
1983-1989       51               383.00          976.00         1359.00
1983-1989       52               458.00         1067.00         1525.00
1983-1989       53               460.00         1136.00         1596.00
1983-1989       54               482.00         1176.00         1658.00
1983-1989       55               522.00         1318.00         1840.00
1983-1989       56               569.00         1347.00         1916.00
1983-1989       57               636.00         1388.00         2024.00
1983-1989       58               653.00         1379.00         2032.00
1983-1989       59               723.00         1433.00         2156.00
1983-1989       60               746.00         1408.00         2154.00
1983-1989       61               809.00         1345.00         2154.00
1983-1989       62               849.00         1332.00         2181.00
1983-1989       63               874.00         1403.00         2277.00
1983-1989       64               918.00         1290.00         2208.00
1983-1989       65               909.00         1284.00         2193.00
1983-1989       66               862.00         1144.00         2006.00
1983-1989       67               865.00         1124.00         1989.00
1983-1989       68               948.00         1246.00         2194.00
1983-1989       69              1000.00         1290.00         2290.00
1983-1989       70              1152.00         1373.00         2525.00
1983-1989       71              1360.00         1611.00         2971.00
1983-1989       72              1544.00         1757.00         3301.00
1983-1989       73              1790.00         2015.00         3805.00
1983-1989       74              2204.00         2247.00         4451.00
1983-1989       75              2340.00         2334.00         4674.00
1983-1989       76              2476.00         2389.00         4865.00
1983-1989       77              2537.00         2276.00         4813.00
1983-1989       78              2732.00         2172.00         4904.00
1983-1989       79              2732.00         2155.00         4887.00
1983-1989       80              2758.00         2007.00         4765.00
1983-1989       81              2855.00         1956.00         4811.00
1983-1989       82              2827.00         1723.00         4550.00
1983-1989       83              2623.00         1538.00         4161.00
1983-1989       84              2530.00         1339.00         3869.00
1983-1989       85              2265.00         1195.00         3460.00
1983-1989       86              2074.00          993.00         3067.00
1983-1989       87              1916.00          817.00         2733.00
1983-1989       88              1522.00          628.00         2150.00
1983-1989       89              1306.00          473.00         1779.00
1983-1989       90              1030.00          424.00         1454.00
1983-1989       91               811.00          255.00         1066.00
1983-1989       92               605.00          220.00          825.00
1983-1989       93               478.00          143.00          621.00
1983-1989       94               343.00           92.00          435.00
1983-1989       95               230.00           59.00          289.00
1983-1989       96               170.00           43.00          213.00
1983-1989       97               104.00           21.00          125.00
1983-1989       98                69.00           20.00           89.00
1983-1989       99                42.00            5.00           47.00
1983-1989      100                22.00            6.00           28.00
1983-1989      101                15.00            6.00           21.00
1983-1989      102                 6.00            2.00            8.00
1983-1989      103                 1.00            1.00            2.00
1983-1989      104                 2.00            3.00            5.00
1983-1989      105                 2.00            0.00            2.00
1983-1989      106                 0.00            0.00            0.00
1983-1989      107                 0.00            0.00            0.00
1983-1989      108                 0.00            0.00            0.00
1983-1989      109                 0.00            0.00            0.00
1983-1989      110+                0.00            0.00            0.00
1990-1999        0               520.00          742.00         1262.00
1990-1999        1                39.00           65.00          104.00
1990-1999        2                32.00           37.00           69.00
1990-1999        3                24.00           41.00           65.00
1990-1999        4                22.00           32.00           54.00
1990-1999        5                23.00           34.00           57.00
1990-1999        6                21.00           21.00           42.00
1990-1999        7                12.00           35.00           47.00
1990-1999        8                15.00           30.00           45.00
1990-1999        9                18.00           26.00           44.00
1990-1999       10                15.00           28.00           43.00
1990-1999       11                16.00           23.00           39.00
1990-1999       12                19.00           36.00           55.00
1990-1999       13                16.00           49.00           65.00
1990-1999       14                35.00           55.00           90.00
1990-1999       15                29.00           64.00           93.00
1990-1999       16                44.00           98.00          142.00
1990-1999       17                54.00          146.00          200.00
1990-1999       18                47.00          203.00          250.00
1990-1999       19                65.00          195.00          260.00
1990-1999       20                62.00          225.00          287.00
1990-1999       21                54.00          217.00          271.00
1990-1999       22                66.00          210.00          276.00
1990-1999       23                52.00          221.00          273.00
1990-1999       24                57.00          226.00          283.00
1990-1999       25                61.00          233.00          294.00
1990-1999       26                60.00          223.00          283.00
1990-1999       27                55.00          204.00          259.00
1990-1999       28                53.00          202.00          255.00
1990-1999       29                82.00          211.00          293.00
1990-1999       30                70.00          239.00          309.00
1990-1999       31                72.00          262.00          334.00
1990-1999       32                89.00          290.00          379.00
1990-1999       33               100.00          276.00          376.00
1990-1999       34               103.00          321.00          424.00
1990-1999       35               118.00          323.00          441.00
1990-1999       36               144.00          366.00          510.00
1990-1999       37               146.00          433.00          579.00
1990-1999       38               196.00          463.00          659.00
1990-1999       39               163.00          466.00          629.00
1990-1999       40               216.00          518.00          734.00
1990-1999       41               250.00          602.00          852.00
1990-1999       42               243.00          623.00          866.00
1990-1999       43               253.00          676.00          929.00
1990-1999       44               295.00          718.00         1013.00
1990-1999       45               315.00          720.00         1035.00
1990-1999       46               299.00          796.00         1095.00
1990-1999       47               372.00          835.00         1207.00
1990-1999       48               371.00          838.00         1209.00
1990-1999       49               390.00          917.00         1307.00
1990-1999       50               416.00          989.00         1405.00
1990-1999       51               443.00         1041.00         1484.00
1990-1999       52               491.00         1051.00         1542.00
1990-1999       53               505.00         1199.00         1704.00
1990-1999       54               553.00         1265.00         1818.00
1990-1999       55               582.00         1425.00         2007.00
1990-1999       56               616.00         1522.00         2138.00
1990-1999       57               678.00         1650.00         2328.00
1990-1999       58               738.00         1751.00         2489.00
1990-1999       59               801.00         1874.00         2675.00
1990-1999       60               884.00         2114.00         2998.00
1990-1999       61              1003.00         2193.00         3196.00
1990-1999       62              1104.00         2313.00         3417.00
1990-1999       63              1153.00         2349.00         3502.00
1990-1999       64              1280.00         2492.00         3772.00
1990-1999       65              1361.00         2604.00         3965.00
1990-1999       66              1505.00         2489.00         3994.00
1990-1999       67              1689.00         2561.00         4250.00
1990-1999       68              1801.00         2499.00         4300.00
1990-1999       69              1901.00         2620.00         4521.00
1990-1999       70              2124.00         2474.00         4598.00
1990-1999       71              2111.00         2373.00         4484.00
1990-1999       72              2176.00         2290.00         4466.00
1990-1999       73              2260.00         2120.00         4380.00
1990-1999       74              2188.00         2112.00         4300.00
1990-1999       75              2286.00         2086.00         4372.00
1990-1999       76              2467.00         2119.00         4586.00
1990-1999       77              2681.00         2170.00         4851.00
1990-1999       78              2833.00         2264.00         5097.00
1990-1999       79              2985.00         2289.00         5274.00
1990-1999       80              3071.00         2257.00         5328.00
1990-1999       81              3395.00         2399.00         5794.00
1990-1999       82              3607.00         2354.00         5961.00
1990-1999       83              3966.00         2343.00         6309.00
1990-1999       84              4106.00         2312.00         6418.00
1990-1999       85              3896.00         2011.00         5907.00
1990-1999       86              3687.00         1735.00         5422.00
1990-1999       87              3316.00         1521.00         4837.00
1990-1999       88              3079.00         1335.00         4414.00
1990-1999       89              2547.00         1051.00         3598.00
1990-1999       90              2248.00          867.00         3115.00
1990-1999       91              1825.00          643.00         2468.00
1990-1999       92              1479.00          485.00         1964.00
1990-1999       93              1086.00          358.00         1444.00
1990-1999       94               926.00          277.00         1203.00
1990-1999       95               655.00          165.00          820.00
1990-1999       96               458.00          112.00          570.00
1990-1999       97               275.00           85.00          360.00
1990-1999       98               143.00           45.00          188.00
1990-1999       99               111.00           34.00          145.00
1990-1999      100                69.00            9.00           78.00
1990-1999      101                39.00            2.00           41.00
1990-1999      102                20.00            2.00           22.00
1990-1999      103                 7.00            3.00           10.00
1990-1999      104                 5.00            0.00            5.00
1990-1999      105                 0.00            0.00            0.00
1990-1999      106                 1.00            0.00            1.00
1990-1999      107                 1.00            0.00            1.00
1990-1999      108                 0.00            0.00            0.00
1990-1999      109                 0.00            0.00            0.00
1990-1999      110+                0.00            0.00            0.00
2000-2009        0               299.00          364.00          663.00
2000-2009        1                14.00           26.00           40.00
2000-2009        2                14.00           25.00           39.00
2000-2009        3                13.00           21.00           34.00
2000-2009        4                13.00           17.00           30.00
2000-2009        5                 8.00            9.00           17.00
2000-2009        6                18.00           12.00           30.00
2000-2009        7                11.00           16.00           27.00
2000-2009        8                14.00           11.00           25.00
2000-2009        9                11.00           11.00           22.00
2000-2009       10                11.00            9.00           20.00
2000-2009       11                 7.00           14.00           21.00
2000-2009       12                 6.00           14.00           20.00
2000-2009       13                10.00           23.00           33.00
2000-2009       14                18.00           24.00           42.00
2000-2009       15                26.00           45.00           71.00
2000-2009       16                28.00           61.00           89.00
2000-2009       17                36.00           80.00          116.00
2000-2009       18                35.00          114.00          149.00
2000-2009       19                42.00          134.00          176.00
2000-2009       20                38.00          141.00          179.00
2000-2009       21                41.00          169.00          210.00
2000-2009       22                41.00          174.00          215.00
2000-2009       23                45.00          189.00          234.00
2000-2009       24                31.00          156.00          187.00
2000-2009       25                27.00          181.00          208.00
2000-2009       26                40.00          178.00          218.00
2000-2009       27                42.00          150.00          192.00
2000-2009       28                53.00          185.00          238.00
2000-2009       29                38.00          159.00          197.00
2000-2009       30                45.00          190.00          235.00
2000-2009       31                54.00          156.00          210.00
2000-2009       32                60.00          163.00          223.00
2000-2009       33                66.00          190.00          256.00
2000-2009       34                67.00          193.00          260.00
2000-2009       35                81.00          218.00          299.00
2000-2009       36                86.00          245.00          331.00
2000-2009       37               100.00          242.00          342.00
2000-2009       38               115.00          281.00          396.00
2000-2009       39               111.00          314.00          425.00
2000-2009       40               120.00          360.00          480.00
2000-2009       41               154.00          415.00          569.00
2000-2009       42               177.00          430.00          607.00
2000-2009       43               207.00          492.00          699.00
2000-2009       44               201.00          554.00          755.00
2000-2009       45               242.00          611.00          853.00
2000-2009       46               285.00          704.00          989.00
2000-2009       47               293.00          799.00         1092.00
2000-2009       48               390.00          847.00         1237.00
2000-2009       49               360.00          913.00         1273.00
2000-2009       50               457.00         1015.00         1472.00
2000-2009       51               480.00         1091.00         1571.00
2000-2009       52               447.00         1124.00         1571.00
2000-2009       53               506.00         1249.00         1755.00
2000-2009       54               569.00         1251.00         1820.00
2000-2009       55               517.00         1318.00         1835.00
2000-2009       56               576.00         1317.00         1893.00
2000-2009       57               582.00         1420.00         2002.00
2000-2009       58               634.00         1459.00         2093.00
2000-2009       59               589.00         1562.00         2151.00
2000-2009       60               624.00         1579.00         2203.00
2000-2009       61               687.00         1575.00         2262.00
2000-2009       62               744.00         1772.00         2516.00
2000-2009       63               834.00         1794.00         2628.00
2000-2009       64               868.00         1971.00         2839.00
2000-2009       65               946.00         1995.00         2941.00
2000-2009       66              1051.00         2164.00         3215.00
2000-2009       67              1116.00         2294.00         3410.00
2000-2009       68              1286.00         2437.00         3723.00
2000-2009       69              1464.00         2592.00         4056.00
2000-2009       70              1533.00         2702.00         4235.00
2000-2009       71              1856.00         2882.00         4738.00
2000-2009       72              1983.00         2885.00         4868.00
2000-2009       73              2128.00         2995.00         5123.00
2000-2009       74              2368.00         2925.00         5293.00
2000-2009       75              2615.00         2990.00         5605.00
2000-2009       76              2828.00         3083.00         5911.00
2000-2009       77              3004.00         2901.00         5905.00
2000-2009       78              3222.00         2808.00         6030.00
2000-2009       79              3513.00         2662.00         6175.00
2000-2009       80              3680.00         2633.00         6313.00
2000-2009       81              3714.00         2381.00         6095.00
2000-2009       82              3702.00         2148.00         5850.00
2000-2009       83              3585.00         1987.00         5572.00
2000-2009       84              3405.00         1823.00         5228.00
2000-2009       85              3381.00         1616.00         4997.00
2000-2009       86              3166.00         1482.00         4648.00
2000-2009       87              3106.00         1320.00         4426.00
2000-2009       88              2951.00         1298.00         4249.00
2000-2009       89              2712.00         1129.00         3841.00
2000-2009       90              2504.00          958.00         3462.00
2000-2009       91              2162.00          836.00         2998.00
2000-2009       92              2015.00          710.00         2725.00
2000-2009       93              1788.00          592.00         2380.00
2000-2009       94              1458.00          431.00         1889.00
2000-2009       95              1210.00          313.00         1523.00
2000-2009       96               880.00          208.00         1088.00
2000-2009       97               592.00          155.00          747.00
2000-2009       98               396.00           91.00          487.00
2000-2009       99               286.00           55.00          341.00
2000-2009      100               149.00           39.00          188.00
2000-2009      101               101.00           17.00          118.00
2000-2009      102                53.00           11.00           64.00
2000-2009      103                36.00            8.00           44.00
2000-2009      104                15.00            0.00           15.00
2000-2009      105                 6.00            0.00            6.00
2000-2009      106                 7.00            0.00            7.00
2000-2009      107                 3.00            0.00            3.00
2000-2009      108                 1.00            1.00            2.00
2000-2009      109                 0.00            0.00            0.00
2000-2009      110+                0.00            0.00            0.00
2010-2014        0               123.00          134.00          257.00
2010-2014        1                10.00           12.00           22.00
2010-2014        2                10.00            6.00           16.00
2010-2014        3                 7.00           11.00           18.00
2010-2014        4                 9.00            3.00           12.00
2010-2014        5                 3.00            7.00           10.00
2010-2014        6                 4.00            8.00           12.00
2010-2014        7                 4.00            4.00            8.00
2010-2014        8                 3.00            3.00            6.00
2010-2014        9                 2.00            1.00            3.00
2010-2014       10                 4.00            5.00            9.00
2010-2014       11                 3.00            8.00           11.00
2010-2014       12                 3.00            4.00            7.00
2010-2014       13                 3.00            0.00            3.00
2010-2014       14                 8.00            5.00           13.00
2010-2014       15                 3.00           10.00           13.00
2010-2014       16                 4.00           12.00           16.00
2010-2014       17                 6.00           18.00           24.00
2010-2014       18                 4.00           26.00           30.00
2010-2014       19                17.00           25.00           42.00
2010-2014       20                 6.00           31.00           37.00
2010-2014       21                17.00           31.00           48.00
2010-2014       22                15.00           49.00           64.00
2010-2014       23                13.00           48.00           61.00
2010-2014       24                14.00           54.00           68.00
2010-2014       25                 8.00           39.00           47.00
2010-2014       26                10.00           38.00           48.00
2010-2014       27                14.00           41.00           55.00
2010-2014       28                 7.00           54.00           61.00
2010-2014       29                16.00           64.00           80.00
2010-2014       30                19.00           58.00           77.00
2010-2014       31                18.00           79.00           97.00
2010-2014       32                26.00           63.00           89.00
2010-2014       33                24.00           69.00           93.00
2010-2014       34                27.00           71.00           98.00
2010-2014       35                36.00           77.00          113.00
2010-2014       36                40.00           88.00          128.00
2010-2014       37                41.00           85.00          126.00
2010-2014       38                30.00           88.00          118.00
2010-2014       39                38.00          108.00          146.00
2010-2014       40                39.00          114.00          153.00
2010-2014       41                58.00          110.00          168.00
2010-2014       42                59.00          126.00          185.00
2010-2014       43                66.00          159.00          225.00
2010-2014       44                85.00          185.00          270.00
2010-2014       45               106.00          193.00          299.00
2010-2014       46                88.00          236.00          324.00
2010-2014       47               108.00          208.00          316.00
2010-2014       48               124.00          280.00          404.00
2010-2014       49               147.00          283.00          430.00
2010-2014       50               145.00          337.00          482.00
2010-2014       51               161.00          376.00          537.00
2010-2014       52               185.00          446.00          631.00
2010-2014       53               203.00          467.00          670.00
2010-2014       54               196.00          485.00          681.00
2010-2014       55               237.00          590.00          827.00
2010-2014       56               280.00          597.00          877.00
2010-2014       57               336.00          741.00         1077.00
2010-2014       58               323.00          772.00         1095.00
2010-2014       59               342.00          834.00         1176.00
2010-2014       60               342.00          900.00         1242.00
2010-2014       61               417.00          891.00         1308.00
2010-2014       62               398.00          867.00         1265.00
2010-2014       63               384.00          875.00         1259.00
2010-2014       64               404.00          897.00         1301.00
2010-2014       65               392.00          821.00         1213.00
2010-2014       66               404.00          878.00         1282.00
2010-2014       67               431.00          896.00         1327.00
2010-2014       68               496.00          889.00         1385.00
2010-2014       69               547.00         1009.00         1556.00
2010-2014       70               613.00         1100.00         1713.00
2010-2014       71               635.00         1223.00         1858.00
2010-2014       72               687.00         1155.00         1842.00
2010-2014       73               771.00         1301.00         2072.00
2010-2014       74               870.00         1307.00         2177.00
2010-2014       75               924.00         1365.00         2289.00
2010-2014       76              1144.00         1436.00         2580.00
2010-2014       77              1217.00         1378.00         2595.00
2010-2014       78              1410.00         1500.00         2910.00
2010-2014       79              1605.00         1561.00         3166.00
2010-2014       80              1727.00         1622.00         3349.00
2010-2014       81              1899.00         1658.00         3557.00
2010-2014       82              2016.00         1542.00         3558.00
2010-2014       83              2078.00         1592.00         3670.00
2010-2014       84              2267.00         1343.00         3610.00
2010-2014       85              2292.00         1251.00         3543.00
2010-2014       86              2346.00         1158.00         3504.00
2010-2014       87              2403.00         1057.00         3460.00
2010-2014       88              2327.00          874.00         3201.00
2010-2014       89              2172.00          741.00         2913.00
2010-2014       90              1870.00          661.00         2531.00
2010-2014       91              1593.00          548.00         2141.00
2010-2014       92              1289.00          388.00         1677.00
2010-2014       93               873.00          238.00         1111.00
2010-2014       94               613.00          184.00          797.00
2010-2014       95               484.00          133.00          617.00
2010-2014       96               444.00          104.00          548.00
2010-2014       97               380.00           86.00          466.00
2010-2014       98               342.00           69.00          411.00
2010-2014       99               229.00           60.00          289.00
2010-2014      100               156.23           27.70          183.93
2010-2014      101               101.18           17.40          118.58
2010-2014      102                63.46           10.89           74.35
2010-2014      103                39.27            6.79           46.06
2010-2014      104                23.95            3.85           27.80
2010-2014      105                13.85            1.10           14.95
2010-2014      106                 7.77            0.29            8.06
2010-2014      107                 4.10            0.00            4.10
2010-2014      108                 1.19            0.00            1.19
2010-2014      109                 0.00            0.00            0.00
2010-2014      110+                0.00            0.00            0.00
