Australia, Life tables (period 1x10), Females	Last modified: 26 Sep 2017;  Methods Protocol: v6 (2017)

  Year          Age         mx       qx    ax      lx      dx      Lx       Tx     ex
1921-1929        0      0.05089  0.04901  0.24  100000    4901   96296  6466472  64.66
1921-1929        1      0.00966  0.00962  0.50   95099     915   94642  6370176  66.98
1921-1929        2      0.00413  0.00412  0.50   94185     388   93991  6275534  66.63
1921-1929        3      0.00289  0.00289  0.50   93796     271   93661  6181544  65.90
1921-1929        4      0.00219  0.00219  0.50   93525     205   93423  6087883  65.09
1921-1929        5      0.00177  0.00177  0.50   93320     165   93238  5994460  64.24
1921-1929        6      0.00167  0.00167  0.50   93155     155   93078  5901222  63.35
1921-1929        7      0.00149  0.00149  0.50   93000     138   92931  5808144  62.45
1921-1929        8      0.00119  0.00119  0.50   92862     111   92807  5715213  61.55
1921-1929        9      0.00113  0.00113  0.50   92751     104   92699  5622407  60.62
1921-1929       10      0.00104  0.00104  0.50   92647      97   92599  5529707  59.69
1921-1929       11      0.00107  0.00107  0.50   92550      99   92501  5437109  58.75
1921-1929       12      0.00104  0.00104  0.50   92451      96   92403  5344608  57.81
1921-1929       13      0.00110  0.00110  0.50   92355     102   92305  5252205  56.87
1921-1929       14      0.00127  0.00127  0.50   92254     117   92195  5159900  55.93
1921-1929       15      0.00129  0.00129  0.50   92137     119   92077  5067705  55.00
1921-1929       16      0.00145  0.00145  0.50   92017     134   91951  4975628  54.07
1921-1929       17      0.00163  0.00163  0.50   91884     150   91809  4883677  53.15
1921-1929       18      0.00198  0.00197  0.50   91734     181   91643  4791869  52.24
1921-1929       19      0.00234  0.00233  0.50   91553     214   91446  4700225  51.34
1921-1929       20      0.00244  0.00244  0.50   91339     222   91228  4608779  50.46
1921-1929       21      0.00262  0.00262  0.50   91117     239   90997  4517551  49.58
1921-1929       22      0.00275  0.00275  0.50   90878     250   90753  4426554  48.71
1921-1929       23      0.00303  0.00302  0.50   90628     274   90491  4335801  47.84
1921-1929       24      0.00318  0.00318  0.50   90354     287   90211  4245310  46.99
1921-1929       25      0.00322  0.00321  0.50   90067     289   89922  4155099  46.13
1921-1929       26      0.00328  0.00328  0.50   89778     294   89631  4065177  45.28
1921-1929       27      0.00329  0.00328  0.50   89483     294   89337  3975546  44.43
1921-1929       28      0.00352  0.00352  0.50   89190     314   89033  3886209  43.57
1921-1929       29      0.00352  0.00352  0.50   88876     312   88720  3797177  42.72
1921-1929       30      0.00375  0.00374  0.50   88564     331   88398  3708457  41.87
1921-1929       31      0.00319  0.00319  0.50   88232     281   88091  3620059  41.03
1921-1929       32      0.00390  0.00389  0.50   87951     342   87780  3531967  40.16
1921-1929       33      0.00385  0.00384  0.50   87609     336   87440  3444188  39.31
1921-1929       34      0.00408  0.00407  0.50   87272     355   87094  3356747  38.46
1921-1929       35      0.00429  0.00428  0.50   86917     372   86731  3269653  37.62
1921-1929       36      0.00449  0.00448  0.50   86545     388   86351  3182922  36.78
1921-1929       37      0.00442  0.00441  0.50   86157     380   85967  3096571  35.94
1921-1929       38      0.00500  0.00499  0.50   85777     428   85563  3010605  35.10
1921-1929       39      0.00501  0.00500  0.50   85349     426   85136  2925042  34.27
1921-1929       40      0.00508  0.00507  0.50   84923     431   84707  2839906  33.44
1921-1929       41      0.00436  0.00435  0.50   84492     367   84308  2755199  32.61
1921-1929       42      0.00564  0.00562  0.50   84124     473   83888  2670891  31.75
1921-1929       43      0.00537  0.00536  0.50   83651     448   83427  2587003  30.93
1921-1929       44      0.00552  0.00550  0.50   83204     458   82975  2503575  30.09
1921-1929       45      0.00634  0.00632  0.50   82746     523   82484  2420601  29.25
1921-1929       46      0.00600  0.00598  0.50   82223     492   81977  2338116  28.44
1921-1929       47      0.00655  0.00653  0.50   81731     533   81464  2256139  27.60
1921-1929       48      0.00733  0.00731  0.50   81198     593   80901  2174675  26.78
1921-1929       49      0.00763  0.00760  0.50   80604     613   80298  2093774  25.98
1921-1929       50      0.00840  0.00836  0.50   79992     669   79657  2013475  25.17
1921-1929       51      0.00724  0.00721  0.50   79323     572   79037  1933818  24.38
1921-1929       52      0.00997  0.00992  0.50   78751     781   78360  1854781  23.55
1921-1929       53      0.00957  0.00952  0.50   77969     742   77598  1776421  22.78
1921-1929       54      0.01052  0.01046  0.50   77227     808   76823  1698823  22.00
1921-1929       55      0.01026  0.01020  0.50   76419     780   76029  1622000  21.23
1921-1929       56      0.01236  0.01228  0.50   75639     929   75175  1545971  20.44
1921-1929       57      0.01182  0.01176  0.50   74711     878   74271  1470796  19.69
1921-1929       58      0.01451  0.01441  0.50   73832    1064   73300  1396524  18.91
1921-1929       59      0.01469  0.01459  0.50   72769    1061   72238  1323224  18.18
1921-1929       60      0.01694  0.01679  0.50   71707    1204   71105  1250986  17.45
1921-1929       61      0.01501  0.01490  0.50   70503    1051   69978  1179881  16.74
1921-1929       62      0.01931  0.01913  0.50   69452    1329   68788  1109903  15.98
1921-1929       63      0.02241  0.02216  0.50   68124    1510   67369  1041115  15.28
1921-1929       64      0.02349  0.02322  0.50   66614    1546   65841   973747  14.62
1921-1929       65      0.02836  0.02797  0.50   65067    1820   64158   907906  13.95
1921-1929       66      0.02609  0.02576  0.50   63248    1629   62433   843748  13.34
1921-1929       67      0.02980  0.02936  0.50   61619    1809   60714   781315  12.68
1921-1929       68      0.03471  0.03412  0.50   59810    2041   58789   720601  12.05
1921-1929       69      0.03505  0.03444  0.50   57769    1990   56774   661812  11.46
1921-1929       70      0.04213  0.04126  0.50   55779    2301   54629   605037  10.85
1921-1929       71      0.03768  0.03698  0.50   53478    1978   52489   550409  10.29
1921-1929       72      0.05084  0.04958  0.50   51500    2553   50224   497920   9.67
1921-1929       73      0.05703  0.05545  0.50   48947    2714   47590   447696   9.15
1921-1929       74      0.06241  0.06052  0.50   46233    2798   44834   400106   8.65
1921-1929       75      0.07129  0.06883  0.50   43435    2990   41940   355273   8.18
1921-1929       76      0.07888  0.07588  0.50   40445    3069   38910   313333   7.75
1921-1929       77      0.07666  0.07383  0.50   37376    2759   35996   274423   7.34
1921-1929       78      0.09893  0.09427  0.50   34616    3263   32985   238426   6.89
1921-1929       79      0.09671  0.09225  0.50   31353    2892   29907   205442   6.55
1921-1929       80      0.11253  0.10653  0.50   28461    3032   26945   175535   6.17
1921-1929       81      0.09795  0.09337  0.50   25429    2374   24242   148590   5.84
1921-1929       82      0.12580  0.11835  0.50   23054    2729   21690   124349   5.39
1921-1929       83      0.13910  0.13006  0.50   20326    2644   19004   102658   5.05
1921-1929       84      0.16281  0.15055  0.50   17682    2662   16351    83654   4.73
1921-1929       85      0.17395  0.16003  0.50   15020    2404   13818    67303   4.48
1921-1929       86      0.19769  0.17990  0.50   12616    2270   11482    53485   4.24
1921-1929       87      0.21058  0.19052  0.50   10347    1971    9361    42003   4.06
1921-1929       88      0.22471  0.20202  0.50    8376    1692    7530    32642   3.90
1921-1929       89      0.21296  0.19247  0.50    6684    1286    6040    25113   3.76
1921-1929       90      0.25581  0.22680  0.50    5397    1224    4785    19072   3.53
1921-1929       91      0.22742  0.20420  0.50    4173     852    3747    14287   3.42
1921-1929       92      0.25045  0.22258  0.50    3321     739    2951    10540   3.17
1921-1929       93      0.29161  0.25451  0.50    2582     657    2253     7589   2.94
1921-1929       94      0.28772  0.25153  0.50    1925     484    1683     5336   2.77
1921-1929       95      0.35168  0.29908  0.50    1441     431    1225     3653   2.54
1921-1929       96      0.37496  0.31576  0.50    1010     319     850     2428   2.40
1921-1929       97      0.39884  0.33253  0.50     691     230     576     1577   2.28
1921-1929       98      0.42321  0.34929  0.50     461     161     381     1001   2.17
1921-1929       99      0.44796  0.36598  0.50     300     110     245      621   2.07
1921-1929      100      0.47296  0.38251  0.50     190      73     154      376   1.97
1921-1929      101      0.49811  0.39879  0.50     117      47      94      222   1.89
1921-1929      102      0.52326  0.41475  0.50      71      29      56      128   1.81
1921-1929      103      0.54830  0.43033  0.50      41      18      32       72   1.74
1921-1929      104      0.57310  0.44545  0.50      24      10      18       39   1.67
1921-1929      105      0.59753  0.46008  0.50      13       6      10       21   1.61
1921-1929      106      0.62149  0.47415  0.50       7       3       5       11   1.55
1921-1929      107      0.64487  0.48764  0.50       4       2       3        6   1.51
1921-1929      108      0.66758  0.50051  0.50       2       1       1        3   1.46
1921-1929      109      0.68953  0.51275  0.50       1       0       1        1   1.43
1921-1929      110+     0.71067  1.00000  1.41       0       0       1        1   1.41
1930-1939        0      0.03710  0.03602  0.19  100000    3602   97085  6742090  67.42
1930-1939        1      0.00657  0.00655  0.50   96398     631   96083  6645005  68.93
1930-1939        2      0.00330  0.00329  0.50   95767     315   95610  6548922  68.38
1930-1939        3      0.00225  0.00225  0.50   95452     215   95345  6453312  67.61
1930-1939        4      0.00193  0.00193  0.50   95237     184   95145  6357968  66.76
1930-1939        5      0.00150  0.00150  0.50   95054     142   94982  6262822  65.89
1930-1939        6      0.00137  0.00137  0.50   94911     130   94846  6167840  64.99
1930-1939        7      0.00110  0.00110  0.50   94781     104   94729  6072994  64.07
1930-1939        8      0.00100  0.00100  0.50   94677      94   94630  5978264  63.14
1930-1939        9      0.00084  0.00084  0.50   94583      80   94543  5883634  62.21
1930-1939       10      0.00082  0.00082  0.50   94503      77   94465  5789091  61.26
1930-1939       11      0.00083  0.00083  0.50   94426      78   94387  5694627  60.31
1930-1939       12      0.00085  0.00085  0.50   94348      80   94308  5600240  59.36
1930-1939       13      0.00090  0.00090  0.50   94268      84   94226  5505932  58.41
1930-1939       14      0.00087  0.00087  0.50   94184      82   94143  5411706  57.46
1930-1939       15      0.00096  0.00096  0.50   94102      90   94057  5317563  56.51
1930-1939       16      0.00116  0.00116  0.50   94011     109   93957  5223507  55.56
1930-1939       17      0.00128  0.00128  0.50   93903     120   93843  5129550  54.63
1930-1939       18      0.00155  0.00155  0.50   93783     145   93710  5035707  53.70
1930-1939       19      0.00174  0.00174  0.50   93638     163   93556  4941997  52.78
1930-1939       20      0.00176  0.00176  0.50   93475     165   93392  4848441  51.87
1930-1939       21      0.00195  0.00195  0.50   93310     182   93219  4755048  50.96
1930-1939       22      0.00204  0.00204  0.50   93128     190   93033  4661830  50.06
1930-1939       23      0.00220  0.00220  0.50   92938     204   92836  4568797  49.16
1930-1939       24      0.00237  0.00237  0.50   92734     220   92624  4475961  48.27
1930-1939       25      0.00233  0.00232  0.50   92514     215   92407  4383337  47.38
1930-1939       26      0.00258  0.00257  0.50   92299     237   92181  4290930  46.49
1930-1939       27      0.00265  0.00265  0.50   92062     244   91940  4198749  45.61
1930-1939       28      0.00276  0.00276  0.50   91818     253   91692  4106809  44.73
1930-1939       29      0.00276  0.00276  0.50   91565     253   91439  4015118  43.85
1930-1939       30      0.00285  0.00285  0.50   91312     260   91182  3923679  42.97
1930-1939       31      0.00261  0.00261  0.50   91052     237   90934  3832496  42.09
1930-1939       32      0.00302  0.00301  0.50   90815     273   90678  3741563  41.20
1930-1939       33      0.00300  0.00300  0.50   90542     272   90406  3650884  40.32
1930-1939       34      0.00312  0.00312  0.50   90270     282   90129  3560479  39.44
1930-1939       35      0.00336  0.00335  0.50   89988     301   89838  3470349  38.56
1930-1939       36      0.00343  0.00342  0.50   89687     307   89534  3380512  37.69
1930-1939       37      0.00349  0.00349  0.50   89380     312   89224  3290978  36.82
1930-1939       38      0.00404  0.00404  0.50   89069     360   88889  3201754  35.95
1930-1939       39      0.00395  0.00394  0.50   88709     349   88534  3112865  35.09
1930-1939       40      0.00402  0.00402  0.50   88360     355   88182  3024331  34.23
1930-1939       41      0.00369  0.00368  0.50   88005     324   87843  2936149  33.36
1930-1939       42      0.00473  0.00472  0.50   87681     414   87474  2848306  32.48
1930-1939       43      0.00436  0.00435  0.50   87267     379   87077  2760832  31.64
1930-1939       44      0.00463  0.00462  0.50   86887     401   86687  2673755  30.77
1930-1939       45      0.00534  0.00533  0.50   86486     461   86255  2587069  29.91
1930-1939       46      0.00541  0.00539  0.50   86025     464   85793  2500813  29.07
1930-1939       47      0.00570  0.00569  0.50   85561     487   85318  2415020  28.23
1930-1939       48      0.00625  0.00623  0.50   85075     530   84810  2329702  27.38
1930-1939       49      0.00702  0.00699  0.50   84545     591   84249  2244892  26.55
1930-1939       50      0.00740  0.00737  0.50   83954     619   83644  2160643  25.74
1930-1939       51      0.00668  0.00665  0.50   83335     554   83058  2076999  24.92
1930-1939       52      0.00832  0.00828  0.50   82780     686   82437  1993941  24.09
1930-1939       53      0.00908  0.00904  0.50   82095     742   81723  1911504  23.28
1930-1939       54      0.00994  0.00990  0.50   81352     805   80950  1829780  22.49
1930-1939       55      0.00927  0.00923  0.50   80547     743   80176  1748831  21.71
1930-1939       56      0.01067  0.01062  0.50   79804     847   79380  1668655  20.91
1930-1939       57      0.01122  0.01116  0.50   78957     881   78516  1589275  20.13
1930-1939       58      0.01306  0.01298  0.50   78075    1013   77569  1510759  19.35
1930-1939       59      0.01347  0.01338  0.50   77062    1031   76547  1433190  18.60
1930-1939       60      0.01531  0.01519  0.50   76031    1155   75454  1356643  17.84
1930-1939       61      0.01411  0.01401  0.50   74876    1049   74352  1281190  17.11
1930-1939       62      0.01865  0.01848  0.50   73827    1364   73145  1206838  16.35
1930-1939       63      0.02010  0.01990  0.50   72462    1442   71741  1133694  15.65
1930-1939       64      0.02187  0.02163  0.50   71020    1536   70252  1061952  14.95
1930-1939       65      0.02587  0.02553  0.50   69484    1774   68597   991700  14.27
1930-1939       66      0.02463  0.02433  0.50   67710    1647   66886   923103  13.63
1930-1939       67      0.02855  0.02815  0.50   66063    1860   65133   856216  12.96
1930-1939       68      0.03303  0.03249  0.50   64203    2086   63160   791083  12.32
1930-1939       69      0.03524  0.03463  0.50   62117    2151   61041   727923  11.72
1930-1939       70      0.03890  0.03816  0.50   59966    2288   58822   666882  11.12
1930-1939       71      0.03787  0.03717  0.50   57678    2144   56606   608060  10.54
1930-1939       72      0.04823  0.04709  0.50   55534    2615   54226   551454   9.93
1930-1939       73      0.05353  0.05213  0.50   52919    2759   51539   497228   9.40
1930-1939       74      0.06011  0.05836  0.50   50160    2927   48696   445689   8.89
1930-1939       75      0.06823  0.06598  0.50   47232    3116   45674   396993   8.41
1930-1939       76      0.07252  0.06998  0.50   44116    3087   42572   351318   7.96
1930-1939       77      0.07619  0.07339  0.50   41029    3011   39523   308746   7.53
1930-1939       78      0.08919  0.08538  0.50   38018    3246   36395   269223   7.08
1930-1939       79      0.09780  0.09324  0.50   34772    3242   33150   232828   6.70
1930-1939       80      0.10137  0.09648  0.50   31529    3042   30008   199678   6.33
1930-1939       81      0.09726  0.09275  0.50   28488    2642   27166   169669   5.96
1930-1939       82      0.12131  0.11437  0.50   25845    2956   24367   142503   5.51
1930-1939       83      0.13413  0.12570  0.50   22889    2877   21451   118136   5.16
1930-1939       84      0.15470  0.14359  0.50   20012    2874   18575    96685   4.83
1930-1939       85      0.16390  0.15148  0.50   17139    2596   15840    78110   4.56
1930-1939       86      0.18999  0.17351  0.50   14542    2523   13281    62269   4.28
1930-1939       87      0.19497  0.17765  0.50   12019    2135   10952    48988   4.08
1930-1939       88      0.20579  0.18659  0.50    9884    1844    8962    38037   3.85
1930-1939       89      0.22905  0.20552  0.50    8040    1652    7214    29075   3.62
1930-1939       90      0.24996  0.22219  0.50    6387    1419    5678    21861   3.42
1930-1939       91      0.23667  0.21163  0.50    4968    1051    4442    16183   3.26
1930-1939       92      0.28175  0.24696  0.50    3917     967    3433    11741   3.00
1930-1939       93      0.29864  0.25984  0.50    2950     766    2566     8308   2.82
1930-1939       94      0.31937  0.27539  0.50    2183     601    1882     5742   2.63
1930-1939       95      0.36497  0.30864  0.50    1582     488    1338     3859   2.44
1930-1939       96      0.39090  0.32699  0.50    1094     358     915     2521   2.31
1930-1939       97      0.41748  0.34538  0.50     736     254     609     1606   2.18
1930-1939       98      0.44454  0.36370  0.50     482     175     394      998   2.07
1930-1939       99      0.47193  0.38183  0.50     307     117     248      603   1.97
1930-1939      100      0.49949  0.39967  0.50     190      76     152      355   1.87
1930-1939      101      0.52705  0.41713  0.50     114      47      90      204   1.79
1930-1939      102      0.55446  0.43411  0.50      66      29      52      114   1.71
1930-1939      103      0.58153  0.45053  0.50      38      17      29       62   1.64
1930-1939      104      0.60812  0.46633  0.50      21      10      16       33   1.58
1930-1939      105      0.63409  0.48145  0.50      11       5       8       17   1.52
1930-1939      106      0.65930  0.49584  0.50       6       3       4        8   1.47
1930-1939      107      0.68363  0.50948  0.50       3       1       2        4   1.42
1930-1939      108      0.70701  0.52235  0.50       1       1       1        2   1.39
1930-1939      109      0.72934  0.53444  0.50       1       0       0        1   1.35
1930-1939      110+     0.75057  1.00000  1.33       0       0       0        0   1.33
1940-1949        0      0.02933  0.02863  0.16  100000    2863   97597  6977264  69.77
1940-1949        1      0.00388  0.00387  0.50   97137     376   96949  6879667  70.82
1940-1949        2      0.00192  0.00192  0.50   96761     186   96668  6782718  70.10
1940-1949        3      0.00147  0.00147  0.50   96575     142   96505  6686050  69.23
1940-1949        4      0.00121  0.00121  0.50   96434     117   96375  6589545  68.33
1940-1949        5      0.00104  0.00104  0.50   96317     100   96267  6493170  67.41
1940-1949        6      0.00090  0.00090  0.50   96217      87   96173  6396903  66.48
1940-1949        7      0.00085  0.00085  0.50   96130      82   96089  6300730  65.54
1940-1949        8      0.00065  0.00065  0.50   96048      62   96017  6204641  64.60
1940-1949        9      0.00069  0.00069  0.50   95986      66   95953  6108624  63.64
1940-1949       10      0.00061  0.00061  0.50   95920      59   95891  6012671  62.68
1940-1949       11      0.00064  0.00064  0.50   95861      62   95830  5916781  61.72
1940-1949       12      0.00065  0.00065  0.50   95799      62   95769  5820950  60.76
1940-1949       13      0.00067  0.00067  0.50   95738      64   95706  5725182  59.80
1940-1949       14      0.00065  0.00065  0.50   95674      62   95643  5629476  58.84
1940-1949       15      0.00071  0.00071  0.50   95612      68   95577  5533834  57.88
1940-1949       16      0.00080  0.00080  0.50   95543      76   95505  5438256  56.92
1940-1949       17      0.00080  0.00080  0.50   95467      76   95429  5342751  55.96
1940-1949       18      0.00094  0.00094  0.50   95390      90   95346  5247322  55.01
1940-1949       19      0.00106  0.00106  0.50   95301     101   95250  5151977  54.06
1940-1949       20      0.00116  0.00116  0.50   95200     110   95145  5056727  53.12
1940-1949       21      0.00118  0.00118  0.50   95089     113   95033  4961582  52.18
1940-1949       22      0.00130  0.00130  0.50   94977     123   94915  4866549  51.24
1940-1949       23      0.00144  0.00144  0.50   94854     137   94785  4771634  50.31
1940-1949       24      0.00143  0.00143  0.50   94717     135   94649  4676849  49.38
1940-1949       25      0.00155  0.00155  0.50   94582     146   94509  4582199  48.45
1940-1949       26      0.00161  0.00161  0.50   94435     152   94359  4487691  47.52
1940-1949       27      0.00169  0.00169  0.50   94283     159   94203  4393332  46.60
1940-1949       28      0.00175  0.00175  0.50   94124     165   94041  4299128  45.68
1940-1949       29      0.00190  0.00190  0.50   93959     178   93870  4205087  44.75
1940-1949       30      0.00193  0.00193  0.50   93781     181   93690  4111217  43.84
1940-1949       31      0.00181  0.00181  0.50   93600     169   93515  4017527  42.92
1940-1949       32      0.00211  0.00211  0.50   93431     197   93332  3924011  42.00
1940-1949       33      0.00199  0.00199  0.50   93233     185   93141  3830679  41.09
1940-1949       34      0.00222  0.00221  0.50   93048     206   92945  3737539  40.17
1940-1949       35      0.00234  0.00234  0.50   92842     217   92734  3644594  39.26
1940-1949       36      0.00257  0.00256  0.50   92625     238   92506  3551860  38.35
1940-1949       37      0.00255  0.00255  0.50   92388     235   92270  3459354  37.44
1940-1949       38      0.00285  0.00285  0.50   92152     262   92021  3367084  36.54
1940-1949       39      0.00282  0.00281  0.50   91890     259   91760  3275063  35.64
1940-1949       40      0.00311  0.00310  0.50   91631     284   91489  3183302  34.74
1940-1949       41      0.00306  0.00305  0.50   91347     279   91207  3091813  33.85
1940-1949       42      0.00371  0.00370  0.50   91068     337   90899  3000606  32.95
1940-1949       43      0.00376  0.00375  0.50   90731     341   90561  2909707  32.07
1940-1949       44      0.00396  0.00395  0.50   90390     357   90212  2819146  31.19
1940-1949       45      0.00435  0.00434  0.50   90033     391   89837  2728935  30.31
1940-1949       46      0.00459  0.00458  0.50   89642     410   89437  2639097  29.44
1940-1949       47      0.00512  0.00510  0.50   89231     455   89004  2549661  28.57
1940-1949       48      0.00567  0.00565  0.50   88776     502   88525  2460657  27.72
1940-1949       49      0.00626  0.00624  0.50   88274     551   87999  2372132  26.87
1940-1949       50      0.00638  0.00636  0.50   87723     558   87444  2284133  26.04
1940-1949       51      0.00663  0.00661  0.50   87165     576   86877  2196689  25.20
1940-1949       52      0.00781  0.00778  0.50   86589     673   86252  2109812  24.37
1940-1949       53      0.00855  0.00851  0.50   85915     731   85550  2023560  23.55
1940-1949       54      0.00908  0.00903  0.50   85184     770   84800  1938010  22.75
1940-1949       55      0.00867  0.00863  0.50   84415     729   84050  1853210  21.95
1940-1949       56      0.01031  0.01026  0.50   83686     859   83257  1769160  21.14
1940-1949       57      0.01039  0.01034  0.50   82827     856   82399  1685903  20.35
1940-1949       58      0.01219  0.01212  0.50   81971     993   81474  1603504  19.56
1940-1949       59      0.01285  0.01277  0.50   80978    1034   80461  1522030  18.80
1940-1949       60      0.01443  0.01432  0.50   79944    1145   79371  1441569  18.03
1940-1949       61      0.01392  0.01382  0.50   78799    1089   78254  1362198  17.29
1940-1949       62      0.01732  0.01717  0.50   77710    1334   77043  1283944  16.52
1940-1949       63      0.01932  0.01914  0.50   76376    1462   75645  1206901  15.80
1940-1949       64      0.02090  0.02068  0.50   74914    1549   74139  1131257  15.10
1940-1949       65      0.02390  0.02361  0.50   73364    1732   72498  1057118  14.41
1940-1949       66      0.02353  0.02326  0.50   71632    1666   70799   984619  13.75
1940-1949       67      0.02677  0.02642  0.50   69966    1848   69042   913820  13.06
1940-1949       68      0.03131  0.03083  0.50   68118    2100   67068   844778  12.40
1940-1949       69      0.03390  0.03333  0.50   66018    2200   64917   777711  11.78
1940-1949       70      0.03949  0.03873  0.50   63817    2471   62581   712793  11.17
1940-1949       71      0.03698  0.03631  0.50   61346    2227   60232   650212  10.60
1940-1949       72      0.04661  0.04555  0.50   59118    2693   57772   589980   9.98
1940-1949       73      0.05370  0.05229  0.50   56425    2951   54950   532208   9.43
1940-1949       74      0.05885  0.05717  0.50   53475    3057   51946   477258   8.92
1940-1949       75      0.06458  0.06256  0.50   50417    3154   48840   425312   8.44
1940-1949       76      0.07310  0.07052  0.50   47263    3333   45597   376472   7.97
1940-1949       77      0.07432  0.07165  0.50   43930    3148   42356   330875   7.53
1940-1949       78      0.08794  0.08424  0.50   40783    3436   39065   288518   7.07
1940-1949       79      0.09508  0.09076  0.50   37347    3390   35652   249454   6.68
1940-1949       80      0.10099  0.09614  0.50   33957    3265   32325   213801   6.30
1940-1949       81      0.09828  0.09368  0.50   30693    2875   29255   181476   5.91
1940-1949       82      0.12191  0.11491  0.50   27818    3196   26219   152221   5.47
1940-1949       83      0.13528  0.12671  0.50   24621    3120   23061   126002   5.12
1940-1949       84      0.15592  0.14464  0.50   21501    3110   19946   102941   4.79
1940-1949       85      0.16591  0.15320  0.50   18391    2818   16983    82994   4.51
1940-1949       86      0.18796  0.17181  0.50   15574    2676   14236    66012   4.24
1940-1949       87      0.19344  0.17638  0.50   12898    2275   11760    51776   4.01
1940-1949       88      0.21148  0.19126  0.50   10623    2032    9607    40016   3.77
1940-1949       89      0.23364  0.20920  0.50    8591    1797    7693    30408   3.54
1940-1949       90      0.25139  0.22332  0.50    6794    1517    6035    22716   3.34
1940-1949       91      0.24666  0.21958  0.50    5277    1159    4697    16681   3.16
1940-1949       92      0.28245  0.24750  0.50    4118    1019    3608    11983   2.91
1940-1949       93      0.32095  0.27657  0.50    3099     857    2670     8375   2.70
1940-1949       94      0.33836  0.28940  0.50    2242     649    1917     5704   2.54
1940-1949       95      0.37552  0.31615  0.50    1593     504    1341     3787   2.38
1940-1949       96      0.40249  0.33506  0.50    1089     365     907     2446   2.25
1940-1949       97      0.43008  0.35396  0.50     724     256     596     1539   2.12
1940-1949       98      0.45810  0.37273  0.50     468     174     381      943   2.01
1940-1949       99      0.48639  0.39124  0.50     294     115     236      562   1.91
1940-1949      100      0.51477  0.40939  0.50     179      73     142      326   1.82
1940-1949      101      0.54305  0.42708  0.50     106      45      83      184   1.74
1940-1949      102      0.57106  0.44422  0.50      60      27      47      101   1.67
1940-1949      103      0.59862  0.46072  0.50      34      15      26       54   1.60
1940-1949      104      0.62557  0.47652  0.50      18       9      14       28   1.54
1940-1949      105      0.65176  0.49157  0.50       9       5       7       14   1.48
1940-1949      106      0.67707  0.50583  0.50       5       2       4        7   1.43
1940-1949      107      0.70138  0.51927  0.50       2       1       2        3   1.39
1940-1949      108      0.72460  0.53190  0.50       1       1       1        2   1.35
1940-1949      109      0.74668  0.54369  0.50       1       0       0        1   1.32
1940-1949      110+     0.76754  1.00000  1.30       0       0       0        0   1.30
1950-1959        0      0.02042  0.02006  0.13  100000    2006   98247  7285709  72.86
1950-1959        1      0.00233  0.00232  0.50   97994     228   97880  7187462  73.35
1950-1959        2      0.00128  0.00128  0.50   97767     125   97704  7089581  72.52
1950-1959        3      0.00084  0.00084  0.50   97642      82   97601  6991877  71.61
1950-1959        4      0.00071  0.00071  0.50   97560      69   97526  6894276  70.67
1950-1959        5      0.00058  0.00058  0.50   97491      57   97463  6796751  69.72
1950-1959        6      0.00051  0.00051  0.50   97434      49   97410  6699288  68.76
1950-1959        7      0.00048  0.00048  0.50   97385      47   97362  6601878  67.79
1950-1959        8      0.00039  0.00039  0.50   97338      38   97319  6504517  66.82
1950-1959        9      0.00034  0.00034  0.50   97300      33   97283  6407197  65.85
1950-1959       10      0.00039  0.00039  0.50   97267      38   97248  6309914  64.87
1950-1959       11      0.00039  0.00039  0.50   97229      38   97210  6212666  63.90
1950-1959       12      0.00037  0.00037  0.50   97191      36   97173  6115456  62.92
1950-1959       13      0.00036  0.00036  0.50   97155      35   97137  6018283  61.95
1950-1959       14      0.00044  0.00044  0.50   97119      42   97098  5921147  60.97
1950-1959       15      0.00048  0.00048  0.50   97077      46   97054  5824048  59.99
1950-1959       16      0.00051  0.00051  0.50   97031      50   97006  5726995  59.02
1950-1959       17      0.00059  0.00059  0.50   96981      58   96952  5629989  58.05
1950-1959       18      0.00063  0.00063  0.50   96923      61   96893  5533037  57.09
1950-1959       19      0.00063  0.00063  0.50   96863      61   96832  5436144  56.12
1950-1959       20      0.00067  0.00067  0.50   96802      65   96769  5339312  55.16
1950-1959       21      0.00069  0.00069  0.50   96737      67   96704  5242543  54.19
1950-1959       22      0.00069  0.00069  0.50   96670      66   96637  5145839  53.23
1950-1959       23      0.00073  0.00072  0.50   96604      70   96569  5049202  52.27
1950-1959       24      0.00074  0.00074  0.50   96534      72   96498  4952633  51.30
1950-1959       25      0.00079  0.00079  0.50   96462      76   96424  4856135  50.34
1950-1959       26      0.00084  0.00084  0.50   96386      81   96346  4759711  49.38
1950-1959       27      0.00082  0.00082  0.50   96305      79   96266  4663366  48.42
1950-1959       28      0.00091  0.00091  0.50   96226      88   96182  4567100  47.46
1950-1959       29      0.00093  0.00093  0.50   96139      90   96094  4470918  46.50
1950-1959       30      0.00099  0.00099  0.50   96049      95   96001  4374824  45.55
1950-1959       31      0.00103  0.00103  0.50   95954      99   95905  4278823  44.59
1950-1959       32      0.00123  0.00123  0.50   95856     117   95797  4182918  43.64
1950-1959       33      0.00119  0.00119  0.50   95738     114   95681  4087121  42.69
1950-1959       34      0.00136  0.00136  0.50   95624     130   95559  3991440  41.74
1950-1959       35      0.00142  0.00142  0.50   95494     136   95426  3895881  40.80
1950-1959       36      0.00157  0.00157  0.50   95358     150   95283  3800455  39.85
1950-1959       37      0.00165  0.00165  0.50   95208     157   95130  3705171  38.92
1950-1959       38      0.00189  0.00188  0.50   95052     179   94962  3610041  37.98
1950-1959       39      0.00217  0.00217  0.50   94873     206   94770  3515079  37.05
1950-1959       40      0.00215  0.00215  0.50   94666     203   94565  3420310  36.13
1950-1959       41      0.00230  0.00229  0.50   94463     217   94355  3325745  35.21
1950-1959       42      0.00297  0.00296  0.50   94247     279   94107  3231390  34.29
1950-1959       43      0.00282  0.00282  0.50   93967     265   93835  3137283  33.39
1950-1959       44      0.00280  0.00280  0.50   93702     262   93571  3043448  32.48
1950-1959       45      0.00340  0.00339  0.50   93440     317   93282  2949877  31.57
1950-1959       46      0.00383  0.00383  0.50   93123     356   92945  2856595  30.68
1950-1959       47      0.00401  0.00400  0.50   92767     371   92581  2763651  29.79
1950-1959       48      0.00443  0.00442  0.50   92396     408   92191  2671070  28.91
1950-1959       49      0.00527  0.00526  0.50   91987     484   91745  2578878  28.04
1950-1959       50      0.00554  0.00553  0.50   91504     506   91251  2487133  27.18
1950-1959       51      0.00521  0.00520  0.50   90998     473   90761  2395882  26.33
1950-1959       52      0.00630  0.00628  0.50   90525     568   90240  2305121  25.46
1950-1959       53      0.00683  0.00680  0.50   89956     612   89650  2214880  24.62
1950-1959       54      0.00763  0.00760  0.50   89344     679   89005  2125230  23.79
1950-1959       55      0.00739  0.00737  0.50   88665     653   88338  2036226  22.97
1950-1959       56      0.00850  0.00846  0.50   88012     745   87639  1947888  22.13
1950-1959       57      0.00914  0.00910  0.50   87267     794   86870  1860248  21.32
1950-1959       58      0.01031  0.01025  0.50   86473     887   86030  1773378  20.51
1950-1959       59      0.01103  0.01097  0.50   85586     939   85117  1687349  19.72
1950-1959       60      0.01208  0.01201  0.50   84647    1017   84139  1602232  18.93
1950-1959       61      0.01199  0.01192  0.50   83631     997   83132  1518093  18.15
1950-1959       62      0.01464  0.01454  0.50   82634    1201   82033  1434960  17.37
1950-1959       63      0.01686  0.01672  0.50   81433    1361   80752  1352927  16.61
1950-1959       64      0.01798  0.01782  0.50   80072    1426   79358  1272175  15.89
1950-1959       65      0.02064  0.02043  0.50   78645    1607   77842  1192817  15.17
1950-1959       66      0.02064  0.02043  0.50   77038    1574   76251  1114975  14.47
1950-1959       67      0.02340  0.02313  0.50   75464    1746   74592  1038724  13.76
1950-1959       68      0.02691  0.02655  0.50   73719    1957   72740   964132  13.08
1950-1959       69      0.02960  0.02917  0.50   71762    2093   70715   891392  12.42
1950-1959       70      0.03334  0.03280  0.50   69668    2285   68526   820677  11.78
1950-1959       71      0.03348  0.03292  0.50   67384    2219   66274   752151  11.16
1950-1959       72      0.04126  0.04043  0.50   65165    2635   63848   685877  10.53
1950-1959       73      0.04650  0.04544  0.50   62530    2842   61110   622029   9.95
1950-1959       74      0.05181  0.05050  0.50   59689    3014   58182   560919   9.40
1950-1959       75      0.05702  0.05544  0.50   56675    3142   55104   502737   8.87
1950-1959       76      0.06442  0.06241  0.50   53533    3341   51862   447634   8.36
1950-1959       77      0.06646  0.06433  0.50   50191    3229   48577   395772   7.89
1950-1959       78      0.08045  0.07734  0.50   46963    3632   45147   347194   7.39
1950-1959       79      0.08647  0.08288  0.50   43331    3591   41535   302048   6.97
1950-1959       80      0.09265  0.08855  0.50   39739    3519   37980   260513   6.56
1950-1959       81      0.09179  0.08776  0.50   36220    3179   34631   222533   6.14
1950-1959       82      0.11166  0.10575  0.50   33042    3494   31294   187902   5.69
1950-1959       83      0.12695  0.11937  0.50   29547    3527   27784   156608   5.30
1950-1959       84      0.14698  0.13692  0.50   26020    3563   24239   128824   4.95
1950-1959       85      0.15746  0.14597  0.50   22457    3278   20818   104585   4.66
1950-1959       86      0.18100  0.16598  0.50   19179    3183   17588    83767   4.37
1950-1959       87      0.18529  0.16958  0.50   15996    2713   14640    66179   4.14
1950-1959       88      0.19950  0.18141  0.50   13283    2410   12079    51540   3.88
1950-1959       89      0.22241  0.20015  0.50   10874    2176    9785    39461   3.63
1950-1959       90      0.24580  0.21890  0.50    8697    1904    7745    29676   3.41
1950-1959       91      0.23991  0.21421  0.50    6793    1455    6066    21930   3.23
1950-1959       92      0.27683  0.24317  0.50    5338    1298    4689    15865   2.97
1950-1959       93      0.30520  0.26479  0.50    4040    1070    3505    11175   2.77
1950-1959       94      0.33280  0.28532  0.50    2970     847    2547     7670   2.58
1950-1959       95      0.36740  0.31038  0.50    2123     659    1793     5124   2.41
1950-1959       96      0.39499  0.32985  0.50    1464     483    1223     3330   2.27
1950-1959       97      0.42326  0.34933  0.50     981     343     810     2108   2.15
1950-1959       98      0.45205  0.36871  0.50     638     235     521     1298   2.03
1950-1959       99      0.48116  0.38785  0.50     403     156     325      777   1.93
1950-1959      100      0.51040  0.40663  0.50     247     100     197      452   1.83
1950-1959      101      0.53957  0.42493  0.50     146      62     115      256   1.75
1950-1959      102      0.56847  0.44265  0.50      84      37      66      141   1.67
1950-1959      103      0.59691  0.45971  0.50      47      22      36       75   1.60
1950-1959      104      0.62471  0.47602  0.50      25      12      19       39   1.54
1950-1959      105      0.65172  0.49154  0.50      13       7      10       20   1.48
1950-1959      106      0.67778  0.50623  0.50       7       3       5       10   1.43
1950-1959      107      0.70278  0.52004  0.50       3       2       2        5   1.39
1950-1959      108      0.72663  0.53299  0.50       2       1       1        2   1.35
1950-1959      109      0.74924  0.54505  0.50       1       0       1        1   1.32
1950-1959      110+     0.77058  1.00000  1.30       0       0       0        0   1.30
1960-1969        0      0.01686  0.01661  0.11  100000    1661   98529  7428738  74.29
1960-1969        1      0.00156  0.00155  0.50   98339     153   98263  7330209  74.54
1960-1969        2      0.00086  0.00086  0.50   98186      85   98144  7231946  73.66
1960-1969        3      0.00063  0.00063  0.50   98101      62   98070  7133802  72.72
1960-1969        4      0.00056  0.00056  0.50   98039      54   98012  7035732  71.76
1960-1969        5      0.00046  0.00046  0.50   97985      45   97962  6937720  70.80
1960-1969        6      0.00040  0.00040  0.50   97939      40   97919  6839758  69.84
1960-1969        7      0.00035  0.00035  0.50   97900      34   97883  6741839  68.86
1960-1969        8      0.00030  0.00030  0.50   97866      29   97851  6643956  67.89
1960-1969        9      0.00030  0.00030  0.50   97837      29   97822  6546105  66.91
1960-1969       10      0.00024  0.00024  0.50   97808      23   97796  6448283  65.93
1960-1969       11      0.00027  0.00027  0.50   97784      26   97771  6350487  64.94
1960-1969       12      0.00027  0.00027  0.50   97758      26   97745  6252715  63.96
1960-1969       13      0.00029  0.00029  0.50   97732      29   97718  6154971  62.98
1960-1969       14      0.00031  0.00031  0.50   97703      31   97688  6057253  62.00
1960-1969       15      0.00039  0.00039  0.50   97673      38   97654  5959565  61.02
1960-1969       16      0.00049  0.00049  0.50   97634      47   97611  5861912  60.04
1960-1969       17      0.00059  0.00059  0.50   97587      57   97559  5764301  59.07
1960-1969       18      0.00059  0.00059  0.50   97530      58   97501  5666742  58.10
1960-1969       19      0.00063  0.00063  0.50   97472      61   97442  5569241  57.14
1960-1969       20      0.00058  0.00058  0.50   97411      57   97383  5471800  56.17
1960-1969       21      0.00063  0.00063  0.50   97354      61   97324  5374417  55.20
1960-1969       22      0.00056  0.00056  0.50   97293      55   97266  5277093  54.24
1960-1969       23      0.00066  0.00066  0.50   97238      64   97206  5179827  53.27
1960-1969       24      0.00058  0.00058  0.50   97174      56   97146  5082621  52.30
1960-1969       25      0.00061  0.00061  0.50   97118      59   97088  4985475  51.33
1960-1969       26      0.00064  0.00064  0.50   97059      62   97028  4888386  50.37
1960-1969       27      0.00070  0.00070  0.50   96997      68   96963  4791358  49.40
1960-1969       28      0.00073  0.00072  0.50   96928      70   96893  4694396  48.43
1960-1969       29      0.00081  0.00081  0.50   96858      79   96819  4597502  47.47
1960-1969       30      0.00079  0.00079  0.50   96779      76   96741  4500684  46.50
1960-1969       31      0.00082  0.00082  0.50   96703      80   96663  4403942  45.54
1960-1969       32      0.00094  0.00094  0.50   96623      90   96578  4307279  44.58
1960-1969       33      0.00105  0.00105  0.50   96533     101   96482  4210701  43.62
1960-1969       34      0.00112  0.00111  0.50   96432     107   96378  4114219  42.66
1960-1969       35      0.00125  0.00125  0.50   96324     121   96264  4017841  41.71
1960-1969       36      0.00134  0.00134  0.50   96204     129   96139  3921577  40.76
1960-1969       37      0.00149  0.00149  0.50   96074     143   96003  3825438  39.82
1960-1969       38      0.00153  0.00153  0.50   95932     147   95858  3729435  38.88
1960-1969       39      0.00189  0.00188  0.50   95785     181   95694  3633577  37.93
1960-1969       40      0.00199  0.00198  0.50   95604     190   95509  3537882  37.01
1960-1969       41      0.00194  0.00194  0.50   95415     185   95322  3442373  36.08
1960-1969       42      0.00245  0.00245  0.50   95229     233   95113  3347051  35.15
1960-1969       43      0.00254  0.00254  0.50   94996     241   94875  3251938  34.23
1960-1969       44      0.00262  0.00262  0.50   94755     248   94631  3157063  33.32
1960-1969       45      0.00295  0.00295  0.50   94507     278   94368  3062432  32.40
1960-1969       46      0.00330  0.00329  0.50   94228     310   94073  2968064  31.50
1960-1969       47      0.00370  0.00369  0.50   93918     347   93745  2873991  30.60
1960-1969       48      0.00426  0.00425  0.50   93571     398   93373  2780246  29.71
1960-1969       49      0.00452  0.00451  0.50   93174     421   92964  2686874  28.84
1960-1969       50      0.00488  0.00487  0.50   92753     452   92528  2593910  27.97
1960-1969       51      0.00476  0.00474  0.50   92302     438   92083  2501382  27.10
1960-1969       52      0.00581  0.00579  0.50   91864     532   91598  2409299  26.23
1960-1969       53      0.00627  0.00626  0.50   91332     571   91046  2317701  25.38
1960-1969       54      0.00707  0.00704  0.50   90761     639   90441  2226655  24.53
1960-1969       55      0.00672  0.00670  0.50   90121     604   89819  2136214  23.70
1960-1969       56      0.00812  0.00808  0.50   89518     724   89156  2046394  22.86
1960-1969       57      0.00822  0.00818  0.50   88794     727   88431  1957239  22.04
1960-1969       58      0.00935  0.00931  0.50   88067     820   87657  1868808  21.22
1960-1969       59      0.01024  0.01019  0.50   87247     889   86803  1781151  20.41
1960-1969       60      0.01129  0.01122  0.50   86358     969   85874  1694348  19.62
1960-1969       61      0.01149  0.01143  0.50   85389     976   84901  1608474  18.84
1960-1969       62      0.01396  0.01386  0.50   84413    1170   83828  1523573  18.05
1960-1969       63      0.01517  0.01505  0.50   83243    1253   82617  1439745  17.30
1960-1969       64      0.01637  0.01624  0.50   81990    1332   81324  1357128  16.55
1960-1969       65      0.01858  0.01841  0.50   80659    1485   79916  1275804  15.82
1960-1969       66      0.01894  0.01877  0.50   79173    1486   78430  1195888  15.10
1960-1969       67      0.02139  0.02117  0.50   77688    1644   76865  1117457  14.38
1960-1969       68      0.02439  0.02410  0.50   76043    1832   75127  1040592  13.68
1960-1969       69      0.02696  0.02660  0.50   74211    1974   73224   965465  13.01
1960-1969       70      0.02996  0.02952  0.50   72237    2133   71171   892241  12.35
1960-1969       71      0.03016  0.02972  0.50   70104    2083   69063   821071  11.71
1960-1969       72      0.03755  0.03686  0.50   68021    2507   66768   752008  11.06
1960-1969       73      0.04307  0.04216  0.50   65514    2762   64133   685240  10.46
1960-1969       74      0.04774  0.04662  0.50   62752    2926   61289   621107   9.90
1960-1969       75      0.05254  0.05119  0.50   59827    3063   58295   559817   9.36
1960-1969       76      0.05816  0.05652  0.50   56764    3208   55160   501522   8.84
1960-1969       77      0.06047  0.05870  0.50   53556    3143   51984   446362   8.33
1960-1969       78      0.07204  0.06953  0.50   50412    3505   48659   394378   7.82
1960-1969       79      0.08004  0.07696  0.50   46907    3610   45102   345719   7.37
1960-1969       80      0.08479  0.08134  0.50   43297    3522   41536   300617   6.94
1960-1969       81      0.08632  0.08275  0.50   39775    3291   38129   259081   6.51
1960-1969       82      0.10253  0.09753  0.50   36484    3558   34704   220952   6.06
1960-1969       83      0.11706  0.11059  0.50   32925    3641   31105   186248   5.66
1960-1969       84      0.13375  0.12537  0.50   29284    3671   27448   155143   5.30
1960-1969       85      0.14148  0.13213  0.50   25613    3384   23921   127695   4.99
1960-1969       86      0.15885  0.14716  0.50   22228    3271   20593   103774   4.67
1960-1969       87      0.17124  0.15773  0.50   18957    2990   17462    83181   4.39
1960-1969       88      0.18302  0.16767  0.50   15967    2677   14628    65719   4.12
1960-1969       89      0.20123  0.18284  0.50   13290    2430   12075    51091   3.84
1960-1969       90      0.22463  0.20195  0.50   10860    2193    9763    39016   3.59
1960-1969       91      0.22905  0.20552  0.50    8667    1781    7776    29252   3.38
1960-1969       92      0.26424  0.23341  0.50    6886    1607    6082    21476   3.12
1960-1969       93      0.28998  0.25326  0.50    5279    1337    4610    15394   2.92
1960-1969       94      0.31724  0.27381  0.50    3942    1079    3402    10784   2.74
1960-1969       95      0.33919  0.29000  0.50    2862     830    2447     7382   2.58
1960-1969       96      0.36542  0.30897  0.50    2032     628    1718     4934   2.43
1960-1969       97      0.39248  0.32809  0.50    1404     461    1174     3216   2.29
1960-1969       98      0.42021  0.34725  0.50     944     328     780     2042   2.16
1960-1969       99      0.44846  0.36632  0.50     616     226     503     1262   2.05
1960-1969      100      0.47704  0.38517  0.50     390     150     315      759   1.95
1960-1969      101      0.50578  0.40369  0.50     240      97     192      444   1.85
1960-1969      102      0.53448  0.42176  0.50     143      60     113      253   1.76
1960-1969      103      0.56295  0.43930  0.50      83      36      65      140   1.69
1960-1969      104      0.59101  0.45620  0.50      46      21      36       75   1.62
1960-1969      105      0.61849  0.47240  0.50      25      12      19       39   1.55
1960-1969      106      0.64523  0.48785  0.50      13       6      10       20   1.50
1960-1969      107      0.67110  0.50249  0.50       7       3       5       10   1.45
1960-1969      108      0.69597  0.51630  0.50       3       2       3        5   1.40
1960-1969      109      0.71974  0.52927  0.50       2       1       1        2   1.37
1960-1969      110+     0.74234  1.00000  1.35       1       1       1        1   1.35
1970-1979        0      0.01304  0.01290  0.12  100000    1290   98868  7608911  76.09
1970-1979        1      0.00109  0.00109  0.50   98710     108   98656  7510043  76.08
1970-1979        2      0.00067  0.00067  0.50   98602      66   98570  7411387  75.16
1970-1979        3      0.00048  0.00048  0.50   98537      48   98513  7312818  74.21
1970-1979        4      0.00041  0.00041  0.50   98489      40   98469  7214305  73.25
1970-1979        5      0.00033  0.00033  0.50   98449      33   98432  7115836  72.28
1970-1979        6      0.00033  0.00033  0.50   98416      33   98400  7017403  71.30
1970-1979        7      0.00028  0.00028  0.50   98383      27   98370  6919004  70.33
1970-1979        8      0.00025  0.00025  0.50   98356      24   98344  6820634  69.35
1970-1979        9      0.00024  0.00024  0.50   98332      23   98320  6722290  68.36
1970-1979       10      0.00021  0.00021  0.50   98308      20   98298  6623970  67.38
1970-1979       11      0.00022  0.00022  0.50   98288      22   98277  6525672  66.39
1970-1979       12      0.00021  0.00021  0.50   98266      21   98256  6427394  65.41
1970-1979       13      0.00026  0.00026  0.50   98245      26   98232  6329139  64.42
1970-1979       14      0.00030  0.00030  0.50   98219      29   98205  6230906  63.44
1970-1979       15      0.00038  0.00038  0.50   98190      38   98171  6132701  62.46
1970-1979       16      0.00046  0.00046  0.50   98153      45   98130  6034530  61.48
1970-1979       17      0.00058  0.00058  0.50   98107      57   98079  5936400  60.51
1970-1979       18      0.00066  0.00066  0.50   98050      65   98018  5838321  59.54
1970-1979       19      0.00061  0.00061  0.50   97986      60   97956  5740303  58.58
1970-1979       20      0.00057  0.00057  0.50   97926      56   97898  5642347  57.62
1970-1979       21      0.00055  0.00055  0.50   97870      54   97843  5544449  56.65
1970-1979       22      0.00050  0.00050  0.50   97816      49   97792  5446606  55.68
1970-1979       23      0.00053  0.00053  0.50   97767      52   97741  5348815  54.71
1970-1979       24      0.00058  0.00058  0.50   97715      57   97686  5251074  53.74
1970-1979       25      0.00052  0.00052  0.50   97658      50   97633  5153387  52.77
1970-1979       26      0.00057  0.00057  0.50   97608      56   97580  5055754  51.80
1970-1979       27      0.00056  0.00056  0.50   97552      55   97524  4958175  50.83
1970-1979       28      0.00055  0.00055  0.50   97497      53   97470  4860650  49.85
1970-1979       29      0.00062  0.00061  0.50   97444      60   97414  4763180  48.88
1970-1979       30      0.00067  0.00067  0.50   97384      65   97351  4665766  47.91
1970-1979       31      0.00069  0.00069  0.50   97319      68   97285  4568415  46.94
1970-1979       32      0.00078  0.00078  0.50   97251      76   97214  4471129  45.97
1970-1979       33      0.00081  0.00081  0.50   97176      79   97136  4373916  45.01
1970-1979       34      0.00092  0.00092  0.50   97096      90   97052  4276780  44.05
1970-1979       35      0.00098  0.00098  0.50   97007      95   96959  4179728  43.09
1970-1979       36      0.00108  0.00108  0.50   96911     104   96859  4082769  42.13
1970-1979       37      0.00119  0.00119  0.50   96807     116   96749  3985910  41.17
1970-1979       38      0.00138  0.00138  0.50   96692     133   96625  3889161  40.22
1970-1979       39      0.00152  0.00152  0.50   96558     146   96485  3792536  39.28
1970-1979       40      0.00155  0.00155  0.50   96412     150   96337  3696050  38.34
1970-1979       41      0.00167  0.00167  0.50   96262     160   96182  3599713  37.39
1970-1979       42      0.00208  0.00208  0.50   96102     200   96002  3503531  36.46
1970-1979       43      0.00226  0.00226  0.50   95902     217   95794  3407529  35.53
1970-1979       44      0.00240  0.00239  0.50   95686     229   95571  3311734  34.61
1970-1979       45      0.00263  0.00263  0.50   95457     251   95332  3216163  33.69
1970-1979       46      0.00291  0.00291  0.50   95206     277   95068  3120831  32.78
1970-1979       47      0.00333  0.00332  0.50   94929     316   94771  3025764  31.87
1970-1979       48      0.00353  0.00353  0.50   94614     334   94447  2930992  30.98
1970-1979       49      0.00397  0.00396  0.50   94280     374   94093  2836546  30.09
1970-1979       50      0.00427  0.00426  0.50   93906     400   93706  2742453  29.20
1970-1979       51      0.00444  0.00443  0.50   93506     414   93299  2648746  28.33
1970-1979       52      0.00520  0.00519  0.50   93092     483   92851  2555447  27.45
1970-1979       53      0.00531  0.00530  0.50   92610     491   92364  2462596  26.59
1970-1979       54      0.00595  0.00594  0.50   92119     547   91845  2370232  25.73
1970-1979       55      0.00628  0.00626  0.50   91572     573   91285  2278387  24.88
1970-1979       56      0.00692  0.00689  0.50   90999     627   90685  2187101  24.03
1970-1979       57      0.00765  0.00762  0.50   90372     688   90028  2096416  23.20
1970-1979       58      0.00826  0.00823  0.50   89683     738   89314  2006388  22.37
1970-1979       59      0.00919  0.00915  0.50   88945     814   88538  1917074  21.55
1970-1979       60      0.00993  0.00988  0.50   88131     871   87696  1828535  20.75
1970-1979       61      0.01027  0.01022  0.50   87261     892   86815  1740839  19.95
1970-1979       62      0.01196  0.01188  0.50   86369    1026   85856  1654024  19.15
1970-1979       63      0.01327  0.01318  0.50   85343    1125   84780  1568168  18.37
1970-1979       64      0.01415  0.01405  0.50   84218    1183   83626  1483388  17.61
1970-1979       65      0.01545  0.01533  0.50   83035    1273   82398  1399762  16.86
1970-1979       66      0.01633  0.01620  0.50   81761    1325   81099  1317363  16.11
1970-1979       67      0.01860  0.01843  0.50   80437    1483   79696  1236264  15.37
1970-1979       68      0.02061  0.02040  0.50   78954    1611   78149  1156569  14.65
1970-1979       69      0.02317  0.02291  0.50   77344    1772   76458  1078420  13.94
1970-1979       70      0.02544  0.02512  0.50   75572    1898   74623  1001962  13.26
1970-1979       71      0.02686  0.02651  0.50   73674    1953   72697   927339  12.59
1970-1979       72      0.03173  0.03124  0.50   71721    2240   70601   854642  11.92
1970-1979       73      0.03545  0.03483  0.50   69480    2420   68270   784041  11.28
1970-1979       74      0.04003  0.03924  0.50   67060    2631   65745   715771  10.67
1970-1979       75      0.04487  0.04388  0.50   64429    2827   63015   650026  10.09
1970-1979       76      0.04973  0.04852  0.50   61601    2989   60107   587011   9.53
1970-1979       77      0.05195  0.05064  0.50   58613    2968   57129   526904   8.99
1970-1979       78      0.06122  0.05940  0.50   55645    3305   53992   469775   8.44
1970-1979       79      0.06871  0.06643  0.50   52339    3477   50601   415783   7.94
1970-1979       80      0.07416  0.07151  0.50   48863    3494   47116   365182   7.47
1970-1979       81      0.07870  0.07572  0.50   45369    3435   43651   318066   7.01
1970-1979       82      0.09191  0.08788  0.50   41933    3685   40091   274415   6.54
1970-1979       83      0.10216  0.09720  0.50   38248    3718   36390   234324   6.13
1970-1979       84      0.11738  0.11087  0.50   34531    3829   32617   197935   5.73
1970-1979       85      0.12722  0.11961  0.50   30702    3672   28866   165318   5.38
1970-1979       86      0.14529  0.13545  0.50   27030    3661   25199   136452   5.05
1970-1979       87      0.15121  0.14058  0.50   23369    3285   21726   111253   4.76
1970-1979       88      0.16305  0.15076  0.50   20083    3028   18570    89526   4.46
1970-1979       89      0.18673  0.17078  0.50   17056    2913   15599    70957   4.16
1970-1979       90      0.19711  0.17943  0.50   14143    2538   12874    55358   3.91
1970-1979       91      0.21119  0.19102  0.50   11605    2217   10497    42484   3.66
1970-1979       92      0.23479  0.21012  0.50    9388    1973    8402    31987   3.41
1970-1979       93      0.25588  0.22686  0.50    7416    1682    6575    23585   3.18
1970-1979       94      0.28398  0.24867  0.50    5733    1426    5021    17010   2.97
1970-1979       95      0.30858  0.26734  0.50    4308    1152    3732    11990   2.78
1970-1979       96      0.33345  0.28580  0.50    3156     902    2705     8258   2.62
1970-1979       97      0.35929  0.30457  0.50    2254     687    1911     5553   2.46
1970-1979       98      0.38596  0.32353  0.50    1568     507    1314     3642   2.32
1970-1979       99      0.41334  0.34255  0.50    1060     363     879     2328   2.20
1970-1979      100      0.44127  0.36151  0.50     697     252     571     1449   2.08
1970-1979      101      0.46957  0.38028  0.50     445     169     360      878   1.97
1970-1979      102      0.49807  0.39876  0.50     276     110     221      517   1.88
1970-1979      103      0.52658  0.41683  0.50     166      69     131      297   1.79
1970-1979      104      0.55492  0.43439  0.50      97      42      76      165   1.71
1970-1979      105      0.58290  0.45136  0.50      55      25      42       90   1.64
1970-1979      106      0.61037  0.46765  0.50      30      14      23       47   1.57
1970-1979      107      0.63715  0.48321  0.50      16       8      12       24   1.52
1970-1979      108      0.66310  0.49799  0.50       8       4       6       12   1.47
1970-1979      109      0.68811  0.51196  0.50       4       2       3        6   1.43
1970-1979      110+     0.71207  1.00000  1.40       2       2       3        3   1.40
1980-1989        0      0.00832  0.00826  0.13  100000     826   99283  7890637  78.91
1980-1989        1      0.00071  0.00071  0.50   99174      70   99139  7791355  78.56
1980-1989        2      0.00044  0.00044  0.50   99103      44   99082  7692216  77.62
1980-1989        3      0.00031  0.00031  0.50   99060      30   99045  7593135  76.65
1980-1989        4      0.00025  0.00025  0.50   99029      25   99017  7494090  75.68
1980-1989        5      0.00021  0.00021  0.50   99004      21   98994  7395073  74.69
1980-1989        6      0.00020  0.00020  0.50   98983      19   98974  7296079  73.71
1980-1989        7      0.00019  0.00019  0.50   98964      19   98955  7197106  72.72
1980-1989        8      0.00015  0.00015  0.50   98945      15   98937  7098151  71.74
1980-1989        9      0.00017  0.00017  0.50   98930      16   98922  6999214  70.75
1980-1989       10      0.00016  0.00016  0.50   98913      16   98905  6900292  69.76
1980-1989       11      0.00015  0.00015  0.50   98898      15   98890  6801387  68.77
1980-1989       12      0.00015  0.00015  0.50   98882      15   98875  6702497  67.78
1980-1989       13      0.00019  0.00019  0.50   98868      19   98858  6603622  66.79
1980-1989       14      0.00021  0.00021  0.50   98849      20   98839  6504763  65.81
1980-1989       15      0.00027  0.00027  0.50   98829      27   98815  6405925  64.82
1980-1989       16      0.00036  0.00036  0.50   98802      36   98784  6307110  63.84
1980-1989       17      0.00042  0.00042  0.50   98766      41   98745  6208326  62.86
1980-1989       18      0.00051  0.00051  0.50   98724      50   98699  6109581  61.89
1980-1989       19      0.00048  0.00048  0.50   98674      48   98650  6010881  60.92
1980-1989       20      0.00052  0.00052  0.50   98627      51   98601  5912231  59.95
1980-1989       21      0.00048  0.00048  0.50   98575      47   98552  5813630  58.98
1980-1989       22      0.00050  0.00050  0.50   98528      49   98503  5715078  58.00
1980-1989       23      0.00048  0.00048  0.50   98479      47   98455  5616575  57.03
1980-1989       24      0.00051  0.00051  0.50   98431      50   98406  5518120  56.06
1980-1989       25      0.00045  0.00045  0.50   98382      45   98359  5419714  55.09
1980-1989       26      0.00050  0.00050  0.50   98337      49   98312  5321355  54.11
1980-1989       27      0.00049  0.00049  0.50   98288      48   98264  5223042  53.14
1980-1989       28      0.00050  0.00050  0.50   98240      49   98215  5124778  52.17
1980-1989       29      0.00051  0.00051  0.50   98191      50   98166  5026563  51.19
1980-1989       30      0.00049  0.00049  0.50   98141      48   98117  4928397  50.22
1980-1989       31      0.00057  0.00057  0.50   98093      56   98065  4830280  49.24
1980-1989       32      0.00057  0.00057  0.50   98037      56   98009  4732216  48.27
1980-1989       33      0.00060  0.00060  0.50   97981      59   97951  4634207  47.30
1980-1989       34      0.00064  0.00064  0.50   97922      62   97891  4536256  46.33
1980-1989       35      0.00069  0.00069  0.50   97859      68   97826  4438365  45.35
1980-1989       36      0.00074  0.00074  0.50   97792      73   97755  4340540  44.39
1980-1989       37      0.00083  0.00083  0.50   97719      81   97679  4242784  43.42
1980-1989       38      0.00086  0.00086  0.50   97638      84   97596  4145105  42.45
1980-1989       39      0.00105  0.00105  0.50   97554     103   97503  4047509  41.49
1980-1989       40      0.00110  0.00110  0.50   97451     107   97398  3950007  40.53
1980-1989       41      0.00119  0.00119  0.50   97344     116   97286  3852609  39.58
1980-1989       42      0.00135  0.00135  0.50   97228     131   97163  3755323  38.62
1980-1989       43      0.00152  0.00152  0.50   97097     148   97024  3658160  37.68
1980-1989       44      0.00165  0.00165  0.50   96950     160   96870  3561137  36.73
1980-1989       45      0.00185  0.00185  0.50   96790     179   96700  3464267  35.79
1980-1989       46      0.00212  0.00212  0.50   96611     205   96508  3367567  34.86
1980-1989       47      0.00235  0.00235  0.50   96406     226   96293  3271058  33.93
1980-1989       48      0.00241  0.00241  0.50   96180     232   96064  3174766  33.01
1980-1989       49      0.00277  0.00277  0.50   95948     266   95815  3078702  32.09
1980-1989       50      0.00310  0.00310  0.50   95682     296   95534  2982887  31.17
1980-1989       51      0.00319  0.00319  0.50   95386     304   95234  2887353  30.27
1980-1989       52      0.00379  0.00378  0.50   95082     359   94902  2792119  29.37
1980-1989       53      0.00418  0.00417  0.50   94723     395   94525  2697217  28.47
1980-1989       54      0.00441  0.00440  0.50   94328     415   94120  2602691  27.59
1980-1989       55      0.00472  0.00471  0.50   93912     442   93692  2508571  26.71
1980-1989       56      0.00533  0.00532  0.50   93471     497   93222  2414880  25.84
1980-1989       57      0.00575  0.00573  0.50   92973     533   92707  2321658  24.97
1980-1989       58      0.00637  0.00635  0.50   92440     587   92147  2228951  24.11
1980-1989       59      0.00711  0.00708  0.50   91854     650   91528  2136804  23.26
1980-1989       60      0.00758  0.00755  0.50   91203     689   90859  2045276  22.43
1980-1989       61      0.00793  0.00790  0.50   90514     715   90157  1954417  21.59
1980-1989       62      0.00942  0.00938  0.50   89799     842   89378  1864260  20.76
1980-1989       63      0.01019  0.01014  0.50   88957     902   88506  1774882  19.95
1980-1989       64      0.01130  0.01124  0.50   88055     990   87560  1686376  19.15
1980-1989       65      0.01211  0.01204  0.50   87065    1048   86541  1598816  18.36
1980-1989       66      0.01320  0.01311  0.50   86017    1128   85453  1512275  17.58
1980-1989       67      0.01500  0.01489  0.50   84889    1264   84258  1426821  16.81
1980-1989       68      0.01611  0.01598  0.50   83626    1336   82958  1342564  16.05
1980-1989       69      0.01859  0.01842  0.50   82289    1516   81532  1259606  15.31
1980-1989       70      0.02018  0.01998  0.50   80774    1614   79967  1178075  14.58
1980-1989       71      0.02224  0.02199  0.50   79160    1741   78289  1098108  13.87
1980-1989       72      0.02557  0.02525  0.50   77419    1955   76441  1019819  13.17
1980-1989       73      0.02753  0.02716  0.50   75464    2050   74439   943377  12.50
1980-1989       74      0.03054  0.03008  0.50   73414    2208   72310   868938  11.84
1980-1989       75      0.03432  0.03374  0.50   71206    2402   70005   796628  11.19
1980-1989       76      0.03798  0.03727  0.50   68804    2564   67522   726623  10.56
1980-1989       77      0.04168  0.04083  0.50   66239    2705   64887   659101   9.95
1980-1989       78      0.04807  0.04694  0.50   63535    2983   62044   594214   9.35
1980-1989       79      0.05441  0.05297  0.50   60552    3208   58949   532171   8.79
1980-1989       80      0.06050  0.05873  0.50   57345    3368   55661   473222   8.25
1980-1989       81      0.06554  0.06346  0.50   53977    3425   52264   417561   7.74
1980-1989       82      0.07641  0.07360  0.50   50552    3721   48692   365297   7.23
1980-1989       83      0.08641  0.08283  0.50   46831    3879   44892   316605   6.76
1980-1989       84      0.09672  0.09226  0.50   42952    3963   40971   271713   6.33
1980-1989       85      0.10707  0.10163  0.50   38989    3963   37008   230743   5.92
1980-1989       86      0.12036  0.11353  0.50   35027    3977   33038   193735   5.53
1980-1989       87      0.13099  0.12294  0.50   31050    3817   29141   160696   5.18
1980-1989       88      0.14216  0.13273  0.50   27233    3615   25426   131555   4.83
1980-1989       89      0.16110  0.14909  0.50   23618    3521   21858   106129   4.49
1980-1989       90      0.17375  0.15986  0.50   20097    3213   18491    84271   4.19
1980-1989       91      0.19268  0.17575  0.50   16884    2967   15401    65781   3.90
1980-1989       92      0.21625  0.19515  0.50   13917    2716   12559    50380   3.62
1980-1989       93      0.24102  0.21510  0.50   11201    2409    9996    37821   3.38
1980-1989       94      0.26132  0.23112  0.50    8792    2032    7776    27825   3.16
1980-1989       95      0.28227  0.24736  0.50    6760    1672    5924    20049   2.97
1980-1989       96      0.30725  0.26633  0.50    5088    1355    4410    14126   2.78
1980-1989       97      0.33340  0.28577  0.50    3733    1067    3199     9715   2.60
1980-1989       98      0.36063  0.30554  0.50    2666     815    2259     6516   2.44
1980-1989       99      0.38878  0.32550  0.50    1851     603    1550     4257   2.30
1980-1989      100      0.41769  0.34553  0.50    1249     431    1033     2707   2.17
1980-1989      101      0.44718  0.36547  0.50     817     299     668     1674   2.05
1980-1989      102      0.47705  0.38518  0.50     519     200     419     1006   1.94
1980-1989      103      0.50708  0.40452  0.50     319     129     254      587   1.84
1980-1989      104      0.53706  0.42337  0.50     190      80     150      333   1.75
1980-1989      105      0.56678  0.44162  0.50     109      48      85      183   1.68
1980-1989      106      0.59602  0.45918  0.50      61      28      47       98   1.60
1980-1989      107      0.62459  0.47595  0.50      33      16      25       51   1.54
1980-1989      108      0.65233  0.49189  0.50      17       9      13       26   1.49
1980-1989      109      0.67907  0.50694  0.50       9       4       7       13   1.45
1980-1989      110+     0.70468  1.00000  1.42       4       4       6        6   1.42
1990-1999        0      0.00546  0.00543  0.14  100000     543   99532  8108148  81.08
1990-1999        1      0.00053  0.00053  0.50   99457      53   99430  8008616  80.52
1990-1999        2      0.00030  0.00030  0.50   99404      29   99389  7909185  79.57
1990-1999        3      0.00023  0.00023  0.50   99375      22   99363  7809796  78.59
1990-1999        4      0.00020  0.00020  0.50   99352      20   99342  7710433  77.61
1990-1999        5      0.00015  0.00015  0.50   99332      15   99324  7611091  76.62
1990-1999        6      0.00014  0.00014  0.50   99317      14   99310  7511766  75.63
1990-1999        7      0.00013  0.00013  0.50   99303      13   99296  7412456  74.64
1990-1999        8      0.00012  0.00012  0.50   99290      12   99284  7313160  73.65
1990-1999        9      0.00012  0.00012  0.50   99278      12   99272  7213876  72.66
1990-1999       10      0.00012  0.00012  0.50   99266      12   99260  7114605  71.67
1990-1999       11      0.00011  0.00011  0.50   99254      11   99248  7015345  70.68
1990-1999       12      0.00014  0.00014  0.50   99242      13   99236  6916097  69.69
1990-1999       13      0.00017  0.00017  0.50   99229      17   99220  6816861  68.70
1990-1999       14      0.00022  0.00022  0.50   99212      21   99201  6717641  67.71
1990-1999       15      0.00022  0.00022  0.50   99191      22   99180  6618440  66.72
1990-1999       16      0.00029  0.00029  0.50   99169      29   99154  6519260  65.74
1990-1999       17      0.00035  0.00035  0.50   99140      35   99122  6420106  64.76
1990-1999       18      0.00043  0.00043  0.50   99105      42   99084  6320983  63.78
1990-1999       19      0.00041  0.00041  0.50   99063      40   99042  6221900  62.81
1990-1999       20      0.00045  0.00045  0.50   99022      44   99000  6122857  61.83
1990-1999       21      0.00040  0.00040  0.50   98978      39   98958  6023857  60.86
1990-1999       22      0.00038  0.00038  0.50   98939      38   98920  5924899  59.88
1990-1999       23      0.00040  0.00040  0.50   98901      39   98881  5825979  58.91
1990-1999       24      0.00039  0.00039  0.50   98861      39   98842  5727099  57.93
1990-1999       25      0.00042  0.00042  0.50   98822      42   98801  5628257  56.95
1990-1999       26      0.00043  0.00043  0.50   98781      43   98759  5529455  55.98
1990-1999       27      0.00042  0.00042  0.50   98738      41   98717  5430696  55.00
1990-1999       28      0.00043  0.00043  0.50   98697      42   98675  5331979  54.02
1990-1999       29      0.00045  0.00045  0.50   98654      44   98632  5233303  53.05
1990-1999       30      0.00049  0.00049  0.50   98610      48   98586  5134671  52.07
1990-1999       31      0.00051  0.00051  0.50   98561      50   98536  5036086  51.10
1990-1999       32      0.00054  0.00054  0.50   98511      53   98484  4937550  50.12
1990-1999       33      0.00057  0.00057  0.50   98458      57   98430  4839065  49.15
1990-1999       34      0.00060  0.00060  0.50   98401      59   98372  4740636  48.18
1990-1999       35      0.00066  0.00066  0.50   98343      65   98310  4642264  47.20
1990-1999       36      0.00070  0.00070  0.50   98278      69   98243  4543953  46.24
1990-1999       37      0.00074  0.00074  0.50   98209      73   98172  4445710  45.27
1990-1999       38      0.00081  0.00081  0.50   98136      79   98096  4347538  44.30
1990-1999       39      0.00084  0.00084  0.50   98057      82   98016  4249441  43.34
1990-1999       40      0.00092  0.00092  0.50   97975      90   97930  4151426  42.37
1990-1999       41      0.00102  0.00102  0.50   97885     100   97835  4053496  41.41
1990-1999       42      0.00106  0.00106  0.50   97785     104   97733  3955661  40.45
1990-1999       43      0.00121  0.00121  0.50   97682     118   97622  3857928  39.49
1990-1999       44      0.00129  0.00129  0.50   97563     126   97500  3760305  38.54
1990-1999       45      0.00140  0.00140  0.50   97438     137   97369  3662805  37.59
1990-1999       46      0.00155  0.00155  0.50   97301     151   97226  3565436  36.64
1990-1999       47      0.00172  0.00172  0.50   97150     167   97067  3468210  35.70
1990-1999       48      0.00189  0.00189  0.50   96984     184   96892  3371143  34.76
1990-1999       49      0.00211  0.00211  0.50   96800     204   96698  3274251  33.82
1990-1999       50      0.00235  0.00235  0.50   96596     227   96482  3177553  32.90
1990-1999       51      0.00251  0.00251  0.50   96369     242   96248  3081071  31.97
1990-1999       52      0.00285  0.00285  0.50   96127     274   95990  2984824  31.05
1990-1999       53      0.00311  0.00310  0.50   95853     298   95704  2888834  30.14
1990-1999       54      0.00329  0.00329  0.50   95555     314   95398  2793130  29.23
1990-1999       55      0.00366  0.00366  0.50   95241     348   95067  2697731  28.33
1990-1999       56      0.00393  0.00392  0.50   94893     372   94707  2602664  27.43
1990-1999       57      0.00452  0.00451  0.50   94521     426   94308  2507957  26.53
1990-1999       58      0.00483  0.00482  0.50   94095     453   93868  2413650  25.65
1990-1999       59      0.00552  0.00550  0.50   93641     515   93384  2319782  24.77
1990-1999       60      0.00591  0.00589  0.50   93126     549   92852  2226398  23.91
1990-1999       61      0.00652  0.00650  0.50   92577     602   92276  2133547  23.05
1990-1999       62      0.00709  0.00707  0.50   91975     650   91650  2041270  22.19
1990-1999       63      0.00815  0.00812  0.50   91325     741   90955  1949620  21.35
1990-1999       64      0.00850  0.00846  0.50   90584     767   90201  1858665  20.52
1990-1999       65      0.00954  0.00949  0.50   89817     852   89391  1768465  19.69
1990-1999       66      0.01076  0.01070  0.50   88965     952   88489  1679073  18.87
1990-1999       67      0.01170  0.01163  0.50   88013    1024   87501  1590584  18.07
1990-1999       68      0.01317  0.01308  0.50   86989    1138   86420  1503083  17.28
1990-1999       69      0.01437  0.01427  0.50   85851    1225   85239  1416663  16.50
1990-1999       70      0.01634  0.01621  0.50   84626    1372   83940  1331424  15.73
1990-1999       71      0.01758  0.01742  0.50   83254    1451   82529  1247484  14.98
1990-1999       72      0.02008  0.01988  0.50   81804    1626   80991  1164954  14.24
1990-1999       73      0.02226  0.02201  0.50   80178    1765   79295  1083964  13.52
1990-1999       74      0.02490  0.02459  0.50   78413    1928   77449  1004668  12.81
1990-1999       75      0.02751  0.02714  0.50   76485    2075   75447   927220  12.12
1990-1999       76      0.03097  0.03050  0.50   74409    2269   73274   851773  11.45
1990-1999       77      0.03526  0.03465  0.50   72140    2499   70890   778498  10.79
1990-1999       78      0.03945  0.03869  0.50   69641    2694   68293   707608  10.16
1990-1999       79      0.04472  0.04375  0.50   66946    2929   65482   639315   9.55
1990-1999       80      0.05048  0.04923  0.50   64018    3152   62442   573833   8.96
1990-1999       81      0.05534  0.05385  0.50   60866    3278   59227   511391   8.40
1990-1999       82      0.06282  0.06090  0.50   57588    3507   55834   452164   7.85
1990-1999       83      0.07139  0.06893  0.50   54081    3728   52217   396330   7.33
1990-1999       84      0.08103  0.07788  0.50   50353    3921   48392   344113   6.83
1990-1999       85      0.09080  0.08685  0.50   46432    4033   44415   295721   6.37
1990-1999       86      0.10210  0.09714  0.50   42399    4119   40340   251305   5.93
1990-1999       87      0.11577  0.10944  0.50   38280    4189   36186   210966   5.51
1990-1999       88      0.12642  0.11891  0.50   34091    4054   32064   174780   5.13
1990-1999       89      0.14400  0.13433  0.50   30037    4035   28020   142716   4.75
1990-1999       90      0.15998  0.14813  0.50   26002    3852   24076   114696   4.41
1990-1999       91      0.17834  0.16374  0.50   22151    3627   20337    90620   4.09
1990-1999       92      0.20259  0.18395  0.50   18524    3408   16820    70283   3.79
1990-1999       93      0.22027  0.19841  0.50   15116    2999   13616    53463   3.54
1990-1999       94      0.24183  0.21574  0.50   12117    2614   10810    39846   3.29
1990-1999       95      0.26783  0.23620  0.50    9503    2245    8380    29036   3.06
1990-1999       96      0.29404  0.25635  0.50    7258    1861    6328    20656   2.85
1990-1999       97      0.32169  0.27712  0.50    5397    1496    4650    14328   2.65
1990-1999       98      0.35065  0.29834  0.50    3902    1164    3320     9679   2.48
1990-1999       99      0.38075  0.31986  0.50    2738     876    2300     6359   2.32
1990-1999      100      0.41179  0.34148  0.50    1862     636    1544     4059   2.18
1990-1999      101      0.44356  0.36304  0.50    1226     445    1004     2515   2.05
1990-1999      102      0.47579  0.38435  0.50     781     300     631     1511   1.93
1990-1999      103      0.50822  0.40525  0.50     481     195     383      880   1.83
1990-1999      104      0.54059  0.42556  0.50     286     122     225      497   1.74
1990-1999      105      0.57262  0.44516  0.50     164      73     128      272   1.65
1990-1999      106      0.60404  0.46393  0.50      91      42      70      144   1.58
1990-1999      107      0.63464  0.48176  0.50      49      24      37       74   1.52
1990-1999      108      0.66418  0.49860  0.50      25      13      19       37   1.46
1990-1999      109      0.69249  0.51439  0.50      13       7       9       18   1.42
1990-1999      110+     0.71943  1.00000  1.39       6       6       9        9   1.39
2000-2009        0      0.00422  0.00421  0.14  100000     421   99638  8322598  83.23
2000-2009        1      0.00035  0.00035  0.50   99579      35   99562  8222960  82.58
2000-2009        2      0.00019  0.00019  0.50   99545      19   99535  8123398  81.61
2000-2009        3      0.00016  0.00016  0.50   99525      16   99517  8023863  80.62
2000-2009        4      0.00013  0.00013  0.50   99510      12   99503  7924345  79.63
2000-2009        5      0.00012  0.00012  0.50   99497      12   99491  7824842  78.64
2000-2009        6      0.00010  0.00010  0.50   99485      10   99480  7725351  77.65
2000-2009        7      0.00009  0.00009  0.50   99476       9   99471  7625870  76.66
2000-2009        8      0.00008  0.00008  0.50   99467       8   99463  7526399  75.67
2000-2009        9      0.00009  0.00009  0.50   99459       9   99454  7426936  74.67
2000-2009       10      0.00007  0.00007  0.50   99450       7   99446  7327482  73.68
2000-2009       11      0.00008  0.00008  0.50   99442       8   99438  7228036  72.69
2000-2009       12      0.00010  0.00010  0.50   99434      10   99429  7128597  71.69
2000-2009       13      0.00010  0.00010  0.50   99424      10   99419  7029168  70.70
2000-2009       14      0.00013  0.00013  0.50   99414      13   99407  6929749  69.71
2000-2009       15      0.00018  0.00018  0.50   99401      18   99392  6830341  68.72
2000-2009       16      0.00023  0.00023  0.50   99382      23   99371  6730950  67.73
2000-2009       17      0.00029  0.00029  0.50   99360      29   99345  6631579  66.74
2000-2009       18      0.00030  0.00030  0.50   99331      30   99316  6532234  65.76
2000-2009       19      0.00029  0.00029  0.50   99301      29   99286  6432918  64.78
2000-2009       20      0.00034  0.00034  0.50   99272      34   99255  6333632  63.80
2000-2009       21      0.00029  0.00029  0.50   99238      29   99223  6234377  62.82
2000-2009       22      0.00029  0.00029  0.50   99209      29   99195  6135154  61.84
2000-2009       23      0.00030  0.00030  0.50   99180      30   99165  6035959  60.86
2000-2009       24      0.00032  0.00032  0.50   99150      32   99134  5936794  59.88
2000-2009       25      0.00034  0.00034  0.50   99118      34   99102  5837659  58.90
2000-2009       26      0.00034  0.00034  0.50   99085      33   99068  5738558  57.92
2000-2009       27      0.00038  0.00038  0.50   99051      37   99033  5639490  56.93
2000-2009       28      0.00034  0.00034  0.50   99014      34   98997  5540457  55.96
2000-2009       29      0.00040  0.00040  0.50   98980      40   98960  5441460  54.98
2000-2009       30      0.00042  0.00042  0.50   98940      42   98919  5342500  54.00
2000-2009       31      0.00042  0.00042  0.50   98898      42   98877  5243581  53.02
2000-2009       32      0.00045  0.00045  0.50   98856      45   98834  5144704  52.04
2000-2009       33      0.00047  0.00047  0.50   98812      46   98789  5045870  51.07
2000-2009       34      0.00051  0.00051  0.50   98766      50   98740  4947081  50.09
2000-2009       35      0.00053  0.00053  0.50   98715      53   98689  4848341  49.11
2000-2009       36      0.00061  0.00061  0.50   98662      60   98633  4749652  48.14
2000-2009       37      0.00063  0.00063  0.50   98603      62   98572  4651019  47.17
2000-2009       38      0.00076  0.00076  0.50   98540      75   98503  4552447  46.20
2000-2009       39      0.00077  0.00077  0.50   98466      76   98428  4453944  45.23
2000-2009       40      0.00084  0.00084  0.50   98390      83   98348  4355517  44.27
2000-2009       41      0.00091  0.00091  0.50   98307      89   98262  4257169  43.30
2000-2009       42      0.00094  0.00094  0.50   98218      92   98172  4158906  42.34
2000-2009       43      0.00105  0.00105  0.50   98126     103   98074  4060734  41.38
2000-2009       44      0.00113  0.00113  0.50   98023     111   97967  3962660  40.43
2000-2009       45      0.00127  0.00127  0.50   97912     124   97850  3864693  39.47
2000-2009       46      0.00139  0.00139  0.50   97788     136   97720  3766843  38.52
2000-2009       47      0.00154  0.00154  0.50   97652     150   97577  3669123  37.57
2000-2009       48      0.00163  0.00163  0.50   97502     159   97422  3571546  36.63
2000-2009       49      0.00175  0.00175  0.50   97343     171   97258  3474124  35.69
2000-2009       50      0.00192  0.00192  0.50   97172     187   97079  3376866  34.75
2000-2009       51      0.00206  0.00206  0.50   96986     200   96886  3279787  33.82
2000-2009       52      0.00221  0.00221  0.50   96786     214   96679  3182901  32.89
2000-2009       53      0.00243  0.00243  0.50   96572     235   96455  3086222  31.96
2000-2009       54      0.00265  0.00265  0.50   96337     255   96210  2989767  31.03
2000-2009       55      0.00285  0.00284  0.50   96082     273   95946  2893557  30.12
2000-2009       56      0.00311  0.00311  0.50   95809     298   95660  2797611  29.20
2000-2009       57      0.00343  0.00343  0.50   95511     327   95348  2701951  28.29
2000-2009       58      0.00381  0.00380  0.50   95184     362   95003  2606603  27.38
2000-2009       59      0.00410  0.00409  0.50   94822     388   94628  2511600  26.49
2000-2009       60      0.00460  0.00459  0.50   94434     434   94217  2416972  25.59
2000-2009       61      0.00490  0.00489  0.50   94001     459   93771  2322755  24.71
2000-2009       62      0.00554  0.00553  0.50   93541     517   93283  2228984  23.83
2000-2009       63      0.00587  0.00585  0.50   93024     545   92752  2135701  22.96
2000-2009       64      0.00657  0.00655  0.50   92480     605   92177  2042949  22.09
2000-2009       65      0.00706  0.00703  0.50   91874     646   91551  1950772  21.23
2000-2009       66      0.00790  0.00787  0.50   91228     718   90869  1859221  20.38
2000-2009       67      0.00888  0.00884  0.50   90510     800   90110  1768351  19.54
2000-2009       68      0.00966  0.00962  0.50   89711     863   89279  1678241  18.71
2000-2009       69      0.01080  0.01074  0.50   88848     955   88371  1588962  17.88
2000-2009       70      0.01180  0.01173  0.50   87893    1031   87378  1500591  17.07
2000-2009       71      0.01333  0.01324  0.50   86862    1150   86287  1413213  16.27
2000-2009       72      0.01483  0.01472  0.50   85712    1262   85081  1326926  15.48
2000-2009       73      0.01655  0.01641  0.50   84451    1386   83758  1241845  14.71
2000-2009       74      0.01893  0.01875  0.50   83065    1557   82286  1158087  13.94
2000-2009       75      0.02091  0.02070  0.50   81507    1687   80664  1075801  13.20
2000-2009       76      0.02341  0.02314  0.50   79820    1847   78897   995138  12.47
2000-2009       77      0.02664  0.02629  0.50   77974    2050   76949   916241  11.75
2000-2009       78      0.03033  0.02988  0.50   75923    2269   74789   839292  11.05
2000-2009       79      0.03418  0.03360  0.50   73655    2475   72417   764503  10.38
2000-2009       80      0.03908  0.03833  0.50   71180    2728   69816   692086   9.72
2000-2009       81      0.04471  0.04373  0.50   68452    2994   66955   622270   9.09
2000-2009       82      0.05120  0.04992  0.50   65458    3268   63824   555315   8.48
2000-2009       83      0.05798  0.05635  0.50   62190    3504   60438   491491   7.90
2000-2009       84      0.06652  0.06437  0.50   58686    3778   56797   431053   7.35
2000-2009       85      0.07530  0.07256  0.50   54908    3984   52916   374255   6.82
2000-2009       86      0.08677  0.08316  0.50   50924    4235   48806   321339   6.31
2000-2009       87      0.09914  0.09446  0.50   46689    4410   44484   272533   5.84
2000-2009       88      0.11400  0.10785  0.50   42279    4560   39999   228049   5.39
2000-2009       89      0.12712  0.11952  0.50   37719    4508   35465   188050   4.99
2000-2009       90      0.14523  0.13540  0.50   33211    4497   30962   152585   4.59
2000-2009       91      0.16462  0.15210  0.50   28714    4367   26530   121623   4.24
2000-2009       92      0.18799  0.17184  0.50   24347    4184   22255    95092   3.91
2000-2009       93      0.20845  0.18877  0.50   20163    3806   18260    72838   3.61
2000-2009       94      0.23440  0.20981  0.50   16357    3432   14641    54578   3.34
2000-2009       95      0.25855  0.22895  0.50   12925    2959   11445    39937   3.09
2000-2009       96      0.28707  0.25104  0.50    9966    2502    8715    28492   2.86
2000-2009       97      0.31740  0.27393  0.50    7464    2045    6442    19777   2.65
2000-2009       98      0.34936  0.29741  0.50    5419    1612    4613    13335   2.46
2000-2009       99      0.38274  0.32126  0.50    3808    1223    3196     8722   2.29
2000-2009      100      0.41726  0.34523  0.50    2584     892    2138     5526   2.14
2000-2009      101      0.45260  0.36908  0.50    1692     625    1380     3388   2.00
2000-2009      102      0.48844  0.39257  0.50    1068     419     858     2008   1.88
2000-2009      103      0.52439  0.41546  0.50     649     269     514     1150   1.77
2000-2009      104      0.56009  0.43756  0.50     379     166     296      636   1.68
2000-2009      105      0.59518  0.45868  0.50     213      98     164      340   1.59
2000-2009      106      0.62933  0.47870  0.50     115      55      88      175   1.52
2000-2009      107      0.66223  0.49750  0.50      60      30      45       88   1.46
2000-2009      108      0.69363  0.51501  0.50      30      16      22       42   1.40
2000-2009      109      0.72333  0.53121  0.50      15       8      11       20   1.36
2000-2009      110+     0.75118  1.00000  1.33       7       7       9        9   1.33
2010-2014        0      0.00334  0.00333  0.14  100000     333   99714  8445157  84.45
2010-2014        1      0.00025  0.00025  0.50   99667      24   99655  8345443  83.73
2010-2014        2      0.00017  0.00017  0.50   99643      17   99634  8245788  82.75
2010-2014        3      0.00010  0.00010  0.50   99626      10   99621  8146154  81.77
2010-2014        4      0.00010  0.00010  0.50   99616      10   99611  8046533  80.78
2010-2014        5      0.00009  0.00009  0.50   99605       9   99601  7946922  79.78
2010-2014        6      0.00009  0.00009  0.50   99596       9   99592  7847321  78.79
2010-2014        7      0.00009  0.00009  0.50   99588       9   99584  7747729  77.80
2010-2014        8      0.00009  0.00009  0.50   99579       9   99575  7648146  76.80
2010-2014        9      0.00009  0.00009  0.50   99571       9   99566  7548571  75.81
2010-2014       10      0.00007  0.00007  0.50   99562       7   99558  7449004  74.82
2010-2014       11      0.00006  0.00006  0.50   99555       6   99552  7349446  73.82
2010-2014       12      0.00007  0.00007  0.50   99549       7   99545  7249894  72.83
2010-2014       13      0.00010  0.00010  0.50   99542      10   99537  7150349  71.83
2010-2014       14      0.00012  0.00012  0.50   99532      12   99526  7050813  70.84
2010-2014       15      0.00017  0.00017  0.50   99520      17   99511  6951287  69.85
2010-2014       16      0.00021  0.00021  0.50   99502      21   99492  6851776  68.86
2010-2014       17      0.00023  0.00023  0.50   99482      23   99470  6752284  67.87
2010-2014       18      0.00024  0.00024  0.50   99459      24   99447  6652813  66.89
2010-2014       19      0.00025  0.00025  0.50   99435      25   99422  6553366  65.91
2010-2014       20      0.00026  0.00026  0.50   99410      26   99397  6453944  64.92
2010-2014       21      0.00024  0.00024  0.50   99383      24   99371  6354547  63.94
2010-2014       22      0.00025  0.00025  0.50   99359      25   99347  6255176  62.96
2010-2014       23      0.00026  0.00026  0.50   99334      26   99321  6155829  61.97
2010-2014       24      0.00026  0.00026  0.50   99308      25   99296  6056508  60.99
2010-2014       25      0.00027  0.00027  0.50   99283      27   99270  5957212  60.00
2010-2014       26      0.00029  0.00029  0.50   99256      29   99242  5857943  59.02
2010-2014       27      0.00027  0.00027  0.50   99228      27   99214  5758701  58.04
2010-2014       28      0.00027  0.00027  0.50   99201      27   99187  5659486  57.05
2010-2014       29      0.00033  0.00033  0.50   99174      33   99157  5560299  56.07
2010-2014       30      0.00034  0.00034  0.50   99141      34   99124  5461142  55.08
2010-2014       31      0.00040  0.00040  0.50   99107      39   99087  5362018  54.10
2010-2014       32      0.00043  0.00043  0.50   99067      43   99046  5262931  53.12
2010-2014       33      0.00044  0.00044  0.50   99025      44   99003  5163885  52.15
2010-2014       34      0.00044  0.00044  0.50   98981      44   98959  5064882  51.17
2010-2014       35      0.00051  0.00051  0.50   98937      50   98912  4965924  50.19
2010-2014       36      0.00051  0.00051  0.50   98887      50   98862  4867012  49.22
2010-2014       37      0.00056  0.00056  0.50   98837      55   98809  4768150  48.24
2010-2014       38      0.00068  0.00068  0.50   98781      67   98748  4669341  47.27
2010-2014       39      0.00075  0.00075  0.50   98714      74   98678  4570593  46.30
2010-2014       40      0.00078  0.00078  0.50   98641      76   98603  4471915  45.34
2010-2014       41      0.00082  0.00082  0.50   98564      81   98524  4373313  44.37
2010-2014       42      0.00090  0.00090  0.50   98484      89   98439  4274789  43.41
2010-2014       43      0.00095  0.00095  0.50   98395      93   98348  4176349  42.44
2010-2014       44      0.00106  0.00106  0.50   98302     104   98250  4078001  41.48
2010-2014       45      0.00106  0.00106  0.50   98198     104   98145  3979751  40.53
2010-2014       46      0.00127  0.00127  0.50   98093     125   98031  3881606  39.57
2010-2014       47      0.00141  0.00140  0.50   97969     138   97900  3783575  38.62
2010-2014       48      0.00150  0.00150  0.50   97831     147   97758  3685675  37.67
2010-2014       49      0.00170  0.00170  0.50   97684     166   97601  3587917  36.73
2010-2014       50      0.00176  0.00176  0.50   97519     172   97433  3490316  35.79
2010-2014       51      0.00193  0.00193  0.50   97347     188   97253  3392883  34.85
2010-2014       52      0.00212  0.00211  0.50   97159     205   97056  3295630  33.92
2010-2014       53      0.00221  0.00221  0.50   96954     214   96847  3198574  32.99
2010-2014       54      0.00243  0.00242  0.50   96740     234   96623  3101727  32.06
2010-2014       55      0.00267  0.00267  0.50   96505     258   96376  3005105  31.14
2010-2014       56      0.00286  0.00286  0.50   96248     275   96110  2908728  30.22
2010-2014       57      0.00306  0.00305  0.50   95973     293   95826  2812618  29.31
2010-2014       58      0.00323  0.00323  0.50   95680     309   95525  2716792  28.39
2010-2014       59      0.00363  0.00362  0.50   95371     346   95198  2621266  27.48
2010-2014       60      0.00383  0.00382  0.50   95025     363   94844  2526068  26.58
2010-2014       61      0.00432  0.00431  0.50   94662     408   94458  2431224  25.68
2010-2014       62      0.00480  0.00479  0.50   94255     452   94029  2336766  24.79
2010-2014       63      0.00512  0.00511  0.50   93803     479   93563  2242737  23.91
2010-2014       64      0.00570  0.00568  0.50   93324     530   93059  2149174  23.03
2010-2014       65      0.00611  0.00609  0.50   92794     565   92511  2056115  22.16
2010-2014       66      0.00671  0.00669  0.50   92229     617   91920  1963604  21.29
2010-2014       67      0.00732  0.00730  0.50   91612     668   91277  1871684  20.43
2010-2014       68      0.00789  0.00786  0.50   90943     715   90586  1780407  19.58
2010-2014       69      0.00922  0.00917  0.50   90229     828   89815  1689821  18.73
2010-2014       70      0.01012  0.01007  0.50   89401     900   88951  1600006  17.90
2010-2014       71      0.01153  0.01146  0.50   88501    1015   87993  1511055  17.07
2010-2014       72      0.01261  0.01254  0.50   87486    1097   86938  1423062  16.27
2010-2014       73      0.01407  0.01398  0.50   86390    1207   85786  1336124  15.47
2010-2014       74      0.01606  0.01593  0.50   85182    1357   84504  1250338  14.68
2010-2014       75      0.01785  0.01769  0.50   83825    1483   83084  1165834  13.91
2010-2014       76      0.01964  0.01945  0.50   82342    1601   81542  1082750  13.15
2010-2014       77      0.02263  0.02238  0.50   80741    1807   79838  1001209  12.40
2010-2014       78      0.02527  0.02496  0.50   78934    1970   77949   921371  11.67
2010-2014       79      0.02825  0.02786  0.50   76964    2144   75892   843422  10.96
2010-2014       80      0.03357  0.03301  0.50   74820    2470   73585   767530  10.26
2010-2014       81      0.03744  0.03675  0.50   72350    2659   71021   693945   9.59
2010-2014       82      0.04384  0.04290  0.50   69691    2990   68197   622924   8.94
2010-2014       83      0.05093  0.04967  0.50   66702    3313   65045   554728   8.32
2010-2014       84      0.05890  0.05721  0.50   63389    3627   61576   489682   7.73
2010-2014       85      0.06704  0.06487  0.50   59762    3877   57824   428107   7.16
2010-2014       86      0.07753  0.07463  0.50   55886    4171   53800   370283   6.63
2010-2014       87      0.08933  0.08551  0.50   51715    4422   49503   316483   6.12
2010-2014       88      0.10269  0.09767  0.50   47292    4619   44983   266979   5.65
2010-2014       89      0.11767  0.11113  0.50   42673    4742   40302   221997   5.20
2010-2014       90      0.13586  0.12722  0.50   37931    4825   35518   181695   4.79
2010-2014       91      0.15354  0.14259  0.50   33105    4721   30745   146177   4.42
2010-2014       92      0.17290  0.15915  0.50   28385    4517   26126   115431   4.07
2010-2014       93      0.19324  0.17621  0.50   23868    4206   21765    89305   3.74
2010-2014       94      0.22037  0.19850  0.50   19662    3903   17710    67540   3.44
2010-2014       95      0.24777  0.22046  0.50   15759    3474   14022    49830   3.16
2010-2014       96      0.27704  0.24333  0.50   12285    2989   10790    35808   2.91
2010-2014       97      0.30834  0.26715  0.50    9296    2483    8054    25018   2.69
2010-2014       98      0.34151  0.29170  0.50    6812    1987    5819    16964   2.49
2010-2014       99      0.37630  0.31671  0.50    4825    1528    4061    11145   2.31
2010-2014      100      0.41243  0.34192  0.50    3297    1127    2733     7084   2.15
2010-2014      101      0.44951  0.36702  0.50    2170     796    1771     4351   2.01
2010-2014      102      0.48717  0.39175  0.50    1373     538    1104     2579   1.88
2010-2014      103      0.52498  0.41583  0.50     835     347     662     1475   1.77
2010-2014      104      0.56250  0.43902  0.50     488     214     381      813   1.67
2010-2014      105      0.59932  0.46114  0.50     274     126     211      433   1.58
2010-2014      106      0.63505  0.48200  0.50     148      71     112      222   1.50
2010-2014      107      0.66935  0.50151  0.50      76      38      57      110   1.44
2010-2014      108      0.70195  0.51959  0.50      38      20      28       53   1.38
2010-2014      109      0.73261  0.53620  0.50      18      10      13       25   1.34
2010-2014      110+     0.76119  1.00000  1.31       8       8      11       11   1.31
