Austria, Life tables (period 1x10), Females	Last modified: 03 Sep 2018;  Methods Protocol: v6 (2017)

  Year          Age         mx       qx    ax      lx      dx      Lx       Tx     ex
1947-1949        0      0.07343  0.06991  0.31  100000    6991   95205  6515430  65.15
1947-1949        1      0.00627  0.00625  0.50   93009     581   92719  6420225  69.03
1947-1949        2      0.00352  0.00351  0.50   92428     325   92266  6327506  68.46
1947-1949        3      0.00265  0.00265  0.50   92104     244   91982  6235240  67.70
1947-1949        4      0.00194  0.00193  0.50   91860     178   91771  6143258  66.88
1947-1949        5      0.00150  0.00149  0.50   91682     137   91614  6051487  66.00
1947-1949        6      0.00132  0.00132  0.50   91545     121   91485  5959873  65.10
1947-1949        7      0.00103  0.00103  0.50   91425      94   91377  5868388  64.19
1947-1949        8      0.00092  0.00092  0.50   91330      84   91288  5777010  63.25
1947-1949        9      0.00071  0.00071  0.50   91247      65   91214  5685722  62.31
1947-1949       10      0.00082  0.00082  0.50   91182      75   91144  5594508  61.36
1947-1949       11      0.00078  0.00078  0.50   91107      71   91072  5503364  60.41
1947-1949       12      0.00077  0.00077  0.50   91036      70   91001  5412292  59.45
1947-1949       13      0.00090  0.00090  0.50   90966      82   90925  5321291  58.50
1947-1949       14      0.00092  0.00092  0.50   90885      84   90843  5230365  57.55
1947-1949       15      0.00114  0.00114  0.50   90801     104   90749  5139522  56.60
1947-1949       16      0.00132  0.00131  0.50   90697     119   90638  5048773  55.67
1947-1949       17      0.00142  0.00142  0.50   90578     129   90514  4958135  54.74
1947-1949       18      0.00146  0.00146  0.50   90449     132   90383  4867622  53.82
1947-1949       19      0.00182  0.00182  0.50   90317     165   90235  4777238  52.89
1947-1949       20      0.00199  0.00199  0.50   90152     180   90063  4687004  51.99
1947-1949       21      0.00214  0.00214  0.50   89973     192   89877  4596941  51.09
1947-1949       22      0.00207  0.00207  0.50   89781     186   89688  4507064  50.20
1947-1949       23      0.00183  0.00183  0.50   89595     164   89513  4417377  49.30
1947-1949       24      0.00216  0.00215  0.50   89431     193   89335  4327864  48.39
1947-1949       25      0.00214  0.00213  0.50   89239     190   89143  4238529  47.50
1947-1949       26      0.00218  0.00218  0.50   89048     194   88951  4149385  46.60
1947-1949       27      0.00220  0.00220  0.50   88854     195   88756  4060434  45.70
1947-1949       28      0.00212  0.00212  0.50   88659     188   88565  3971678  44.80
1947-1949       29      0.00222  0.00222  0.50   88471     197   88373  3883113  43.89
1947-1949       30      0.00254  0.00254  0.50   88274     224   88162  3794740  42.99
1947-1949       31      0.00253  0.00252  0.50   88050     222   87939  3706578  42.10
1947-1949       32      0.00246  0.00245  0.50   87828     216   87720  3618639  41.20
1947-1949       33      0.00249  0.00249  0.50   87612     218   87503  3530919  40.30
1947-1949       34      0.00271  0.00271  0.50   87394     236   87276  3443416  39.40
1947-1949       35      0.00283  0.00283  0.50   87158     246   87035  3356139  38.51
1947-1949       36      0.00286  0.00285  0.50   86912     248   86788  3269105  37.61
1947-1949       37      0.00293  0.00293  0.50   86664     254   86537  3182317  36.72
1947-1949       38      0.00330  0.00329  0.50   86410     284   86268  3095780  35.83
1947-1949       39      0.00321  0.00321  0.50   86125     276   85987  3009512  34.94
1947-1949       40      0.00350  0.00349  0.50   85849     300   85699  2923525  34.05
1947-1949       41      0.00364  0.00363  0.50   85550     311   85394  2837826  33.17
1947-1949       42      0.00379  0.00378  0.50   85239     322   85078  2752431  32.29
1947-1949       43      0.00373  0.00372  0.50   84917     316   84759  2667354  31.41
1947-1949       44      0.00432  0.00431  0.50   84601     365   84418  2582595  30.53
1947-1949       45      0.00445  0.00444  0.50   84236     374   84049  2498177  29.66
1947-1949       46      0.00491  0.00489  0.50   83862     410   83657  2414128  28.79
1947-1949       47      0.00533  0.00531  0.50   83451     443   83230  2330471  27.93
1947-1949       48      0.00588  0.00586  0.50   83008     487   82765  2247241  27.07
1947-1949       49      0.00624  0.00622  0.50   82522     513   82265  2164477  26.23
1947-1949       50      0.00644  0.00642  0.50   82008     526   81745  2082212  25.39
1947-1949       51      0.00678  0.00676  0.50   81482     551   81207  2000467  24.55
1947-1949       52      0.00758  0.00755  0.50   80931     611   80626  1919260  23.71
1947-1949       53      0.00769  0.00766  0.50   80320     615   80012  1838634  22.89
1947-1949       54      0.00832  0.00829  0.50   79705     661   79374  1758622  22.06
1947-1949       55      0.00912  0.00908  0.50   79044     718   78685  1679247  21.24
1947-1949       56      0.00995  0.00990  0.50   78327     775   77939  1600562  20.43
1947-1949       57      0.01125  0.01119  0.50   77551     868   77117  1522623  19.63
1947-1949       58      0.01175  0.01168  0.50   76683     896   76236  1445506  18.85
1947-1949       59      0.01295  0.01287  0.50   75788     975   75300  1369270  18.07
1947-1949       60      0.01379  0.01370  0.50   74812    1025   74300  1293970  17.30
1947-1949       61      0.01587  0.01574  0.50   73788    1162   73207  1219670  16.53
1947-1949       62      0.01770  0.01755  0.50   72626    1274   71989  1146463  15.79
1947-1949       63      0.01969  0.01950  0.50   71352    1391   70656  1074475  15.06
1947-1949       64      0.02121  0.02098  0.50   69961    1468   69227  1003819  14.35
1947-1949       65      0.02439  0.02410  0.50   68493    1650   67667   934592  13.65
1947-1949       66      0.02643  0.02608  0.50   66842    1743   65971   866924  12.97
1947-1949       67      0.02882  0.02841  0.50   65099    1849   64174   800954  12.30
1947-1949       68      0.03135  0.03087  0.50   63250    1952   62273   736780  11.65
1947-1949       69      0.03668  0.03602  0.50   61297    2208   60193   674506  11.00
1947-1949       70      0.04147  0.04063  0.50   59089    2401   57889   614313  10.40
1947-1949       71      0.04618  0.04514  0.50   56689    2559   55409   556424   9.82
1947-1949       72      0.05123  0.04995  0.50   54130    2704   52778   501015   9.26
1947-1949       73      0.05773  0.05611  0.50   51426    2885   49983   448237   8.72
1947-1949       74      0.06104  0.05923  0.50   48541    2875   47103   398254   8.20
1947-1949       75      0.07066  0.06825  0.50   45665    3117   44107   351151   7.69
1947-1949       76      0.07773  0.07482  0.50   42549    3184   40957   307044   7.22
1947-1949       77      0.08431  0.08090  0.50   39365    3185   37773   266087   6.76
1947-1949       78      0.09638  0.09195  0.50   36180    3327   34517   228314   6.31
1947-1949       79      0.10811  0.10256  0.50   32854    3370   31169   193797   5.90
1947-1949       80      0.12303  0.11590  0.50   29484    3417   27776   162628   5.52
1947-1949       81      0.13680  0.12804  0.50   26067    3338   24398   134853   5.17
1947-1949       82      0.14806  0.13786  0.50   22729    3133   21163   110455   4.86
1947-1949       83      0.16353  0.15117  0.50   19596    2962   18115    89292   4.56
1947-1949       84      0.18099  0.16597  0.50   16634    2761   15253    71177   4.28
1947-1949       85      0.19044  0.17388  0.50   13873    2412   12667    55924   4.03
1947-1949       86      0.21370  0.19307  0.50   11461    2213   10354    43257   3.77
1947-1949       87      0.21725  0.19597  0.50    9248    1812    8342    32903   3.56
1947-1949       88      0.24829  0.22087  0.50    7436    1642    6615    24561   3.30
1947-1949       89      0.26826  0.23654  0.50    5793    1370    5108    17946   3.10
1947-1949       90      0.29824  0.25954  0.50    4423    1148    3849    12838   2.90
1947-1949       91      0.31849  0.27474  0.50    3275     900    2825     8989   2.74
1947-1949       92      0.32211  0.27743  0.50    2375     659    2046     6164   2.60
1947-1949       93      0.40150  0.33438  0.50    1716     574    1429     4118   2.40
1947-1949       94      0.38291  0.32138  0.50    1142     367     959     2689   2.35
1947-1949       95      0.40815  0.33897  0.50     775     263     644     1730   2.23
1947-1949       96      0.43389  0.35654  0.50     512     183     421     1086   2.12
1947-1949       97      0.45999  0.37398  0.50     330     123     268      665   2.02
1947-1949       98      0.48631  0.39119  0.50     206      81     166      397   1.92
1947-1949       99      0.51271  0.40809  0.50     126      51     100      231   1.84
1947-1949      100      0.53904  0.42460  0.50      74      32      59      131   1.76
1947-1949      101      0.56515  0.44064  0.50      43      19      33       72   1.69
1947-1949      102      0.59090  0.45614  0.50      24      11      18       39   1.62
1947-1949      103      0.61617  0.47105  0.50      13       6      10       20   1.56
1947-1949      104      0.64082  0.48532  0.50       7       3       5       10   1.51
1947-1949      105      0.66475  0.49892  0.50       4       2       3        5   1.46
1947-1949      106      0.68787  0.51183  0.50       2       1       1        3   1.42
1947-1949      107      0.71008  0.52403  0.50       1       0       1        1   1.38
1947-1949      108      0.73133  0.53551  0.50       0       0       0        1   1.34
1947-1949      109      0.75157  0.54629  0.50       0       0       0        0   1.32
1947-1949      110+     0.77076  1.00000  1.30       0       0       0        0   1.30
1950-1959        0      0.04409  0.04262  0.22  100000    4262   96666  6982252  69.82
1950-1959        1      0.00330  0.00329  0.50   95738     315   95581  6885586  71.92
1950-1959        2      0.00179  0.00179  0.50   95423     170   95338  6790005  71.16
1950-1959        3      0.00120  0.00120  0.50   95253     114   95196  6694668  70.28
1950-1959        4      0.00096  0.00096  0.50   95139      91   95093  6599472  69.37
1950-1959        5      0.00076  0.00076  0.50   95047      72   95011  6504379  68.43
1950-1959        6      0.00066  0.00066  0.50   94975      62   94944  6409368  67.48
1950-1959        7      0.00054  0.00054  0.50   94913      51   94887  6314424  66.53
1950-1959        8      0.00052  0.00052  0.50   94862      50   94837  6219536  65.56
1950-1959        9      0.00041  0.00041  0.50   94812      39   94793  6124699  64.60
1950-1959       10      0.00043  0.00043  0.50   94774      41   94753  6029906  63.62
1950-1959       11      0.00042  0.00042  0.50   94732      39   94713  5935153  62.65
1950-1959       12      0.00040  0.00040  0.50   94693      38   94674  5840441  61.68
1950-1959       13      0.00046  0.00046  0.50   94655      44   94633  5745766  60.70
1950-1959       14      0.00052  0.00052  0.50   94611      49   94587  5651133  59.73
1950-1959       15      0.00056  0.00056  0.50   94562      53   94536  5556546  58.76
1950-1959       16      0.00066  0.00066  0.50   94509      62   94478  5462010  57.79
1950-1959       17      0.00069  0.00069  0.50   94447      65   94414  5367532  56.83
1950-1959       18      0.00076  0.00076  0.50   94382      72   94346  5273118  55.87
1950-1959       19      0.00087  0.00087  0.50   94310      82   94269  5178772  54.91
1950-1959       20      0.00089  0.00089  0.50   94228      84   94186  5084503  53.96
1950-1959       21      0.00093  0.00093  0.50   94144      87   94101  4990316  53.01
1950-1959       22      0.00100  0.00100  0.50   94057      94   94010  4896216  52.06
1950-1959       23      0.00105  0.00105  0.50   93963      98   93914  4802206  51.11
1950-1959       24      0.00112  0.00112  0.50   93865     106   93812  4708292  50.16
1950-1959       25      0.00117  0.00117  0.50   93759     110   93704  4614480  49.22
1950-1959       26      0.00113  0.00113  0.50   93649     105   93596  4520776  48.27
1950-1959       27      0.00119  0.00119  0.50   93544     111   93488  4427179  47.33
1950-1959       28      0.00114  0.00114  0.50   93433     106   93379  4333691  46.38
1950-1959       29      0.00128  0.00128  0.50   93326     119   93267  4240312  45.44
1950-1959       30      0.00139  0.00139  0.50   93207     130   93142  4147045  44.49
1950-1959       31      0.00140  0.00140  0.50   93078     131   93012  4053903  43.55
1950-1959       32      0.00138  0.00138  0.50   92947     128   92883  3960890  42.61
1950-1959       33      0.00154  0.00154  0.50   92819     143   92748  3868007  41.67
1950-1959       34      0.00165  0.00165  0.50   92676     153   92600  3775260  40.74
1950-1959       35      0.00167  0.00166  0.50   92523     154   92446  3682660  39.80
1950-1959       36      0.00196  0.00195  0.50   92369     181   92279  3590214  38.87
1950-1959       37      0.00194  0.00194  0.50   92188     179   92099  3497935  37.94
1950-1959       38      0.00211  0.00211  0.50   92010     194   91913  3405836  37.02
1950-1959       39      0.00231  0.00231  0.50   91816     212   91710  3313924  36.09
1950-1959       40      0.00256  0.00256  0.50   91604     234   91487  3222214  35.18
1950-1959       41      0.00258  0.00258  0.50   91370     236   91252  3130727  34.26
1950-1959       42      0.00295  0.00295  0.50   91134     269   91000  3039475  33.35
1950-1959       43      0.00296  0.00296  0.50   90865     269   90731  2948476  32.45
1950-1959       44      0.00328  0.00328  0.50   90596     297   90448  2857745  31.54
1950-1959       45      0.00340  0.00340  0.50   90300     307   90146  2767297  30.65
1950-1959       46      0.00382  0.00381  0.50   89993     343   89822  2677151  29.75
1950-1959       47      0.00427  0.00426  0.50   89650     382   89459  2587329  28.86
1950-1959       48      0.00477  0.00476  0.50   89268     425   89056  2497870  27.98
1950-1959       49      0.00492  0.00491  0.50   88843     436   88625  2408814  27.11
1950-1959       50      0.00529  0.00527  0.50   88407     466   88174  2320189  26.24
1950-1959       51      0.00582  0.00581  0.50   87941     511   87685  2232016  25.38
1950-1959       52      0.00627  0.00625  0.50   87430     546   87157  2144330  24.53
1950-1959       53      0.00681  0.00679  0.50   86884     590   86589  2057173  23.68
1950-1959       54      0.00737  0.00735  0.50   86294     634   85977  1970585  22.84
1950-1959       55      0.00783  0.00780  0.50   85660     668   85326  1884608  22.00
1950-1959       56      0.00863  0.00859  0.50   84991     730   84626  1799282  21.17
1950-1959       57      0.00919  0.00915  0.50   84261     771   83876  1714656  20.35
1950-1959       58      0.01025  0.01020  0.50   83490     852   83064  1630780  19.53
1950-1959       59      0.01099  0.01093  0.50   82639     903   82187  1547716  18.73
1950-1959       60      0.01235  0.01227  0.50   81736    1003   81234  1465529  17.93
1950-1959       61      0.01357  0.01348  0.50   80732    1088   80188  1384294  17.15
1950-1959       62      0.01536  0.01524  0.50   79644    1214   79037  1304106  16.37
1950-1959       63      0.01700  0.01686  0.50   78430    1322   77769  1225069  15.62
1950-1959       64      0.01854  0.01837  0.50   77108    1417   76400  1147299  14.88
1950-1959       65      0.02057  0.02036  0.50   75691    1541   74921  1070899  14.15
1950-1959       66      0.02357  0.02330  0.50   74150    1728   73286   995979  13.43
1950-1959       67      0.02594  0.02561  0.50   72423    1855   71495   922692  12.74
1950-1959       68      0.02933  0.02891  0.50   70568    2040   69548   851197  12.06
1950-1959       69      0.03287  0.03234  0.50   68528    2216   67420   781649  11.41
1950-1959       70      0.03697  0.03630  0.50   66312    2407   65108   714229  10.77
1950-1959       71      0.04159  0.04075  0.50   63905    2604   62603   649121  10.16
1950-1959       72      0.04659  0.04553  0.50   61301    2791   59905   586518   9.57
1950-1959       73      0.05226  0.05093  0.50   58510    2980   57020   526612   9.00
1950-1959       74      0.05809  0.05645  0.50   55530    3135   53963   469592   8.46
1950-1959       75      0.06577  0.06368  0.50   52395    3336   50727   415630   7.93
1950-1959       76      0.07304  0.07047  0.50   49059    3457   47330   364903   7.44
1950-1959       77      0.08192  0.07870  0.50   45602    3589   43807   317572   6.96
1950-1959       78      0.09122  0.08724  0.50   42013    3665   40180   273765   6.52
1950-1959       79      0.10360  0.09850  0.50   38348    3777   36459   233585   6.09
1950-1959       80      0.11333  0.10725  0.50   34570    3708   32717   197126   5.70
1950-1959       81      0.12429  0.11702  0.50   30863    3612   29057   164409   5.33
1950-1959       82      0.14137  0.13204  0.50   27251    3598   25452   135352   4.97
1950-1959       83      0.15200  0.14127  0.50   23653    3341   21982   109900   4.65
1950-1959       84      0.17134  0.15782  0.50   20312    3205   18709    87918   4.33
1950-1959       85      0.18831  0.17211  0.50   17106    2944   15634    69209   4.05
1950-1959       86      0.21016  0.19018  0.50   14162    2693   12815    53575   3.78
1950-1959       87      0.22573  0.20284  0.50   11469    2326   10306    40760   3.55
1950-1959       88      0.24413  0.21757  0.50    9142    1989    8148    30454   3.33
1950-1959       89      0.26738  0.23585  0.50    7153    1687    6310    22306   3.12
1950-1959       90      0.28705  0.25102  0.50    5466    1372    4780    15996   2.93
1950-1959       91      0.31238  0.27018  0.50    4094    1106    3541    11216   2.74
1950-1959       92      0.34976  0.29770  0.50    2988     890    2543     7675   2.57
1950-1959       93      0.36482  0.30854  0.50    2098     647    1775     5132   2.45
1950-1959       94      0.37154  0.31333  0.50    1451     455    1224     3357   2.31
1950-1959       95      0.42495  0.35048  0.50     996     349     822     2134   2.14
1950-1959       96      0.45370  0.36981  0.50     647     239     527     1312   2.03
1950-1959       97      0.48277  0.38889  0.50     408     159     329      785   1.92
1950-1959       98      0.51195  0.40761  0.50     249     102     198      456   1.83
1950-1959       99      0.54105  0.42585  0.50     148      63     116      258   1.74
1950-1959      100      0.56987  0.44350  0.50      85      38      66      141   1.67
1950-1959      101      0.59823  0.46049  0.50      47      22      36       75   1.60
1950-1959      102      0.62594  0.47674  0.50      25      12      19       39   1.54
1950-1959      103      0.65286  0.49219  0.50      13       7      10       20   1.48
1950-1959      104      0.67883  0.50681  0.50       7       3       5       10   1.43
1950-1959      105      0.70373  0.52056  0.50       3       2       2        5   1.38
1950-1959      106      0.72749  0.53345  0.50       2       1       1        2   1.34
1950-1959      107      0.75001  0.54546  0.50       1       0       1        1   1.31
1950-1959      108      0.77126  0.55661  0.50       0       0       0        0   1.28
1950-1959      109      0.79120  0.56693  0.50       0       0       0        0   1.25
1950-1959      110+     0.80984  1.00000  1.23       0       0       0        0   1.23
1960-1969        0      0.02632  0.02575  0.15  100000    2575   97809  7294588  72.95
1960-1969        1      0.00192  0.00192  0.50   97425     187   97332  7196779  73.87
1960-1969        2      0.00102  0.00102  0.50   97239      99   97189  7099447  73.01
1960-1969        3      0.00078  0.00078  0.50   97140      76   97102  7002258  72.08
1960-1969        4      0.00056  0.00056  0.50   97064      54   97037  6905156  71.14
1960-1969        5      0.00052  0.00052  0.50   97010      50   96985  6808119  70.18
1960-1969        6      0.00042  0.00042  0.50   96960      40   96940  6711134  69.22
1960-1969        7      0.00037  0.00037  0.50   96920      36   96902  6614194  68.24
1960-1969        8      0.00033  0.00033  0.50   96883      32   96867  6517293  67.27
1960-1969        9      0.00034  0.00034  0.50   96851      33   96835  6420425  66.29
1960-1969       10      0.00033  0.00033  0.50   96818      32   96802  6323590  65.31
1960-1969       11      0.00034  0.00034  0.50   96786      32   96769  6226789  64.34
1960-1969       12      0.00029  0.00029  0.50   96753      28   96739  6130019  63.36
1960-1969       13      0.00026  0.00026  0.50   96725      25   96712  6033280  62.38
1960-1969       14      0.00035  0.00035  0.50   96700      34   96683  5936568  61.39
1960-1969       15      0.00041  0.00041  0.50   96666      40   96646  5839885  60.41
1960-1969       16      0.00048  0.00048  0.50   96626      46   96603  5743239  59.44
1960-1969       17      0.00046  0.00046  0.50   96580      44   96557  5646636  58.47
1960-1969       18      0.00055  0.00055  0.50   96535      53   96509  5550079  57.49
1960-1969       19      0.00058  0.00058  0.50   96482      56   96454  5453570  56.52
1960-1969       20      0.00057  0.00057  0.50   96426      55   96399  5357116  55.56
1960-1969       21      0.00058  0.00058  0.50   96371      56   96343  5260717  54.59
1960-1969       22      0.00055  0.00055  0.50   96316      53   96289  5164374  53.62
1960-1969       23      0.00058  0.00058  0.50   96262      56   96234  5068085  52.65
1960-1969       24      0.00061  0.00061  0.50   96206      59   96177  4971851  51.68
1960-1969       25      0.00056  0.00056  0.50   96148      54   96121  4875674  50.71
1960-1969       26      0.00066  0.00066  0.50   96094      63   96062  4779553  49.74
1960-1969       27      0.00069  0.00069  0.50   96030      66   95997  4683491  48.77
1960-1969       28      0.00080  0.00080  0.50   95964      77   95926  4587494  47.80
1960-1969       29      0.00079  0.00079  0.50   95888      76   95850  4491568  46.84
1960-1969       30      0.00085  0.00085  0.50   95812      81   95771  4395718  45.88
1960-1969       31      0.00095  0.00095  0.50   95731      91   95685  4299947  44.92
1960-1969       32      0.00100  0.00100  0.50   95640      96   95592  4204262  43.96
1960-1969       33      0.00113  0.00113  0.50   95544     108   95490  4108670  43.00
1960-1969       34      0.00116  0.00116  0.50   95436     111   95381  4013180  42.05
1960-1969       35      0.00123  0.00123  0.50   95325     117   95267  3917799  41.10
1960-1969       36      0.00138  0.00138  0.50   95209     131   95143  3822532  40.15
1960-1969       37      0.00158  0.00158  0.50   95077     150   95002  3727389  39.20
1960-1969       38      0.00156  0.00156  0.50   94927     148   94853  3632387  38.26
1960-1969       39      0.00185  0.00185  0.50   94779     175   94692  3537534  37.32
1960-1969       40      0.00182  0.00181  0.50   94604     172   94518  3442842  36.39
1960-1969       41      0.00206  0.00205  0.50   94433     194   94336  3348324  35.46
1960-1969       42      0.00221  0.00221  0.50   94239     208   94135  3253988  34.53
1960-1969       43      0.00241  0.00240  0.50   94031     226   93918  3159854  33.60
1960-1969       44      0.00271  0.00270  0.50   93805     254   93678  3065936  32.68
1960-1969       45      0.00298  0.00298  0.50   93551     278   93412  2972258  31.77
1960-1969       46      0.00317  0.00316  0.50   93273     295   93125  2878846  30.86
1960-1969       47      0.00341  0.00341  0.50   92978     317   92820  2785720  29.96
1960-1969       48      0.00385  0.00384  0.50   92661     356   92483  2692901  29.06
1960-1969       49      0.00412  0.00411  0.50   92305     380   92116  2600418  28.17
1960-1969       50      0.00443  0.00442  0.50   91926     406   91723  2508302  27.29
1960-1969       51      0.00491  0.00490  0.50   91519     448   91295  2416580  26.41
1960-1969       52      0.00537  0.00536  0.50   91071     488   90827  2325284  25.53
1960-1969       53      0.00566  0.00564  0.50   90583     511   90328  2234457  24.67
1960-1969       54      0.00617  0.00615  0.50   90072     554   89795  2144130  23.80
1960-1969       55      0.00668  0.00666  0.50   89518     596   89220  2054335  22.95
1960-1969       56      0.00736  0.00733  0.50   88922     652   88596  1965115  22.10
1960-1969       57      0.00794  0.00791  0.50   88270     698   87921  1876518  21.26
1960-1969       58      0.00907  0.00903  0.50   87572     791   87177  1788597  20.42
1960-1969       59      0.00964  0.00959  0.50   86782     832   86365  1701421  19.61
1960-1969       60      0.01078  0.01072  0.50   85949     921   85488  1615055  18.79
1960-1969       61      0.01197  0.01190  0.50   85028    1012   84522  1529567  17.99
1960-1969       62      0.01323  0.01315  0.50   84016    1104   83463  1445045  17.20
1960-1969       63      0.01455  0.01445  0.50   82911    1198   82312  1361582  16.42
1960-1969       64      0.01650  0.01637  0.50   81713    1337   81045  1279270  15.66
1960-1969       65      0.01834  0.01817  0.50   80376    1461   79646  1198225  14.91
1960-1969       66      0.02026  0.02006  0.50   78915    1583   78124  1118579  14.17
1960-1969       67      0.02295  0.02269  0.50   77332    1754   76455  1040455  13.45
1960-1969       68      0.02550  0.02518  0.50   75578    1903   74626   964000  12.76
1960-1969       69      0.02848  0.02808  0.50   73675    2068   72641   889374  12.07
1960-1969       70      0.03260  0.03208  0.50   71606    2297   70458   816733  11.41
1960-1969       71      0.03659  0.03593  0.50   69309    2490   68064   746275  10.77
1960-1969       72      0.04131  0.04048  0.50   66819    2705   65467   678211  10.15
1960-1969       73      0.04583  0.04481  0.50   64114    2873   62678   612744   9.56
1960-1969       74      0.05176  0.05046  0.50   61242    3090   59697   550066   8.98
1960-1969       75      0.05745  0.05585  0.50   58152    3248   56528   490369   8.43
1960-1969       76      0.06474  0.06271  0.50   54904    3443   53182   433842   7.90
1960-1969       77      0.07286  0.07029  0.50   51461    3617   49652   380659   7.40
1960-1969       78      0.08157  0.07838  0.50   47843    3750   45968   331007   6.92
1960-1969       79      0.09060  0.08667  0.50   44093    3822   42183   285039   6.46
1960-1969       80      0.10348  0.09839  0.50   40272    3962   38291   242856   6.03
1960-1969       81      0.11489  0.10865  0.50   36310    3945   34337   204565   5.63
1960-1969       82      0.12684  0.11928  0.50   32365    3860   30434   170228   5.26
1960-1969       83      0.14263  0.13314  0.50   28504    3795   26607   139794   4.90
1960-1969       84      0.15832  0.14670  0.50   24709    3625   22897   113187   4.58
1960-1969       85      0.17324  0.15943  0.50   21084    3361   19404    90290   4.28
1960-1969       86      0.18892  0.17261  0.50   17723    3059   16193    70887   4.00
1960-1969       87      0.20703  0.18761  0.50   14664    2751   13288    54693   3.73
1960-1969       88      0.23128  0.20731  0.50   11913    2470   10678    41405   3.48
1960-1969       89      0.24999  0.22222  0.50    9443    2098    8394    30727   3.25
1960-1969       90      0.27389  0.24090  0.50    7345    1769    6460    22334   3.04
1960-1969       91      0.29841  0.25967  0.50    5575    1448    4851    15874   2.85
1960-1969       92      0.31941  0.27542  0.50    4128    1137    3559    11022   2.67
1960-1969       93      0.35398  0.30075  0.50    2991     899    2541     7463   2.50
1960-1969       94      0.38202  0.32075  0.50    2091     671    1756     4922   2.35
1960-1969       95      0.40454  0.33648  0.50    1420     478    1182     3166   2.23
1960-1969       96      0.43326  0.35612  0.50     943     336     775     1985   2.11
1960-1969       97      0.46244  0.37559  0.50     607     228     493     1210   1.99
1960-1969       98      0.49187  0.39478  0.50     379     150     304      717   1.89
1960-1969       99      0.52136  0.41356  0.50     229      95     182      413   1.80
1960-1969      100      0.55071  0.43181  0.50     134      58     105      231   1.72
1960-1969      101      0.57970  0.44943  0.50      76      34      59      126   1.64
1960-1969      102      0.60815  0.46635  0.50      42      20      32       66   1.57
1960-1969      103      0.63589  0.48249  0.50      22      11      17       34   1.51
1960-1969      104      0.66276  0.49780  0.50      12       6       9       17   1.46
1960-1969      105      0.68861  0.51224  0.50       6       3       4        8   1.41
1960-1969      106      0.71333  0.52580  0.50       3       1       2        4   1.37
1960-1969      107      0.73685  0.53846  0.50       1       1       1        2   1.33
1960-1969      108      0.75909  0.55024  0.50       1       0       0        1   1.30
1960-1969      109      0.78000  0.56115  0.50       0       0       0        0   1.27
1960-1969      110+     0.79959  1.00000  1.25       0       0       0        0   1.25
1970-1979        0      0.01833  0.01804  0.12  100000    1804   98409  7467896  74.68
1970-1979        1      0.00122  0.00122  0.50   98196     120   98136  7369487  75.05
1970-1979        2      0.00072  0.00072  0.50   98076      71   98041  7271351  74.14
1970-1979        3      0.00051  0.00051  0.50   98005      50   97980  7173310  73.19
1970-1979        4      0.00043  0.00043  0.50   97955      42   97934  7075330  72.23
1970-1979        5      0.00038  0.00038  0.50   97913      37   97894  6977396  71.26
1970-1979        6      0.00035  0.00035  0.50   97876      34   97859  6879502  70.29
1970-1979        7      0.00029  0.00029  0.50   97842      29   97828  6781643  69.31
1970-1979        8      0.00027  0.00027  0.50   97813      26   97800  6683815  68.33
1970-1979        9      0.00022  0.00022  0.50   97787      22   97776  6586015  67.35
1970-1979       10      0.00024  0.00024  0.50   97766      23   97754  6488238  66.37
1970-1979       11      0.00024  0.00024  0.50   97743      23   97731  6390484  65.38
1970-1979       12      0.00024  0.00024  0.50   97719      24   97708  6292753  64.40
1970-1979       13      0.00025  0.00025  0.50   97696      24   97684  6195046  63.41
1970-1979       14      0.00031  0.00031  0.50   97671      30   97656  6097362  62.43
1970-1979       15      0.00039  0.00039  0.50   97641      38   97622  5999706  61.45
1970-1979       16      0.00052  0.00052  0.50   97603      50   97577  5902084  60.47
1970-1979       17      0.00062  0.00062  0.50   97552      60   97522  5804507  59.50
1970-1979       18      0.00060  0.00060  0.50   97492      59   97462  5706985  58.54
1970-1979       19      0.00063  0.00063  0.50   97433      62   97402  5609523  57.57
1970-1979       20      0.00057  0.00057  0.50   97371      55   97344  5512120  56.61
1970-1979       21      0.00055  0.00055  0.50   97316      54   97289  5414776  55.64
1970-1979       22      0.00050  0.00050  0.50   97263      49   97238  5317487  54.67
1970-1979       23      0.00050  0.00050  0.50   97214      49   97189  5220249  53.70
1970-1979       24      0.00054  0.00054  0.50   97165      53   97139  5123059  52.73
1970-1979       25      0.00057  0.00057  0.50   97112      56   97084  5025921  51.75
1970-1979       26      0.00051  0.00051  0.50   97056      50   97032  4928837  50.78
1970-1979       27      0.00063  0.00063  0.50   97007      62   96976  4831805  49.81
1970-1979       28      0.00064  0.00064  0.50   96945      62   96914  4734829  48.84
1970-1979       29      0.00064  0.00064  0.50   96883      62   96853  4637915  47.87
1970-1979       30      0.00071  0.00071  0.50   96822      69   96787  4541062  46.90
1970-1979       31      0.00083  0.00083  0.50   96753      80   96713  4444275  45.93
1970-1979       32      0.00082  0.00082  0.50   96673      80   96633  4347562  44.97
1970-1979       33      0.00088  0.00088  0.50   96593      85   96551  4250928  44.01
1970-1979       34      0.00102  0.00102  0.50   96509      99   96460  4154377  43.05
1970-1979       35      0.00104  0.00104  0.50   96410     101   96360  4057918  42.09
1970-1979       36      0.00109  0.00108  0.50   96310     104   96257  3961558  41.13
1970-1979       37      0.00122  0.00122  0.50   96205     117   96147  3865300  40.18
1970-1979       38      0.00134  0.00134  0.50   96088     129   96023  3769154  39.23
1970-1979       39      0.00150  0.00150  0.50   95959     144   95887  3673130  38.28
1970-1979       40      0.00171  0.00171  0.50   95815     164   95734  3577243  37.33
1970-1979       41      0.00182  0.00182  0.50   95652     174   95565  3481510  36.40
1970-1979       42      0.00191  0.00191  0.50   95478     182   95387  3385945  35.46
1970-1979       43      0.00208  0.00208  0.50   95295     198   95196  3290558  34.53
1970-1979       44      0.00229  0.00229  0.50   95097     218   94989  3195362  33.60
1970-1979       45      0.00249  0.00249  0.50   94880     236   94762  3100373  32.68
1970-1979       46      0.00281  0.00281  0.50   94644     266   94511  3005612  31.76
1970-1979       47      0.00319  0.00319  0.50   94378     301   94227  2911101  30.85
1970-1979       48      0.00341  0.00340  0.50   94077     320   93917  2816874  29.94
1970-1979       49      0.00385  0.00385  0.50   93757     361   93577  2722957  29.04
1970-1979       50      0.00415  0.00414  0.50   93396     387   93203  2629381  28.15
1970-1979       51      0.00430  0.00429  0.50   93009     399   92809  2536178  27.27
1970-1979       52      0.00487  0.00485  0.50   92610     450   92385  2443368  26.38
1970-1979       53      0.00515  0.00514  0.50   92160     474   91923  2350983  25.51
1970-1979       54      0.00541  0.00540  0.50   91686     495   91439  2259060  24.64
1970-1979       55      0.00606  0.00605  0.50   91192     551   90916  2167621  23.77
1970-1979       56      0.00662  0.00660  0.50   90640     598   90341  2076705  22.91
1970-1979       57      0.00708  0.00706  0.50   90042     635   89725  1986364  22.06
1970-1979       58      0.00804  0.00801  0.50   89407     716   89049  1896639  21.21
1970-1979       59      0.00856  0.00852  0.50   88691     756   88313  1807590  20.38
1970-1979       60      0.00974  0.00969  0.50   87936     853   87509  1719277  19.55
1970-1979       61      0.01074  0.01068  0.50   87083     930   86618  1631767  18.74
1970-1979       62      0.01159  0.01152  0.50   86153     993   85656  1545150  17.94
1970-1979       63      0.01274  0.01266  0.50   85160    1078   84621  1459494  17.14
1970-1979       64      0.01423  0.01413  0.50   84081    1188   83487  1374873  16.35
1970-1979       65      0.01587  0.01574  0.50   82893    1305   82241  1291386  15.58
1970-1979       66      0.01788  0.01772  0.50   81588    1446   80865  1209145  14.82
1970-1979       67      0.01995  0.01975  0.50   80142    1583   79351  1128280  14.08
1970-1979       68      0.02213  0.02188  0.50   78559    1719   77700  1048929  13.35
1970-1979       69      0.02528  0.02497  0.50   76840    1918   75881   971229  12.64
1970-1979       70      0.02813  0.02774  0.50   74922    2079   73883   895348  11.95
1970-1979       71      0.03257  0.03205  0.50   72843    2335   71676   821466  11.28
1970-1979       72      0.03594  0.03531  0.50   70509    2490   69264   749790  10.63
1970-1979       73      0.04067  0.03986  0.50   68019    2711   66663   680526  10.00
1970-1979       74      0.04600  0.04497  0.50   65308    2937   63840   613863   9.40
1970-1979       75      0.05158  0.05028  0.50   62371    3136   60803   550023   8.82
1970-1979       76      0.05938  0.05766  0.50   59235    3416   57527   489220   8.26
1970-1979       77      0.06566  0.06357  0.50   55819    3549   54045   431693   7.73
1970-1979       78      0.07415  0.07150  0.50   52271    3737   50402   377649   7.22
1970-1979       79      0.08365  0.08030  0.50   48533    3897   46585   327247   6.74
1970-1979       80      0.09534  0.09100  0.50   44636    4062   42605   280662   6.29
1970-1979       81      0.10625  0.10089  0.50   40574    4093   38527   238057   5.87
1970-1979       82      0.11832  0.11171  0.50   36481    4075   34443   199530   5.47
1970-1979       83      0.13172  0.12358  0.50   32405    4005   30403   165087   5.09
1970-1979       84      0.14782  0.13764  0.50   28401    3909   26446   134684   4.74
1970-1979       85      0.16340  0.15106  0.50   24492    3700   22642   108237   4.42
1970-1979       86      0.18203  0.16684  0.50   20792    3469   19057    85596   4.12
1970-1979       87      0.19949  0.18139  0.50   17323    3142   15752    66538   3.84
1970-1979       88      0.21917  0.19752  0.50   14181    2801   12780    50786   3.58
1970-1979       89      0.23938  0.21379  0.50   11380    2433   10163    38006   3.34
1970-1979       90      0.26160  0.23134  0.50    8947    2070    7912    27843   3.11
1970-1979       91      0.29615  0.25796  0.50    6877    1774    5990    19931   2.90
1970-1979       92      0.31464  0.27187  0.50    5103    1387    4409    13941   2.73
1970-1979       93      0.33956  0.29028  0.50    3716    1079    3176     9532   2.57
1970-1979       94      0.36123  0.30596  0.50    2637     807    2234     6355   2.41
1970-1979       95      0.39809  0.33200  0.50    1830     608    1526     4122   2.25
1970-1979       96      0.42774  0.35238  0.50    1223     431    1007     2595   2.12
1970-1979       97      0.45792  0.37261  0.50     792     295     644     1588   2.01
1970-1979       98      0.48841  0.39255  0.50     497     195     399      944   1.90
1970-1979       99      0.51898  0.41206  0.50     302     124     240      544   1.80
1970-1979      100      0.54942  0.43102  0.50     177      76     139      305   1.72
1970-1979      101      0.57949  0.44931  0.50     101      45      78      166   1.64
1970-1979      102      0.60898  0.46683  0.50      56      26      43       87   1.57
1970-1979      103      0.63770  0.48353  0.50      30      14      22       45   1.51
1970-1979      104      0.66546  0.49932  0.50      15       8      11       22   1.45
1970-1979      105      0.69213  0.51419  0.50       8       4       6       11   1.40
1970-1979      106      0.71757  0.52810  0.50       4       2       3        5   1.36
1970-1979      107      0.74169  0.54105  0.50       2       1       1        2   1.32
1970-1979      108      0.76443  0.55305  0.50       1       0       1        1   1.29
1970-1979      109      0.78575  0.56412  0.50       0       0       0        0   1.26
1970-1979      110+     0.80563  1.00000  1.24       0       0       0        0   1.24
1980-1989        0      0.00955  0.00947  0.13  100000     947   99175  7727558  77.28
1980-1989        1      0.00067  0.00067  0.50   99053      67   99019  7628383  77.01
1980-1989        2      0.00046  0.00046  0.50   98986      46   98963  7529364  76.06
1980-1989        3      0.00034  0.00034  0.50   98940      34   98923  7430400  75.10
1980-1989        4      0.00026  0.00026  0.50   98906      26   98893  7331477  74.13
1980-1989        5      0.00020  0.00020  0.50   98880      20   98870  7232584  73.14
1980-1989        6      0.00024  0.00024  0.50   98860      24   98848  7133714  72.16
1980-1989        7      0.00021  0.00021  0.50   98836      21   98826  7034866  71.18
1980-1989        8      0.00017  0.00017  0.50   98815      17   98807  6936040  70.19
1980-1989        9      0.00017  0.00017  0.50   98798      17   98790  6837233  69.20
1980-1989       10      0.00018  0.00018  0.50   98781      18   98772  6738444  68.22
1980-1989       11      0.00015  0.00015  0.50   98764      15   98756  6639671  67.23
1980-1989       12      0.00018  0.00018  0.50   98749      18   98740  6540915  66.24
1980-1989       13      0.00017  0.00017  0.50   98731      17   98723  6442175  65.25
1980-1989       14      0.00024  0.00024  0.50   98714      23   98703  6343452  64.26
1980-1989       15      0.00032  0.00032  0.50   98691      32   98675  6244749  63.28
1980-1989       16      0.00047  0.00047  0.50   98659      46   98636  6146074  62.30
1980-1989       17      0.00038  0.00038  0.50   98613      38   98594  6047438  61.32
1980-1989       18      0.00043  0.00043  0.50   98575      43   98554  5948844  60.35
1980-1989       19      0.00050  0.00050  0.50   98533      49   98508  5850290  59.37
1980-1989       20      0.00042  0.00042  0.50   98483      41   98463  5751782  58.40
1980-1989       21      0.00043  0.00043  0.50   98442      43   98421  5653319  57.43
1980-1989       22      0.00046  0.00046  0.50   98400      45   98377  5554898  56.45
1980-1989       23      0.00046  0.00046  0.50   98354      45   98332  5456521  55.48
1980-1989       24      0.00043  0.00043  0.50   98309      43   98288  5358190  54.50
1980-1989       25      0.00042  0.00042  0.50   98266      41   98246  5259902  53.53
1980-1989       26      0.00044  0.00044  0.50   98225      44   98203  5161656  52.55
1980-1989       27      0.00044  0.00044  0.50   98182      44   98160  5063453  51.57
1980-1989       28      0.00052  0.00052  0.50   98138      51   98112  4965293  50.60
1980-1989       29      0.00053  0.00053  0.50   98087      52   98061  4867181  49.62
1980-1989       30      0.00056  0.00056  0.50   98035      55   98008  4769120  48.65
1980-1989       31      0.00060  0.00060  0.50   97981      59   97951  4671112  47.67
1980-1989       32      0.00063  0.00063  0.50   97922      62   97891  4573161  46.70
1980-1989       33      0.00081  0.00081  0.50   97860      79   97820  4475270  45.73
1980-1989       34      0.00082  0.00082  0.50   97781      80   97740  4377450  44.77
1980-1989       35      0.00092  0.00092  0.50   97700      90   97655  4279709  43.80
1980-1989       36      0.00107  0.00107  0.50   97610     105   97558  4182054  42.84
1980-1989       37      0.00111  0.00111  0.50   97506     109   97452  4084496  41.89
1980-1989       38      0.00122  0.00122  0.50   97397     119   97338  3987044  40.94
1980-1989       39      0.00132  0.00132  0.50   97278     128   97214  3889707  39.99
1980-1989       40      0.00139  0.00139  0.50   97150     135   97082  3792493  39.04
1980-1989       41      0.00149  0.00149  0.50   97015     145   96942  3695410  38.09
1980-1989       42      0.00171  0.00170  0.50   96870     165   96788  3598468  37.15
1980-1989       43      0.00185  0.00185  0.50   96705     179   96615  3501680  36.21
1980-1989       44      0.00210  0.00210  0.50   96526     203   96425  3405065  35.28
1980-1989       45      0.00222  0.00222  0.50   96323     214   96216  3308640  34.35
1980-1989       46      0.00244  0.00244  0.50   96110     234   95993  3212424  33.42
1980-1989       47      0.00251  0.00251  0.50   95875     241   95755  3116431  32.51
1980-1989       48      0.00261  0.00261  0.50   95635     250   95510  3020676  31.59
1980-1989       49      0.00312  0.00311  0.50   95385     297   95237  2925166  30.67
1980-1989       50      0.00330  0.00329  0.50   95088     313   94932  2829929  29.76
1980-1989       51      0.00369  0.00369  0.50   94775     349   94600  2734998  28.86
1980-1989       52      0.00388  0.00387  0.50   94426     366   94243  2640397  27.96
1980-1989       53      0.00420  0.00419  0.50   94060     394   93863  2546154  27.07
1980-1989       54      0.00460  0.00459  0.50   93666     430   93451  2452291  26.18
1980-1989       55      0.00504  0.00503  0.50   93236     469   93002  2358840  25.30
1980-1989       56      0.00546  0.00545  0.50   92768     505   92515  2265838  24.42
1980-1989       57      0.00599  0.00598  0.50   92262     551   91987  2173323  23.56
1980-1989       58      0.00658  0.00656  0.50   91711     601   91410  2081336  22.69
1980-1989       59      0.00717  0.00714  0.50   91110     651   90784  1989926  21.84
1980-1989       60      0.00798  0.00795  0.50   90459     719   90099  1899142  20.99
1980-1989       61      0.00872  0.00869  0.50   89739     779   89350  1809043  20.16
1980-1989       62      0.00927  0.00923  0.50   88960     821   88549  1719693  19.33
1980-1989       63      0.01060  0.01055  0.50   88139     930   87674  1631144  18.51
1980-1989       64      0.01173  0.01166  0.50   87209    1017   86701  1543470  17.70
1980-1989       65      0.01244  0.01236  0.50   86192    1065   85659  1456769  16.90
1980-1989       66      0.01415  0.01405  0.50   85127    1196   84529  1371110  16.11
1980-1989       67      0.01577  0.01565  0.50   83931    1313   83274  1286581  15.33
1980-1989       68      0.01774  0.01759  0.50   82617    1453   81891  1203307  14.56
1980-1989       69      0.01983  0.01964  0.50   81164    1594   80367  1121416  13.82
1980-1989       70      0.02198  0.02174  0.50   79570    1730   78705  1041049  13.08
1980-1989       71      0.02538  0.02507  0.50   77840    1951   76865   962344  12.36
1980-1989       72      0.02916  0.02874  0.50   75889    2181   74799   885479  11.67
1980-1989       73      0.03200  0.03149  0.50   73708    2321   72548   810680  11.00
1980-1989       74      0.03631  0.03567  0.50   71387    2546   70114   738133  10.34
1980-1989       75      0.04130  0.04046  0.50   68841    2786   67448   668019   9.70
1980-1989       76      0.04719  0.04610  0.50   66055    3045   64533   600571   9.09
1980-1989       77      0.05344  0.05205  0.50   63010    3280   61370   536038   8.51
1980-1989       78      0.06062  0.05884  0.50   59730    3514   57973   474668   7.95
1980-1989       79      0.06943  0.06710  0.50   56216    3772   54330   416695   7.41
1980-1989       80      0.07907  0.07606  0.50   52444    3989   50449   362366   6.91
1980-1989       81      0.08924  0.08543  0.50   48455    4140   46385   311917   6.44
1980-1989       82      0.10011  0.09534  0.50   44315    4225   42203   265531   5.99
1980-1989       83      0.11380  0.10767  0.50   40090    4317   37932   223329   5.57
1980-1989       84      0.12658  0.11904  0.50   35774    4259   33645   185396   5.18
1980-1989       85      0.14180  0.13242  0.50   31515    4173   29429   151752   4.82
1980-1989       86      0.16050  0.14858  0.50   27342    4063   25311   122323   4.47
1980-1989       87      0.17792  0.16339  0.50   23280    3804   21378    97012   4.17
1980-1989       88      0.19791  0.18009  0.50   19476    3507   17722    75635   3.88
1980-1989       89      0.21324  0.19269  0.50   15969    3077   14430    57912   3.63
1980-1989       90      0.23621  0.21126  0.50   12892    2724   11530    43482   3.37
1980-1989       91      0.25870  0.22907  0.50   10168    2329    9003    31952   3.14
1980-1989       92      0.28282  0.24778  0.50    7839    1942    6868    22949   2.93
1980-1989       93      0.30704  0.26617  0.50    5897    1570    5112    16081   2.73
1980-1989       94      0.34183  0.29194  0.50    4327    1263    3695    10969   2.54
1980-1989       95      0.37120  0.31309  0.50    3064     959    2584     7274   2.37
1980-1989       96      0.40148  0.33436  0.50    2105     704    1753     4690   2.23
1980-1989       97      0.43253  0.35562  0.50    1401     498    1152     2937   2.10
1980-1989       98      0.46411  0.37670  0.50     903     340     733     1785   1.98
1980-1989       99      0.49599  0.39743  0.50     563     224     451     1052   1.87
1980-1989      100      0.52790  0.41766  0.50     339     142     268      601   1.77
1980-1989      101      0.55959  0.43725  0.50     197      86     154      333   1.69
1980-1989      102      0.59080  0.45607  0.50     111      51      86      179   1.61
1980-1989      103      0.62129  0.47403  0.50      60      29      46       93   1.54
1980-1989      104      0.65085  0.49105  0.50      32      16      24       47   1.48
1980-1989      105      0.67930  0.50707  0.50      16       8      12       23   1.43
1980-1989      106      0.70647  0.52206  0.50       8       4       6       11   1.38
1980-1989      107      0.73225  0.53601  0.50       4       2       3        5   1.33
1980-1989      108      0.75655  0.54891  0.50       2       1       1        2   1.30
1980-1989      109      0.77930  0.56079  0.50       1       0       1        1   1.27
1980-1989      110+     0.80049  1.00000  1.25       0       0       0        0   1.25
1990-1999        0      0.00548  0.00545  0.14  100000     545   99530  7981017  79.81
1990-1999        1      0.00047  0.00047  0.50   99455      47   99432  7881486  79.25
1990-1999        2      0.00029  0.00029  0.50   99408      29   99394  7782055  78.28
1990-1999        3      0.00026  0.00026  0.50   99379      26   99366  7682661  77.31
1990-1999        4      0.00016  0.00016  0.50   99353      16   99345  7583295  76.33
1990-1999        5      0.00016  0.00016  0.50   99337      16   99329  7483950  75.34
1990-1999        6      0.00013  0.00013  0.50   99321      13   99315  7384621  74.35
1990-1999        7      0.00011  0.00011  0.50   99308      11   99302  7285306  73.36
1990-1999        8      0.00014  0.00014  0.50   99297      13   99290  7186004  72.37
1990-1999        9      0.00012  0.00012  0.50   99283      12   99277  7086714  71.38
1990-1999       10      0.00012  0.00012  0.50   99271      12   99265  6987437  70.39
1990-1999       11      0.00010  0.00010  0.50   99259      10   99254  6888171  69.40
1990-1999       12      0.00013  0.00013  0.50   99249      13   99243  6788917  68.40
1990-1999       13      0.00015  0.00015  0.50   99237      15   99230  6689674  67.41
1990-1999       14      0.00016  0.00016  0.50   99222      15   99215  6590444  66.42
1990-1999       15      0.00021  0.00021  0.50   99207      21   99196  6491230  65.43
1990-1999       16      0.00035  0.00035  0.50   99186      34   99169  6392033  64.44
1990-1999       17      0.00031  0.00031  0.50   99152      31   99136  6292864  63.47
1990-1999       18      0.00038  0.00038  0.50   99121      37   99102  6193728  62.49
1990-1999       19      0.00037  0.00037  0.50   99083      37   99065  6094627  61.51
1990-1999       20      0.00039  0.00039  0.50   99046      38   99027  5995562  60.53
1990-1999       21      0.00033  0.00033  0.50   99008      33   98992  5896534  59.56
1990-1999       22      0.00032  0.00032  0.50   98975      32   98960  5797543  58.58
1990-1999       23      0.00033  0.00033  0.50   98944      33   98927  5698583  57.59
1990-1999       24      0.00038  0.00038  0.50   98911      38   98892  5599656  56.61
1990-1999       25      0.00031  0.00031  0.50   98874      31   98858  5500763  55.63
1990-1999       26      0.00035  0.00035  0.50   98842      34   98825  5401905  54.65
1990-1999       27      0.00035  0.00035  0.50   98808      35   98791  5303080  53.67
1990-1999       28      0.00041  0.00041  0.50   98774      40   98753  5204289  52.69
1990-1999       29      0.00042  0.00042  0.50   98733      41   98713  5105535  51.71
1990-1999       30      0.00043  0.00043  0.50   98692      43   98671  5006823  50.73
1990-1999       31      0.00048  0.00048  0.50   98650      48   98626  4908152  49.75
1990-1999       32      0.00054  0.00054  0.50   98602      54   98575  4809526  48.78
1990-1999       33      0.00058  0.00058  0.50   98548      57   98520  4710951  47.80
1990-1999       34      0.00059  0.00059  0.50   98491      58   98462  4612431  46.83
1990-1999       35      0.00061  0.00061  0.50   98433      60   98403  4513970  45.86
1990-1999       36      0.00072  0.00072  0.50   98372      71   98337  4415567  44.89
1990-1999       37      0.00086  0.00086  0.50   98301      84   98259  4317230  43.92
1990-1999       38      0.00089  0.00089  0.50   98217      87   98174  4218971  42.96
1990-1999       39      0.00099  0.00099  0.50   98130      97   98082  4120797  41.99
1990-1999       40      0.00107  0.00107  0.50   98033     105   97981  4022715  41.03
1990-1999       41      0.00115  0.00115  0.50   97928     113   97872  3924734  40.08
1990-1999       42      0.00138  0.00138  0.50   97815     135   97748  3826863  39.12
1990-1999       43      0.00157  0.00156  0.50   97681     153   97604  3729115  38.18
1990-1999       44      0.00167  0.00167  0.50   97528     163   97446  3631510  37.24
1990-1999       45      0.00197  0.00197  0.50   97365     192   97269  3534064  36.30
1990-1999       46      0.00206  0.00206  0.50   97173     200   97073  3436795  35.37
1990-1999       47      0.00223  0.00223  0.50   96973     216   96865  3339722  34.44
1990-1999       48      0.00247  0.00247  0.50   96757     239   96638  3242857  33.52
1990-1999       49      0.00254  0.00254  0.50   96518     245   96395  3146220  32.60
1990-1999       50      0.00301  0.00300  0.50   96273     289   96128  3049825  31.68
1990-1999       51      0.00300  0.00299  0.50   95983     287   95840  2953696  30.77
1990-1999       52      0.00323  0.00323  0.50   95696     309   95542  2857857  29.86
1990-1999       53      0.00365  0.00364  0.50   95387     348   95214  2762315  28.96
1990-1999       54      0.00375  0.00375  0.50   95040     356   94862  2667101  28.06
1990-1999       55      0.00421  0.00420  0.50   94684     398   94485  2572240  27.17
1990-1999       56      0.00428  0.00428  0.50   94286     403   94084  2477755  26.28
1990-1999       57      0.00471  0.00469  0.50   93883     441   93662  2383671  25.39
1990-1999       58      0.00527  0.00525  0.50   93442     491   93196  2290009  24.51
1990-1999       59      0.00556  0.00555  0.50   92951     516   92693  2196812  23.63
1990-1999       60      0.00600  0.00598  0.50   92435     553   92159  2104119  22.76
1990-1999       61      0.00662  0.00659  0.50   91882     606   91579  2011960  21.90
1990-1999       62      0.00753  0.00750  0.50   91276     684   90934  1920381  21.04
1990-1999       63      0.00840  0.00836  0.50   90592     758   90213  1829447  20.19
1990-1999       64      0.00928  0.00924  0.50   89834     830   89419  1739234  19.36
1990-1999       65      0.01009  0.01004  0.50   89004     894   88557  1649815  18.54
1990-1999       66      0.01150  0.01143  0.50   88110    1008   87607  1561258  17.72
1990-1999       67      0.01233  0.01225  0.50   87103    1067   86569  1473651  16.92
1990-1999       68      0.01405  0.01395  0.50   86036    1201   85435  1387082  16.12
1990-1999       69      0.01564  0.01552  0.50   84835    1317   84177  1301647  15.34
1990-1999       70      0.01727  0.01712  0.50   83518    1430   82803  1217470  14.58
1990-1999       71      0.01965  0.01945  0.50   82088    1597   81290  1134667  13.82
1990-1999       72      0.02181  0.02158  0.50   80491    1737   79623  1053377  13.09
1990-1999       73      0.02413  0.02384  0.50   78754    1878   77815   973755  12.36
1990-1999       74      0.02740  0.02703  0.50   76876    2078   75837   895939  11.65
1990-1999       75      0.03095  0.03048  0.50   74799    2280   73659   820102  10.96
1990-1999       76      0.03522  0.03461  0.50   72519    2510   71263   746443  10.29
1990-1999       77      0.04018  0.03939  0.50   70008    2758   68630   675180   9.64
1990-1999       78      0.04607  0.04504  0.50   67251    3029   65737   606550   9.02
1990-1999       79      0.05155  0.05025  0.50   64222    3227   62609   540814   8.42
1990-1999       80      0.06177  0.05992  0.50   60995    3655   59168   478205   7.84
1990-1999       81      0.06967  0.06732  0.50   57340    3860   55410   419037   7.31
1990-1999       82      0.07903  0.07603  0.50   53480    4066   51447   363627   6.80
1990-1999       83      0.08892  0.08513  0.50   49414    4207   47311   312180   6.32
1990-1999       84      0.10107  0.09621  0.50   45207    4349   43033   264869   5.86
1990-1999       85      0.11423  0.10806  0.50   40858    4415   38651   221836   5.43
1990-1999       86      0.13036  0.12238  0.50   36443    4460   34213   183185   5.03
1990-1999       87      0.14513  0.13531  0.50   31983    4328   29819   148972   4.66
1990-1999       88      0.16661  0.15380  0.50   27656    4253   25529   119153   4.31
1990-1999       89      0.18399  0.16849  0.50   23402    3943   21431    93624   4.00
1990-1999       90      0.20705  0.18762  0.50   19459    3651   17634    72193   3.71
1990-1999       91      0.22537  0.20255  0.50   15808    3202   14207    54560   3.45
1990-1999       92      0.25288  0.22449  0.50   12606    2830   11191    40353   3.20
1990-1999       93      0.27355  0.24064  0.50    9776    2353    8600    29162   2.98
1990-1999       94      0.29692  0.25854  0.50    7424    1919    6464    20562   2.77
1990-1999       95      0.33465  0.28668  0.50    5504    1578    4715    14098   2.56
1990-1999       96      0.36550  0.30903  0.50    3926    1213    3320     9382   2.39
1990-1999       97      0.39750  0.33159  0.50    2713     900    2263     6063   2.23
1990-1999       98      0.43040  0.35418  0.50    1813     642    1492     3799   2.10
1990-1999       99      0.46392  0.37657  0.50    1171     441     951     2307   1.97
1990-1999      100      0.49777  0.39857  0.50     730     291     585     1356   1.86
1990-1999      101      0.53164  0.42000  0.50     439     184     347      772   1.76
1990-1999      102      0.56523  0.44068  0.50     255     112     199      425   1.67
1990-1999      103      0.59822  0.46049  0.50     142      66     110      226   1.59
1990-1999      104      0.63035  0.47929  0.50      77      37      58      117   1.52
1990-1999      105      0.66137  0.49701  0.50      40      20      30       58   1.46
1990-1999      106      0.69106  0.51359  0.50      20      10      15       28   1.40
1990-1999      107      0.71924  0.52900  0.50      10       5       7       13   1.35
1990-1999      108      0.74581  0.54323  0.50       5       3       3        6   1.31
1990-1999      109      0.77066  0.55630  0.50       2       1       2        3   1.28
1990-1999      110+     0.79375  1.00000  1.26       1       1       1        1   1.26
2000-2009        0      0.00366  0.00365  0.14  100000     365   99687  8214523  82.15
2000-2009        1      0.00037  0.00037  0.50   99635      37   99616  8114836  81.45
2000-2009        2      0.00018  0.00018  0.50   99598      18   99589  8015220  80.48
2000-2009        3      0.00012  0.00012  0.50   99580      12   99574  7915631  79.49
2000-2009        4      0.00010  0.00010  0.50   99567      10   99562  7816058  78.50
2000-2009        5      0.00009  0.00009  0.50   99557       9   99553  7716495  77.51
2000-2009        6      0.00009  0.00009  0.50   99548       9   99544  7616943  76.52
2000-2009        7      0.00010  0.00010  0.50   99540      10   99535  7517399  75.52
2000-2009        8      0.00007  0.00007  0.50   99530       7   99527  7417864  74.53
2000-2009        9      0.00010  0.00010  0.50   99523      10   99518  7318337  73.53
2000-2009       10      0.00007  0.00007  0.50   99513       7   99510  7218819  72.54
2000-2009       11      0.00008  0.00008  0.50   99506       8   99502  7119310  71.55
2000-2009       12      0.00010  0.00010  0.50   99498      10   99493  7019808  70.55
2000-2009       13      0.00012  0.00012  0.50   99488      12   99482  6920314  69.56
2000-2009       14      0.00017  0.00017  0.50   99476      17   99468  6820832  68.57
2000-2009       15      0.00021  0.00021  0.50   99459      21   99449  6721364  67.58
2000-2009       16      0.00025  0.00025  0.50   99439      25   99426  6621915  66.59
2000-2009       17      0.00030  0.00030  0.50   99414      30   99399  6522489  65.61
2000-2009       18      0.00034  0.00034  0.50   99383      34   99367  6423091  64.63
2000-2009       19      0.00033  0.00033  0.50   99350      33   99333  6323724  63.65
2000-2009       20      0.00029  0.00029  0.50   99317      29   99302  6224391  62.67
2000-2009       21      0.00029  0.00029  0.50   99288      29   99274  6125088  61.69
2000-2009       22      0.00031  0.00031  0.50   99259      31   99244  6025814  60.71
2000-2009       23      0.00027  0.00027  0.50   99228      27   99215  5926571  59.73
2000-2009       24      0.00027  0.00027  0.50   99202      27   99188  5827356  58.74
2000-2009       25      0.00025  0.00025  0.50   99175      25   99162  5728168  57.76
2000-2009       26      0.00031  0.00031  0.50   99150      30   99134  5629005  56.77
2000-2009       27      0.00027  0.00027  0.50   99119      27   99106  5529871  55.79
2000-2009       28      0.00029  0.00029  0.50   99093      29   99078  5430765  54.80
2000-2009       29      0.00030  0.00030  0.50   99064      30   99049  5331687  53.82
2000-2009       30      0.00031  0.00031  0.50   99034      31   99019  5232638  52.84
2000-2009       31      0.00032  0.00032  0.50   99003      32   98987  5133619  51.85
2000-2009       32      0.00035  0.00035  0.50   98972      35   98954  5034631  50.87
2000-2009       33      0.00042  0.00042  0.50   98937      42   98916  4935677  49.89
2000-2009       34      0.00047  0.00047  0.50   98895      46   98872  4836761  48.91
2000-2009       35      0.00047  0.00047  0.50   98849      46   98826  4737889  47.93
2000-2009       36      0.00056  0.00056  0.50   98803      55   98775  4639064  46.95
2000-2009       37      0.00057  0.00057  0.50   98747      56   98719  4540289  45.98
2000-2009       38      0.00060  0.00060  0.50   98691      59   98662  4441569  45.00
2000-2009       39      0.00070  0.00070  0.50   98632      69   98598  4342908  44.03
2000-2009       40      0.00077  0.00077  0.50   98563      76   98525  4244310  43.06
2000-2009       41      0.00091  0.00091  0.50   98487      89   98443  4145785  42.09
2000-2009       42      0.00096  0.00095  0.50   98398      94   98351  4047342  41.13
2000-2009       43      0.00108  0.00108  0.50   98304     106   98251  3948991  40.17
2000-2009       44      0.00125  0.00125  0.50   98198     123   98136  3850741  39.21
2000-2009       45      0.00131  0.00131  0.50   98075     128   98011  3752605  38.26
2000-2009       46      0.00149  0.00149  0.50   97947     146   97874  3654594  37.31
2000-2009       47      0.00168  0.00168  0.50   97801     164   97719  3556720  36.37
2000-2009       48      0.00191  0.00191  0.50   97637     186   97544  3459002  35.43
2000-2009       49      0.00196  0.00196  0.50   97450     191   97355  3361458  34.49
2000-2009       50      0.00224  0.00224  0.50   97260     217   97151  3264103  33.56
2000-2009       51      0.00251  0.00251  0.50   97042     243   96921  3166952  32.63
2000-2009       52      0.00275  0.00275  0.50   96799     266   96666  3070032  31.72
2000-2009       53      0.00303  0.00302  0.50   96533     292   96387  2973366  30.80
2000-2009       54      0.00319  0.00318  0.50   96241     306   96088  2876978  29.89
2000-2009       55      0.00344  0.00343  0.50   95935     329   95770  2780890  28.99
2000-2009       56      0.00382  0.00382  0.50   95606     365   95423  2685120  28.09
2000-2009       57      0.00423  0.00422  0.50   95241     402   95039  2589697  27.19
2000-2009       58      0.00462  0.00460  0.50   94838     437   94620  2494658  26.30
2000-2009       59      0.00481  0.00479  0.50   94402     453   94175  2400038  25.42
2000-2009       60      0.00535  0.00533  0.50   93949     501   93698  2305863  24.54
2000-2009       61      0.00562  0.00560  0.50   93448     523   93186  2212164  23.67
2000-2009       62      0.00599  0.00597  0.50   92924     555   92647  2118978  22.80
2000-2009       63      0.00655  0.00653  0.50   92370     603   92068  2026331  21.94
2000-2009       64      0.00690  0.00688  0.50   91767     631   91451  1934262  21.08
2000-2009       65      0.00768  0.00765  0.50   91135     697   90787  1842811  20.22
2000-2009       66      0.00834  0.00831  0.50   90438     751   90063  1752025  19.37
2000-2009       67      0.00935  0.00931  0.50   89687     835   89270  1661962  18.53
2000-2009       68      0.01019  0.01013  0.50   88852     900   88402  1572692  17.70
2000-2009       69      0.01107  0.01101  0.50   87952     969   87468  1484290  16.88
2000-2009       70      0.01271  0.01263  0.50   86983    1098   86434  1396822  16.06
2000-2009       71      0.01405  0.01395  0.50   85885    1198   85286  1310388  15.26
2000-2009       72      0.01613  0.01600  0.50   84687    1355   84009  1225102  14.47
2000-2009       73      0.01780  0.01765  0.50   83332    1470   82597  1141093  13.69
2000-2009       74      0.02075  0.02053  0.50   81861    1681   81021  1058496  12.93
2000-2009       75      0.02361  0.02333  0.50   80181    1871   79245   977475  12.19
2000-2009       76      0.02694  0.02658  0.50   78310    2081   77269   898230  11.47
2000-2009       77      0.03109  0.03062  0.50   76229    2334   75062   820961  10.77
2000-2009       78      0.03472  0.03413  0.50   73895    2522   72634   745899  10.09
2000-2009       79      0.03908  0.03833  0.50   71372    2736   70005   673266   9.43
2000-2009       80      0.04673  0.04566  0.50   68637    3134   67070   603261   8.79
2000-2009       81      0.05283  0.05147  0.50   65503    3371   63817   536191   8.19
2000-2009       82      0.06076  0.05897  0.50   62131    3664   60300   472374   7.60
2000-2009       83      0.06913  0.06682  0.50   58468    3907   56514   412075   7.05
2000-2009       84      0.07955  0.07651  0.50   54561    4174   52474   355560   6.52
2000-2009       85      0.09393  0.08971  0.50   50387    4520   48126   303087   6.02
2000-2009       86      0.10741  0.10194  0.50   45866    4675   43528   254960   5.56
2000-2009       87      0.12166  0.11468  0.50   41191    4724   38829   211432   5.13
2000-2009       88      0.13704  0.12826  0.50   36467    4677   34128   172603   4.73
2000-2009       89      0.15738  0.14590  0.50   31790    4638   29471   138475   4.36
2000-2009       90      0.17979  0.16496  0.50   27152    4479   24912   109004   4.01
2000-2009       91      0.20214  0.18359  0.50   22673    4162   20592    84091   3.71
2000-2009       92      0.22337  0.20093  0.50   18510    3719   16651    63500   3.43
2000-2009       93      0.24962  0.22192  0.50   14791    3282   13150    46849   3.17
2000-2009       94      0.27349  0.24059  0.50   11509    2769   10124    33699   2.93
2000-2009       95      0.30870  0.26742  0.50    8740    2337    7571    23575   2.70
2000-2009       96      0.34107  0.29138  0.50    6403    1866    5470    16004   2.50
2000-2009       97      0.37499  0.31578  0.50    4537    1433    3821    10534   2.32
2000-2009       98      0.41019  0.34038  0.50    3104    1057    2576     6713   2.16
2000-2009       99      0.44634  0.36490  0.50    2048     747    1674     4138   2.02
2000-2009      100      0.48306  0.38908  0.50    1300     506    1047     2463   1.89
2000-2009      101      0.51996  0.41267  0.50     794     328     631     1416   1.78
2000-2009      102      0.55665  0.43545  0.50     467     203     365      785   1.68
2000-2009      103      0.59273  0.45722  0.50     263     120     203      420   1.60
2000-2009      104      0.62783  0.47783  0.50     143      68     109      217   1.52
2000-2009      105      0.66164  0.49717  0.50      75      37      56      108   1.45
2000-2009      106      0.69388  0.51515  0.50      38      19      28       52   1.39
2000-2009      107      0.72432  0.53174  0.50      18      10      13       24   1.34
2000-2009      108      0.75281  0.54694  0.50       9       5       6       11   1.30
2000-2009      109      0.77926  0.56077  0.50       4       2       3        5   1.27
2000-2009      110+     0.80361  1.00000  1.24       2       2       2        2   1.24
2010-2017        0      0.00299  0.00298  0.14  100000     298   99745  8357412  83.57
2010-2017        1      0.00020  0.00020  0.50   99702      20   99692  8257667  82.82
2010-2017        2      0.00012  0.00012  0.50   99682      12   99676  8157975  81.84
2010-2017        3      0.00010  0.00010  0.50   99670      10   99665  8058299  80.85
2010-2017        4      0.00009  0.00009  0.50   99660       9   99655  7958634  79.86
2010-2017        5      0.00010  0.00010  0.50   99650      10   99645  7858979  78.87
2010-2017        6      0.00008  0.00008  0.50   99641       8   99637  7759334  77.87
2010-2017        7      0.00007  0.00007  0.50   99633       7   99629  7659697  76.88
2010-2017        8      0.00007  0.00007  0.50   99626       7   99622  7560068  75.88
2010-2017        9      0.00008  0.00008  0.50   99618       8   99614  7460446  74.89
2010-2017       10      0.00006  0.00006  0.50   99610       6   99607  7360832  73.90
2010-2017       11      0.00009  0.00009  0.50   99604       9   99600  7261225  72.90
2010-2017       12      0.00009  0.00009  0.50   99595       9   99591  7161626  71.91
2010-2017       13      0.00009  0.00009  0.50   99586       9   99582  7062035  70.91
2010-2017       14      0.00011  0.00011  0.50   99577      11   99571  6962453  69.92
2010-2017       15      0.00011  0.00011  0.50   99566      11   99560  6862882  68.93
2010-2017       16      0.00022  0.00022  0.50   99554      22   99544  6763322  67.94
2010-2017       17      0.00021  0.00021  0.50   99533      21   99522  6663778  66.95
2010-2017       18      0.00018  0.00018  0.50   99512      17   99503  6564256  65.96
2010-2017       19      0.00019  0.00019  0.50   99494      19   99485  6464753  64.98
2010-2017       20      0.00026  0.00026  0.50   99475      26   99462  6365268  63.99
2010-2017       21      0.00022  0.00022  0.50   99450      22   99439  6265806  63.00
2010-2017       22      0.00022  0.00022  0.50   99428      22   99417  6166367  62.02
2010-2017       23      0.00018  0.00018  0.50   99406      18   99397  6066950  61.03
2010-2017       24      0.00017  0.00017  0.50   99388      17   99380  5967554  60.04
2010-2017       25      0.00021  0.00021  0.50   99371      21   99361  5868174  59.05
2010-2017       26      0.00025  0.00025  0.50   99350      25   99338  5768813  58.07
2010-2017       27      0.00023  0.00023  0.50   99326      23   99314  5669475  57.08
2010-2017       28      0.00028  0.00028  0.50   99303      27   99289  5570161  56.09
2010-2017       29      0.00028  0.00028  0.50   99275      28   99262  5470872  55.11
2010-2017       30      0.00027  0.00027  0.50   99248      26   99234  5371610  54.12
2010-2017       31      0.00027  0.00027  0.50   99221      27   99208  5272376  53.14
2010-2017       32      0.00033  0.00033  0.50   99194      33   99178  5173168  52.15
2010-2017       33      0.00036  0.00036  0.50   99162      36   99144  5073990  51.17
2010-2017       34      0.00039  0.00039  0.50   99126      39   99107  4974846  50.19
2010-2017       35      0.00039  0.00039  0.50   99087      39   99068  4875739  49.21
2010-2017       36      0.00048  0.00048  0.50   99049      47   99025  4776671  48.23
2010-2017       37      0.00048  0.00048  0.50   99002      48   98978  4677646  47.25
2010-2017       38      0.00051  0.00051  0.50   98954      51   98928  4578669  46.27
2010-2017       39      0.00054  0.00054  0.50   98903      54   98876  4479740  45.29
2010-2017       40      0.00059  0.00059  0.50   98849      58   98820  4380864  44.32
2010-2017       41      0.00068  0.00068  0.50   98791      67   98758  4282044  43.34
2010-2017       42      0.00080  0.00080  0.50   98724      79   98685  4183286  42.37
2010-2017       43      0.00088  0.00088  0.50   98645      87   98602  4084601  41.41
2010-2017       44      0.00100  0.00100  0.50   98558      99   98509  3985999  40.44
2010-2017       45      0.00109  0.00109  0.50   98460     107   98406  3887490  39.48
2010-2017       46      0.00115  0.00115  0.50   98353     113   98296  3789084  38.53
2010-2017       47      0.00129  0.00129  0.50   98240     126   98176  3690788  37.57
2010-2017       48      0.00150  0.00150  0.50   98113     147   98040  3592612  36.62
2010-2017       49      0.00175  0.00175  0.50   97966     171   97881  3494572  35.67
2010-2017       50      0.00183  0.00183  0.50   97795     179   97706  3396691  34.73
2010-2017       51      0.00196  0.00196  0.50   97616     191   97520  3298985  33.80
2010-2017       52      0.00223  0.00222  0.50   97425     217   97317  3201465  32.86
2010-2017       53      0.00239  0.00239  0.50   97208     232   97092  3104148  31.93
2010-2017       54      0.00265  0.00264  0.50   96976     256   96848  3007056  31.01
2010-2017       55      0.00289  0.00288  0.50   96720     279   96580  2910209  30.09
2010-2017       56      0.00334  0.00334  0.50   96441     322   96280  2813628  29.17
2010-2017       57      0.00344  0.00344  0.50   96119     330   95954  2717349  28.27
2010-2017       58      0.00391  0.00390  0.50   95789     373   95602  2621395  27.37
2010-2017       59      0.00421  0.00420  0.50   95415     401   95215  2525793  26.47
2010-2017       60      0.00487  0.00485  0.50   95014     461   94784  2430578  25.58
2010-2017       61      0.00545  0.00544  0.50   94553     514   94296  2335794  24.70
2010-2017       62      0.00569  0.00568  0.50   94039     534   93772  2241499  23.84
2010-2017       63      0.00630  0.00628  0.50   93505     588   93211  2147727  22.97
2010-2017       64      0.00704  0.00701  0.50   92917     652   92592  2054515  22.11
2010-2017       65      0.00773  0.00770  0.50   92266     710   91911  1961924  21.26
2010-2017       66      0.00805  0.00802  0.50   91556     734   91188  1870013  20.42
2010-2017       67      0.00899  0.00895  0.50   90821     813   90415  1778825  19.59
2010-2017       68      0.00980  0.00975  0.50   90008     877   89569  1688410  18.76
2010-2017       69      0.01080  0.01074  0.50   89130     958   88652  1598841  17.94
2010-2017       70      0.01165  0.01158  0.50   88173    1021   87662  1510189  17.13
2010-2017       71      0.01276  0.01268  0.50   87152    1105   86599  1422527  16.32
2010-2017       72      0.01349  0.01340  0.50   86047    1153   85470  1335928  15.53
2010-2017       73      0.01515  0.01504  0.50   84894    1277   84255  1250458  14.73
2010-2017       74      0.01668  0.01655  0.50   83617    1384   82925  1166203  13.95
2010-2017       75      0.01814  0.01797  0.50   82233    1478   81494  1083277  13.17
2010-2017       76      0.02109  0.02087  0.50   80755    1686   79912  1001783  12.41
2010-2017       77      0.02378  0.02350  0.50   79070    1858   78141   921871  11.66
2010-2017       78      0.02695  0.02660  0.50   77212    2053   76185   843730  10.93
2010-2017       79      0.03171  0.03122  0.50   75158    2346   73985   767546  10.21
2010-2017       80      0.03652  0.03586  0.50   72812    2611   71506   693561   9.53
2010-2017       81      0.04271  0.04182  0.50   70201    2936   68733   622054   8.86
2010-2017       82      0.05023  0.04900  0.50   67265    3296   65617   553321   8.23
2010-2017       83      0.05795  0.05632  0.50   63969    3603   62168   487704   7.62
2010-2017       84      0.06731  0.06511  0.50   60366    3931   58401   425537   7.05
2010-2017       85      0.07913  0.07611  0.50   56436    4296   54288   367136   6.51
2010-2017       86      0.09081  0.08687  0.50   52140    4529   49875   312848   6.00
2010-2017       87      0.10499  0.09975  0.50   47611    4749   45236   262973   5.52
2010-2017       88      0.12118  0.11426  0.50   42862    4897   40413   217737   5.08
2010-2017       89      0.13897  0.12994  0.50   37964    4933   35498   177324   4.67
2010-2017       90      0.15982  0.14799  0.50   33031    4888   30587   141826   4.29
2010-2017       91      0.17994  0.16509  0.50   28143    4646   25820   111239   3.95
2010-2017       92      0.20395  0.18508  0.50   23497    4349   21322    85420   3.64
2010-2017       93      0.22893  0.20542  0.50   19148    3933   17181    64097   3.35
2010-2017       94      0.24906  0.22148  0.50   15215    3370   13530    46916   3.08
2010-2017       95      0.28818  0.25189  0.50   11845    2984   10353    33386   2.82
2010-2017       96      0.32122  0.27677  0.50    8861    2453    7635    23033   2.60
2010-2017       97      0.35615  0.30232  0.50    6409    1937    5440    15398   2.40
2010-2017       98      0.39269  0.32824  0.50    4471    1468    3737     9958   2.23
2010-2017       99      0.43046  0.35422  0.50    3004    1064    2472     6221   2.07
2010-2017      100      0.46907  0.37995  0.50    1940     737    1571     3749   1.93
2010-2017      101      0.50804  0.40513  0.50    1203     487     959     2178   1.81
2010-2017      102      0.54692  0.42948  0.50     715     307     562     1219   1.70
2010-2017      103      0.58524  0.45275  0.50     408     185     316      657   1.61
2010-2017      104      0.62255  0.47477  0.50     223     106     170      341   1.53
2010-2017      105      0.65846  0.49537  0.50     117      58      88      171   1.46
2010-2017      106      0.69264  0.51447  0.50      59      30      44       83   1.39
2010-2017      107      0.72484  0.53202  0.50      29      15      21       39   1.34
2010-2017      108      0.75485  0.54801  0.50      13       7      10       17   1.30
2010-2017      109      0.78257  0.56248  0.50       6       3       4        8   1.26
2010-2017      110+     0.80796  1.00000  1.24       3       3       3        3   1.24
