Bulgaria, Life tables (period 1x10), Females	Last modified: 26 Sep 2017;  Methods Protocol: v6 (2017)

  Year          Age         mx       qx    ax      lx      dx      Lx       Tx     ex
1947-1949        0      0.12408  0.11435  0.31  100000   11435   92157  5758467  57.58
1947-1949        1      0.02590  0.02557  0.50   88565    2265   87433  5666310  63.98
1947-1949        2      0.01216  0.01208  0.50   86301    1043   85780  5578877  64.64
1947-1949        3      0.00638  0.00636  0.50   85258     542   84987  5493097  64.43
1947-1949        4      0.00458  0.00457  0.50   84716     387   84522  5408110  63.84
1947-1949        5      0.00328  0.00328  0.50   84329     276   84191  5323588  63.13
1947-1949        6      0.00258  0.00257  0.50   84053     216   83945  5239397  62.33
1947-1949        7      0.00226  0.00226  0.50   83836     189   83742  5155453  61.49
1947-1949        8      0.00200  0.00200  0.50   83647     167   83563  5071711  60.63
1947-1949        9      0.00172  0.00172  0.50   83480     144   83408  4988148  59.75
1947-1949       10      0.00170  0.00170  0.50   83336     142   83265  4904740  58.86
1947-1949       11      0.00169  0.00169  0.50   83194     140   83124  4821475  57.95
1947-1949       12      0.00187  0.00187  0.50   83054     156   82976  4738351  57.05
1947-1949       13      0.00194  0.00194  0.50   82898     161   82818  4655375  56.16
1947-1949       14      0.00218  0.00218  0.50   82737     180   82647  4572558  55.27
1947-1949       15      0.00259  0.00259  0.50   82557     214   82450  4489911  54.39
1947-1949       16      0.00295  0.00295  0.50   82343     243   82222  4407460  53.53
1947-1949       17      0.00371  0.00370  0.50   82100     304   81948  4325239  52.68
1947-1949       18      0.00379  0.00378  0.50   81797     309   81642  4243290  51.88
1947-1949       19      0.00439  0.00438  0.50   81488     357   81309  4161648  51.07
1947-1949       20      0.00480  0.00478  0.50   81131     388   80937  4080339  50.29
1947-1949       21      0.00427  0.00426  0.50   80743     344   80571  3999402  49.53
1947-1949       22      0.00468  0.00467  0.50   80399     375   80211  3918831  48.74
1947-1949       23      0.00457  0.00456  0.50   80023     365   79841  3838621  47.97
1947-1949       24      0.00422  0.00422  0.50   79658     336   79490  3758780  47.19
1947-1949       25      0.00427  0.00426  0.50   79323     338   79154  3679289  46.38
1947-1949       26      0.00412  0.00411  0.50   78985     324   78823  3600136  45.58
1947-1949       27      0.00394  0.00393  0.50   78660     309   78506  3521313  44.77
1947-1949       28      0.00421  0.00420  0.50   78351     329   78186  3442807  43.94
1947-1949       29      0.00365  0.00365  0.50   78022     285   77880  3364621  43.12
1947-1949       30      0.00404  0.00403  0.50   77737     314   77580  3286741  42.28
1947-1949       31      0.00377  0.00377  0.50   77424     292   77278  3209161  41.45
1947-1949       32      0.00385  0.00385  0.50   77132     297   76984  3131883  40.60
1947-1949       33      0.00334  0.00333  0.50   76836     256   76707  3054899  39.76
1947-1949       34      0.00356  0.00356  0.50   76579     272   76443  2978192  38.89
1947-1949       35      0.00401  0.00401  0.50   76307     306   76154  2901748  38.03
1947-1949       36      0.00347  0.00346  0.50   76001     263   75870  2825594  37.18
1947-1949       37      0.00382  0.00381  0.50   75738     289   75594  2749725  36.31
1947-1949       38      0.00407  0.00406  0.50   75449     306   75296  2674131  35.44
1947-1949       39      0.00378  0.00377  0.50   75143     283   75001  2598834  34.59
1947-1949       40      0.00428  0.00427  0.50   74860     320   74700  2523833  33.71
1947-1949       41      0.00390  0.00390  0.50   74540     290   74395  2449133  32.86
1947-1949       42      0.00438  0.00437  0.50   74250     325   74087  2374738  31.98
1947-1949       43      0.00443  0.00442  0.50   73925     327   73762  2300651  31.12
1947-1949       44      0.00432  0.00431  0.50   73598     317   73439  2226889  30.26
1947-1949       45      0.00487  0.00486  0.50   73281     356   73103  2153450  29.39
1947-1949       46      0.00469  0.00468  0.50   72924     342   72754  2080347  28.53
1947-1949       47      0.00487  0.00486  0.50   72583     353   72407  2007594  27.66
1947-1949       48      0.00552  0.00551  0.50   72230     398   72031  1935187  26.79
1947-1949       49      0.00616  0.00614  0.50   71832     441   71612  1863156  25.94
1947-1949       50      0.00756  0.00753  0.50   71391     538   71123  1791544  25.09
1947-1949       51      0.00694  0.00692  0.50   70854     490   70609  1720421  24.28
1947-1949       52      0.00813  0.00809  0.50   70364     569   70079  1649813  23.45
1947-1949       53      0.00848  0.00845  0.50   69794     589   69500  1579733  22.63
1947-1949       54      0.00910  0.00906  0.50   69205     627   68891  1510234  21.82
1947-1949       55      0.01079  0.01073  0.50   68578     736   68210  1441342  21.02
1947-1949       56      0.01051  0.01046  0.50   67842     709   67487  1373133  20.24
1947-1949       57      0.01103  0.01097  0.50   67132     736   66764  1305646  19.45
1947-1949       58      0.01205  0.01198  0.50   66396     795   65999  1238881  18.66
1947-1949       59      0.01372  0.01363  0.50   65601     894   65154  1172883  17.88
1947-1949       60      0.01792  0.01776  0.50   64707    1149   64132  1107729  17.12
1947-1949       61      0.01759  0.01744  0.50   63557    1108   63003  1043597  16.42
1947-1949       62      0.02057  0.02036  0.50   62449    1271   61813   980594  15.70
1947-1949       63      0.02160  0.02137  0.50   61178    1307   60524   918781  15.02
1947-1949       64      0.02187  0.02163  0.50   59870    1295   59223   858257  14.34
1947-1949       65      0.02506  0.02475  0.50   58575    1450   57850   799034  13.64
1947-1949       66      0.02558  0.02526  0.50   57125    1443   56404   741184  12.97
1947-1949       67      0.02996  0.02952  0.50   55683    1644   54861   684780  12.30
1947-1949       68      0.03327  0.03272  0.50   54039    1768   53155   629919  11.66
1947-1949       69      0.03897  0.03823  0.50   52271    1998   51272   576764  11.03
1947-1949       70      0.04821  0.04707  0.50   50273    2366   49089   525492  10.45
1947-1949       71      0.04651  0.04546  0.50   47906    2178   46817   476403   9.94
1947-1949       72      0.05690  0.05533  0.50   45729    2530   44464   429586   9.39
1947-1949       73      0.05926  0.05756  0.50   43199    2486   41955   385122   8.92
1947-1949       74      0.06959  0.06725  0.50   40712    2738   39343   343167   8.43
1947-1949       75      0.08298  0.07968  0.50   37974    3026   36462   303823   8.00
1947-1949       76      0.08053  0.07742  0.50   34949    2706   33596   267362   7.65
1947-1949       77      0.08814  0.08442  0.50   32243    2722   30882   233766   7.25
1947-1949       78      0.09924  0.09454  0.50   29521    2791   28125   202884   6.87
1947-1949       79      0.10470  0.09949  0.50   26730    2659   25400   174759   6.54
1947-1949       80      0.13333  0.12499  0.50   24071    3009   22566   149358   6.21
1947-1949       81      0.12582  0.11838  0.50   21062    2493   19815   126792   6.02
1947-1949       82      0.13691  0.12813  0.50   18569    2379   17379   106977   5.76
1947-1949       83      0.13502  0.12648  0.50   16189    2048   15166    89598   5.53
1947-1949       84      0.14942  0.13904  0.50   14142    1966   13159    74432   5.26
1947-1949       85      0.17760  0.16312  0.50   12175    1986   11182    61274   5.03
1947-1949       86      0.17496  0.16089  0.50   10189    1639    9370    50091   4.92
1947-1949       87      0.16631  0.15354  0.50    8550    1313    7894    40721   4.76
1947-1949       88      0.18644  0.17054  0.50    7237    1234    6620    32828   4.54
1947-1949       89      0.17705  0.16265  0.50    6003     976    5515    26208   4.37
1947-1949       90      0.25639  0.22726  0.50    5027    1142    4455    20693   4.12
1947-1949       91      0.18321  0.16784  0.50    3884     652    3558    16237   4.18
1947-1949       92      0.21369  0.19306  0.50    3232     624    2920    12679   3.92
1947-1949       93      0.22005  0.19824  0.50    2608     517    2350     9759   3.74
1947-1949       94      0.23868  0.21323  0.50    2091     446    1868     7409   3.54
1947-1949       95      0.26405  0.23325  0.50    1645     384    1453     5541   3.37
1947-1949       96      0.27637  0.24281  0.50    1262     306    1108     4087   3.24
1947-1949       97      0.28903  0.25254  0.50     955     241     835     2979   3.12
1947-1949       98      0.30204  0.26241  0.50     714     187     620     2144   3.00
1947-1949       99      0.31537  0.27242  0.50     527     143     455     1524   2.89
1947-1949      100      0.32902  0.28254  0.50     383     108     329     1069   2.79
1947-1949      101      0.34295  0.29275  0.50     275      80     235      740   2.69
1947-1949      102      0.35717  0.30305  0.50     194      59     165      505   2.60
1947-1949      103      0.37164  0.31340  0.50     136      42     114      340   2.51
1947-1949      104      0.38634  0.32379  0.50      93      30      78      226   2.43
1947-1949      105      0.40126  0.33421  0.50      63      21      52      148   2.35
1947-1949      106      0.41636  0.34461  0.50      42      14      35       96   2.28
1947-1949      107      0.43161  0.35500  0.50      27      10      23       61   2.22
1947-1949      108      0.44700  0.36535  0.50      18       6      14       38   2.16
1947-1949      109      0.46249  0.37563  0.50      11       4       9       24   2.12
1947-1949      110+     0.47806  1.00000  2.09       7       7      15       15   2.09
1950-1959        0      0.07634  0.07254  0.31  100000    7254   95025  6575243  65.75
1950-1959        1      0.01410  0.01400  0.50   92746    1298   92097  6480218  69.87
1950-1959        2      0.00557  0.00556  0.50   91448     508   91194  6388121  69.86
1950-1959        3      0.00299  0.00298  0.50   90940     271   90804  6296928  69.24
1950-1959        4      0.00193  0.00193  0.50   90668     175   90581  6206124  68.45
1950-1959        5      0.00139  0.00139  0.50   90494     126   90431  6115543  67.58
1950-1959        6      0.00109  0.00109  0.50   90368      98   90319  6025112  66.67
1950-1959        7      0.00091  0.00091  0.50   90270      82   90229  5934793  65.74
1950-1959        8      0.00077  0.00077  0.50   90187      69   90153  5844564  64.80
1950-1959        9      0.00081  0.00081  0.50   90118      73   90081  5754411  63.85
1950-1959       10      0.00077  0.00077  0.50   90045      69   90010  5664330  62.91
1950-1959       11      0.00074  0.00074  0.50   89976      67   89942  5574320  61.95
1950-1959       12      0.00078  0.00078  0.50   89909      70   89874  5484378  61.00
1950-1959       13      0.00083  0.00083  0.50   89839      75   89801  5394504  60.05
1950-1959       14      0.00090  0.00090  0.50   89764      81   89723  5304703  59.10
1950-1959       15      0.00115  0.00115  0.50   89683     103   89631  5214980  58.15
1950-1959       16      0.00116  0.00116  0.50   89579     104   89527  5125349  57.22
1950-1959       17      0.00145  0.00145  0.50   89476     130   89411  5035821  56.28
1950-1959       18      0.00162  0.00162  0.50   89346     145   89273  4946411  55.36
1950-1959       19      0.00174  0.00173  0.50   89201     155   89123  4857137  54.45
1950-1959       20      0.00194  0.00194  0.50   89046     173   88960  4768014  53.55
1950-1959       21      0.00188  0.00188  0.50   88873     167   88790  4679054  52.65
1950-1959       22      0.00193  0.00193  0.50   88707     171   88621  4590264  51.75
1950-1959       23      0.00186  0.00186  0.50   88536     165   88453  4501643  50.85
1950-1959       24      0.00201  0.00200  0.50   88371     177   88282  4413190  49.94
1950-1959       25      0.00202  0.00202  0.50   88194     178   88105  4324908  49.04
1950-1959       26      0.00194  0.00194  0.50   88016     171   87931  4236803  48.14
1950-1959       27      0.00199  0.00199  0.50   87845     175   87758  4148872  47.23
1950-1959       28      0.00197  0.00197  0.50   87670     172   87584  4061115  46.32
1950-1959       29      0.00184  0.00184  0.50   87498     161   87417  3973530  45.41
1950-1959       30      0.00191  0.00191  0.50   87337     167   87253  3886113  44.50
1950-1959       31      0.00186  0.00186  0.50   87170     162   87089  3798860  43.58
1950-1959       32      0.00181  0.00181  0.50   87008     158   86929  3711771  42.66
1950-1959       33      0.00184  0.00184  0.50   86850     159   86771  3624842  41.74
1950-1959       34      0.00199  0.00199  0.50   86691     173   86605  3538071  40.81
1950-1959       35      0.00199  0.00199  0.50   86518     172   86432  3451467  39.89
1950-1959       36      0.00229  0.00229  0.50   86346     198   86248  3365034  38.97
1950-1959       37      0.00224  0.00224  0.50   86149     193   86052  3278787  38.06
1950-1959       38      0.00251  0.00251  0.50   85956     216   85848  3192734  37.14
1950-1959       39      0.00234  0.00233  0.50   85740     200   85640  3106887  36.24
1950-1959       40      0.00304  0.00304  0.50   85540     260   85410  3021247  35.32
1950-1959       41      0.00275  0.00274  0.50   85280     234   85163  2935837  34.43
1950-1959       42      0.00292  0.00291  0.50   85046     248   84923  2850673  33.52
1950-1959       43      0.00307  0.00307  0.50   84799     260   84669  2765751  32.62
1950-1959       44      0.00323  0.00322  0.50   84539     272   84403  2681082  31.71
1950-1959       45      0.00359  0.00358  0.50   84266     302   84115  2596680  30.82
1950-1959       46      0.00377  0.00377  0.50   83964     316   83806  2512564  29.92
1950-1959       47      0.00418  0.00417  0.50   83648     349   83474  2428758  29.04
1950-1959       48      0.00424  0.00423  0.50   83299     353   83123  2345284  28.15
1950-1959       49      0.00470  0.00469  0.50   82947     389   82752  2262161  27.27
1950-1959       50      0.00533  0.00531  0.50   82558     439   82339  2179409  26.40
1950-1959       51      0.00535  0.00534  0.50   82119     438   81900  2097071  25.54
1950-1959       52      0.00594  0.00592  0.50   81681     484   81439  2015170  24.67
1950-1959       53      0.00639  0.00637  0.50   81197     517   80939  1933731  23.82
1950-1959       54      0.00729  0.00727  0.50   80680     586   80387  1852792  22.96
1950-1959       55      0.00781  0.00778  0.50   80094     623   79782  1772405  22.13
1950-1959       56      0.00874  0.00871  0.50   79471     692   79125  1692623  21.30
1950-1959       57      0.00907  0.00903  0.50   78779     712   78423  1613498  20.48
1950-1959       58      0.01047  0.01041  0.50   78067     813   77661  1535075  19.66
1950-1959       59      0.01087  0.01081  0.50   77254     835   76837  1457415  18.87
1950-1959       60      0.01357  0.01348  0.50   76419    1030   75904  1380578  18.07
1950-1959       61      0.01378  0.01368  0.50   75389    1032   74873  1304674  17.31
1950-1959       62      0.01621  0.01608  0.50   74357    1196   73760  1229801  16.54
1950-1959       63      0.01771  0.01756  0.50   73162    1284   72519  1156041  15.80
1950-1959       64      0.02069  0.02048  0.50   71877    1472   71141  1083522  15.07
1950-1959       65      0.02399  0.02370  0.50   70405    1669   69571  1012380  14.38
1950-1959       66      0.02383  0.02355  0.50   68736    1619   67927   942810  13.72
1950-1959       67      0.02779  0.02741  0.50   67118    1840   66198   874883  13.04
1950-1959       68      0.03139  0.03091  0.50   65278    2018   64269   808685  12.39
1950-1959       69      0.03361  0.03306  0.50   63261    2091   62215   744416  11.77
1950-1959       70      0.04087  0.04005  0.50   61169    2450   59944   682201  11.15
1950-1959       71      0.04205  0.04119  0.50   58719    2419   57510   622256  10.60
1950-1959       72      0.04919  0.04801  0.50   56301    2703   54949   564746  10.03
1950-1959       73      0.05238  0.05104  0.50   53598    2736   52230   509797   9.51
1950-1959       74      0.05723  0.05563  0.50   50862    2830   49447   457567   9.00
1950-1959       75      0.06726  0.06507  0.50   48032    3125   46470   408119   8.50
1950-1959       76      0.07205  0.06954  0.50   44907    3123   43346   361649   8.05
1950-1959       77      0.07655  0.07373  0.50   41784    3081   40244   318304   7.62
1950-1959       78      0.08906  0.08526  0.50   38704    3300   37054   278060   7.18
1950-1959       79      0.09982  0.09508  0.50   35404    3366   33721   241006   6.81
1950-1959       80      0.11317  0.10711  0.50   32038    3432   30322   207285   6.47
1950-1959       81      0.11310  0.10705  0.50   28606    3062   27075   176964   6.19
1950-1959       82      0.13015  0.12220  0.50   25544    3121   23983   149889   5.87
1950-1959       83      0.13206  0.12388  0.50   22422    2778   21034   125906   5.62
1950-1959       84      0.14567  0.13578  0.50   19645    2667   18311   104872   5.34
1950-1959       85      0.16486  0.15230  0.50   16977    2586   15685    86561   5.10
1950-1959       86      0.16880  0.15566  0.50   14392    2240   13272    70876   4.92
1950-1959       87      0.16649  0.15370  0.50   12151    1868   11218    57605   4.74
1950-1959       88      0.18013  0.16525  0.50   10284    1699    9434    46387   4.51
1950-1959       89      0.18719  0.17117  0.50    8584    1469    7850    36953   4.30
1950-1959       90      0.23491  0.21022  0.50    7115    1496    6367    29103   4.09
1950-1959       91      0.20788  0.18830  0.50    5619    1058    5090    22736   4.05
1950-1959       92      0.23503  0.21031  0.50    4561     959    4082    17646   3.87
1950-1959       93      0.22470  0.20200  0.50    3602     728    3238    13564   3.77
1950-1959       94      0.21962  0.19789  0.50    2874     569    2590    10326   3.59
1950-1959       95      0.26247  0.23202  0.50    2306     535    2038     7736   3.36
1950-1959       96      0.27588  0.24244  0.50    1771     429    1556     5698   3.22
1950-1959       97      0.28971  0.25306  0.50    1341     339    1172     4142   3.09
1950-1959       98      0.30394  0.26385  0.50    1002     264     870     2971   2.97
1950-1959       99      0.31856  0.27479  0.50     738     203     636     2101   2.85
1950-1959      100      0.33354  0.28587  0.50     535     153     458     1465   2.74
1950-1959      101      0.34887  0.29705  0.50     382     113     325     1007   2.64
1950-1959      102      0.36451  0.30832  0.50     269      83     227      681   2.54
1950-1959      103      0.38045  0.31965  0.50     186      59     156      454   2.45
1950-1959      104      0.39665  0.33100  0.50     126      42     105      298   2.36
1950-1959      105      0.41308  0.34237  0.50      85      29      70      193   2.28
1950-1959      106      0.42971  0.35371  0.50      56      20      46      123   2.21
1950-1959      107      0.44649  0.36500  0.50      36      13      29       77   2.14
1950-1959      108      0.46340  0.37623  0.50      23       9      19       48   2.08
1950-1959      109      0.48039  0.38735  0.50      14       6      11       29   2.04
1950-1959      110+     0.49743  1.00000  2.01       9       9      18       18   2.01
1960-1969        0      0.03150  0.03070  0.17  100000    3070   97449  7240353  72.40
1960-1969        1      0.00361  0.00360  0.50   96930     349   96755  7142904  73.69
1960-1969        2      0.00153  0.00153  0.50   96581     148   96507  7046149  72.96
1960-1969        3      0.00102  0.00102  0.50   96433      98   96384  6949642  72.07
1960-1969        4      0.00079  0.00079  0.50   96335      76   96297  6853258  71.14
1960-1969        5      0.00064  0.00064  0.50   96259      62   96228  6756961  70.20
1960-1969        6      0.00052  0.00052  0.50   96197      50   96172  6660733  69.24
1960-1969        7      0.00051  0.00051  0.50   96147      49   96123  6564561  68.28
1960-1969        8      0.00039  0.00039  0.50   96098      38   96079  6468438  67.31
1960-1969        9      0.00035  0.00035  0.50   96061      34   96044  6372359  66.34
1960-1969       10      0.00036  0.00036  0.50   96027      35   96009  6276315  65.36
1960-1969       11      0.00032  0.00032  0.50   95992      31   95976  6180306  64.38
1960-1969       12      0.00036  0.00036  0.50   95961      34   95944  6084330  63.40
1960-1969       13      0.00039  0.00039  0.50   95926      37   95908  5988386  62.43
1960-1969       14      0.00041  0.00041  0.50   95889      39   95870  5892478  61.45
1960-1969       15      0.00046  0.00046  0.50   95850      44   95828  5796608  60.48
1960-1969       16      0.00045  0.00045  0.50   95806      43   95784  5700781  59.50
1960-1969       17      0.00055  0.00055  0.50   95763      52   95736  5604996  58.53
1960-1969       18      0.00063  0.00063  0.50   95710      60   95680  5509260  57.56
1960-1969       19      0.00068  0.00068  0.50   95650      65   95618  5413579  56.60
1960-1969       20      0.00065  0.00065  0.50   95585      62   95554  5317962  55.64
1960-1969       21      0.00066  0.00066  0.50   95523      63   95492  5222407  54.67
1960-1969       22      0.00060  0.00060  0.50   95461      57   95432  5126915  53.71
1960-1969       23      0.00065  0.00065  0.50   95403      62   95372  5031483  52.74
1960-1969       24      0.00069  0.00069  0.50   95341      65   95308  4936111  51.77
1960-1969       25      0.00079  0.00079  0.50   95276      75   95238  4840802  50.81
1960-1969       26      0.00077  0.00077  0.50   95201      74   95164  4745564  49.85
1960-1969       27      0.00076  0.00076  0.50   95127      72   95091  4650400  48.89
1960-1969       28      0.00087  0.00087  0.50   95055      82   95013  4555310  47.92
1960-1969       29      0.00092  0.00092  0.50   94972      87   94929  4460296  46.96
1960-1969       30      0.00093  0.00093  0.50   94885      89   94841  4365367  46.01
1960-1969       31      0.00095  0.00095  0.50   94796      90   94752  4270527  45.05
1960-1969       32      0.00108  0.00108  0.50   94707     103   94655  4175775  44.09
1960-1969       33      0.00108  0.00108  0.50   94604     102   94553  4081120  43.14
1960-1969       34      0.00111  0.00111  0.50   94502     105   94449  3986567  42.19
1960-1969       35      0.00128  0.00128  0.50   94397     121   94337  3892117  41.23
1960-1969       36      0.00138  0.00138  0.50   94276     130   94211  3797781  40.28
1960-1969       37      0.00137  0.00137  0.50   94146     129   94082  3703570  39.34
1960-1969       38      0.00158  0.00158  0.50   94017     148   93943  3609488  38.39
1960-1969       39      0.00168  0.00168  0.50   93869     158   93790  3515545  37.45
1960-1969       40      0.00182  0.00182  0.50   93711     170   93626  3421755  36.51
1960-1969       41      0.00187  0.00187  0.50   93541     175   93454  3328129  35.58
1960-1969       42      0.00198  0.00198  0.50   93367     185   93274  3234675  34.64
1960-1969       43      0.00218  0.00218  0.50   93181     203   93080  3141401  33.71
1960-1969       44      0.00238  0.00238  0.50   92978     221   92867  3048322  32.79
1960-1969       45      0.00266  0.00266  0.50   92757     247   92633  2955454  31.86
1960-1969       46      0.00284  0.00284  0.50   92510     262   92379  2862821  30.95
1960-1969       47      0.00307  0.00306  0.50   92247     282   92106  2770442  30.03
1960-1969       48      0.00340  0.00340  0.50   91965     313   91809  2678336  29.12
1960-1969       49      0.00364  0.00363  0.50   91653     333   91486  2586527  28.22
1960-1969       50      0.00414  0.00414  0.50   91320     378   91131  2495041  27.32
1960-1969       51      0.00418  0.00417  0.50   90942     379   90753  2403910  26.43
1960-1969       52      0.00485  0.00484  0.50   90563     438   90344  2313157  25.54
1960-1969       53      0.00518  0.00516  0.50   90125     465   89892  2222813  24.66
1960-1969       54      0.00571  0.00569  0.50   89660     510   89404  2132921  23.79
1960-1969       55      0.00638  0.00636  0.50   89149     567   88866  2043516  22.92
1960-1969       56      0.00720  0.00718  0.50   88582     636   88265  1954651  22.07
1960-1969       57      0.00780  0.00777  0.50   87947     683   87605  1866386  21.22
1960-1969       58      0.00845  0.00842  0.50   87263     734   86896  1778781  20.38
1960-1969       59      0.00936  0.00932  0.50   86529     806   86126  1691885  19.55
1960-1969       60      0.01120  0.01114  0.50   85723     955   85246  1605759  18.73
1960-1969       61      0.01178  0.01171  0.50   84768     993   84272  1520513  17.94
1960-1969       62      0.01349  0.01340  0.50   83776    1122   83215  1436241  17.14
1960-1969       63      0.01497  0.01486  0.50   82653    1228   82039  1353027  16.37
1960-1969       64      0.01672  0.01658  0.50   81425    1350   80750  1270987  15.61
1960-1969       65      0.01958  0.01939  0.50   80075    1553   79298  1190238  14.86
1960-1969       66      0.02146  0.02123  0.50   78522    1667   77688  1110939  14.15
1960-1969       67      0.02418  0.02389  0.50   76854    1836   75936  1033251  13.44
1960-1969       68      0.02776  0.02738  0.50   75018    2054   73991   957315  12.76
1960-1969       69      0.03007  0.02963  0.50   72964    2162   71884   883324  12.11
1960-1969       70      0.03578  0.03515  0.50   70803    2489   69558   811440  11.46
1960-1969       71      0.03841  0.03768  0.50   68314    2574   67027   741882  10.86
1960-1969       72      0.04456  0.04359  0.50   65739    2865   64307   674855  10.27
1960-1969       73      0.04958  0.04838  0.50   62874    3042   61353   610548   9.71
1960-1969       74      0.05587  0.05435  0.50   59832    3252   58206   549195   9.18
1960-1969       75      0.06170  0.05985  0.50   56580    3386   54887   490989   8.68
1960-1969       76      0.06875  0.06647  0.50   53194    3536   51426   436102   8.20
1960-1969       77      0.07569  0.07293  0.50   49658    3622   47847   384676   7.75
1960-1969       78      0.08351  0.08016  0.50   46037    3690   44191   336829   7.32
1960-1969       79      0.09194  0.08790  0.50   42346    3722   40485   292637   6.91
1960-1969       80      0.10502  0.09978  0.50   38624    3854   36697   252152   6.53
1960-1969       81      0.11174  0.10583  0.50   34770    3680   32930   215455   6.20
1960-1969       82      0.12290  0.11579  0.50   31091    3600   29291   182524   5.87
1960-1969       83      0.13225  0.12405  0.50   27491    3410   25786   153234   5.57
1960-1969       84      0.14628  0.13631  0.50   24080    3282   22439   127448   5.29
1960-1969       85      0.15493  0.14379  0.50   20798    2991   19303   105009   5.05
1960-1969       86      0.16911  0.15593  0.50   17807    2777   16419    85706   4.81
1960-1969       87      0.17947  0.16469  0.50   15031    2475   13793    69287   4.61
1960-1969       88      0.18847  0.17224  0.50   12555    2163   11474    55494   4.42
1960-1969       89      0.20364  0.18482  0.50   10393    1921    9432    44020   4.24
1960-1969       90      0.21431  0.19357  0.50    8472    1640    7652    34588   4.08
1960-1969       91      0.21554  0.19457  0.50    6832    1329    6167    26936   3.94
1960-1969       92      0.22258  0.20029  0.50    5503    1102    4952    20768   3.77
1960-1969       93      0.23443  0.20984  0.50    4401     923    3939    15817   3.59
1960-1969       94      0.23678  0.21172  0.50    3477     736    3109    11878   3.42
1960-1969       95      0.27444  0.24133  0.50    2741     661    2410     8769   3.20
1960-1969       96      0.28978  0.25311  0.50    2080     526    1816     6358   3.06
1960-1969       97      0.30562  0.26511  0.50    1553     412    1347     4542   2.92
1960-1969       98      0.32193  0.27729  0.50    1141     317     983     3195   2.80
1960-1969       99      0.33868  0.28964  0.50     825     239     705     2211   2.68
1960-1969      100      0.35586  0.30210  0.50     586     177     497     1506   2.57
1960-1969      101      0.37340  0.31466  0.50     409     129     345     1008   2.47
1960-1969      102      0.39129  0.32727  0.50     280      92     234      664   2.37
1960-1969      103      0.40948  0.33989  0.50     189      64     157      429   2.28
1960-1969      104      0.42792  0.35250  0.50     124      44     103      273   2.19
1960-1969      105      0.44656  0.36505  0.50      81      29      66      170   2.11
1960-1969      106      0.46535  0.37751  0.50      51      19      42      104   2.04
1960-1969      107      0.48424  0.38985  0.50      32      12      26       63   1.98
1960-1969      108      0.50317  0.40203  0.50      19       8      16       37   1.92
1960-1969      109      0.52210  0.41402  0.50      12       5       9       22   1.88
1960-1969      110+     0.54096  1.00000  1.85       7       7      13       13   1.85
1970-1979        0      0.02123  0.02084  0.13  100000    2084   98185  7356578  73.57
1970-1979        1      0.00189  0.00188  0.50   97916     184   97823  7258393  74.13
1970-1979        2      0.00094  0.00094  0.50   97731      92   97685  7160570  73.27
1970-1979        3      0.00071  0.00071  0.50   97639      69   97604  7062884  72.34
1970-1979        4      0.00054  0.00054  0.50   97570      52   97544  6965280  71.39
1970-1979        5      0.00044  0.00044  0.50   97517      43   97496  6867736  70.43
1970-1979        6      0.00044  0.00044  0.50   97475      43   97453  6770241  69.46
1970-1979        7      0.00038  0.00038  0.50   97432      37   97413  6672787  68.49
1970-1979        8      0.00033  0.00033  0.50   97395      33   97379  6575374  67.51
1970-1979        9      0.00034  0.00034  0.50   97362      33   97346  6477995  66.53
1970-1979       10      0.00033  0.00033  0.50   97329      32   97313  6380649  65.56
1970-1979       11      0.00030  0.00030  0.50   97297      29   97283  6283336  64.58
1970-1979       12      0.00029  0.00029  0.50   97269      29   97254  6186053  63.60
1970-1979       13      0.00035  0.00035  0.50   97240      34   97223  6088799  62.62
1970-1979       14      0.00034  0.00034  0.50   97206      33   97189  5991576  61.64
1970-1979       15      0.00039  0.00039  0.50   97173      38   97154  5894386  60.66
1970-1979       16      0.00044  0.00044  0.50   97135      43   97113  5797233  59.68
1970-1979       17      0.00039  0.00039  0.50   97092      38   97073  5700119  58.71
1970-1979       18      0.00049  0.00049  0.50   97054      47   97030  5603046  57.73
1970-1979       19      0.00054  0.00054  0.50   97006      52   96980  5506016  56.76
1970-1979       20      0.00057  0.00057  0.50   96954      56   96926  5409036  55.79
1970-1979       21      0.00059  0.00059  0.50   96898      57   96870  5312110  54.82
1970-1979       22      0.00055  0.00055  0.50   96841      53   96815  5215240  53.85
1970-1979       23      0.00054  0.00054  0.50   96788      52   96762  5118425  52.88
1970-1979       24      0.00054  0.00054  0.50   96736      52   96710  5021663  51.91
1970-1979       25      0.00061  0.00061  0.50   96684      59   96654  4924954  50.94
1970-1979       26      0.00060  0.00060  0.50   96625      58   96596  4828299  49.97
1970-1979       27      0.00061  0.00061  0.50   96567      59   96537  4731703  49.00
1970-1979       28      0.00068  0.00068  0.50   96508      66   96475  4635166  48.03
1970-1979       29      0.00074  0.00074  0.50   96442      72   96406  4538691  47.06
1970-1979       30      0.00076  0.00076  0.50   96370      74   96334  4442285  46.10
1970-1979       31      0.00081  0.00081  0.50   96297      78   96258  4345951  45.13
1970-1979       32      0.00085  0.00085  0.50   96219      82   96178  4249693  44.17
1970-1979       33      0.00089  0.00089  0.50   96137      85   96095  4153515  43.20
1970-1979       34      0.00098  0.00098  0.50   96052      94   96005  4057421  42.24
1970-1979       35      0.00106  0.00106  0.50   95958     102   95907  3961416  41.28
1970-1979       36      0.00109  0.00109  0.50   95856     105   95804  3865509  40.33
1970-1979       37      0.00120  0.00120  0.50   95751     115   95694  3769705  39.37
1970-1979       38      0.00137  0.00137  0.50   95636     131   95571  3674012  38.42
1970-1979       39      0.00136  0.00135  0.50   95505     129   95441  3578441  37.47
1970-1979       40      0.00150  0.00150  0.50   95376     143   95304  3483000  36.52
1970-1979       41      0.00161  0.00161  0.50   95233     153   95156  3387696  35.57
1970-1979       42      0.00186  0.00186  0.50   95080     176   94992  3292540  34.63
1970-1979       43      0.00190  0.00190  0.50   94903     180   94813  3197548  33.69
1970-1979       44      0.00215  0.00215  0.50   94723     203   94622  3102735  32.76
1970-1979       45      0.00235  0.00235  0.50   94520     222   94409  3008113  31.83
1970-1979       46      0.00266  0.00265  0.50   94298     250   94173  2913704  30.90
1970-1979       47      0.00295  0.00294  0.50   94048     277   93910  2819531  29.98
1970-1979       48      0.00332  0.00331  0.50   93771     311   93616  2725622  29.07
1970-1979       49      0.00353  0.00353  0.50   93461     329   93296  2632006  28.16
1970-1979       50      0.00398  0.00397  0.50   93131     370   92946  2538710  27.26
1970-1979       51      0.00419  0.00419  0.50   92761     388   92567  2445764  26.37
1970-1979       52      0.00478  0.00477  0.50   92373     440   92153  2353197  25.47
1970-1979       53      0.00519  0.00518  0.50   91933     476   91695  2261044  24.59
1970-1979       54      0.00559  0.00557  0.50   91457     510   91202  2169349  23.72
1970-1979       55      0.00644  0.00642  0.50   90947     584   90655  2078146  22.85
1970-1979       56      0.00674  0.00671  0.50   90364     607   90060  1987491  21.99
1970-1979       57      0.00756  0.00754  0.50   89757     676   89419  1897431  21.14
1970-1979       58      0.00824  0.00821  0.50   89081     731   88715  1808012  20.30
1970-1979       59      0.00878  0.00874  0.50   88349     772   87963  1719297  19.46
1970-1979       60      0.01038  0.01033  0.50   87577     904   87125  1631334  18.63
1970-1979       61      0.01145  0.01139  0.50   86673     987   86179  1544208  17.82
1970-1979       62      0.01283  0.01275  0.50   85686    1092   85140  1458029  17.02
1970-1979       63      0.01471  0.01460  0.50   84594    1235   83976  1372889  16.23
1970-1979       64      0.01607  0.01595  0.50   83358    1329   82694  1288913  15.46
1970-1979       65      0.01819  0.01803  0.50   82029    1479   81290  1206220  14.70
1970-1979       66      0.02104  0.02082  0.50   80550    1677   79712  1124930  13.97
1970-1979       67      0.02340  0.02313  0.50   78873    1824   77961  1045218  13.25
1970-1979       68      0.02691  0.02655  0.50   77049    2046   76026   967257  12.55
1970-1979       69      0.03007  0.02963  0.50   75003    2222   73892   891231  11.88
1970-1979       70      0.03487  0.03427  0.50   72781    2494   71534   817339  11.23
1970-1979       71      0.03818  0.03747  0.50   70287    2633   68970   745805  10.61
1970-1979       72      0.04347  0.04255  0.50   67653    2879   66214   676835  10.00
1970-1979       73      0.04933  0.04814  0.50   64775    3118   63215   610621   9.43
1970-1979       74      0.05462  0.05317  0.50   61656    3278   60017   547405   8.88
1970-1979       75      0.06254  0.06065  0.50   58378    3540   56608   487388   8.35
1970-1979       76      0.06919  0.06688  0.50   54838    3667   53004   430780   7.86
1970-1979       77      0.07842  0.07546  0.50   51170    3861   49240   377777   7.38
1970-1979       78      0.08654  0.08295  0.50   47309    3924   45347   328537   6.94
1970-1979       79      0.09852  0.09389  0.50   43385    4074   41348   283190   6.53
1970-1979       80      0.10876  0.10315  0.50   39311    4055   37284   241842   6.15
1970-1979       81      0.11963  0.11288  0.50   35256    3980   33266   204558   5.80
1970-1979       82      0.12886  0.12106  0.50   31277    3786   29383   171292   5.48
1970-1979       83      0.14292  0.13339  0.50   27490    3667   25657   141909   5.16
1970-1979       84      0.15623  0.14491  0.50   23823    3452   22097   116252   4.88
1970-1979       85      0.16978  0.15649  0.50   20371    3188   18777    94155   4.62
1970-1979       86      0.18384  0.16836  0.50   17183    2893   15737    75378   4.39
1970-1979       87      0.19567  0.17823  0.50   14290    2547   13017    59641   4.17
1970-1979       88      0.21118  0.19101  0.50   11743    2243   10622    46625   3.97
1970-1979       89      0.22182  0.19968  0.50    9500    1897    8552    36003   3.79
1970-1979       90      0.23652  0.21151  0.50    7603    1608    6799    27452   3.61
1970-1979       91      0.26003  0.23011  0.50    5995    1380    5305    20653   3.44
1970-1979       92      0.26642  0.23510  0.50    4615    1085    4073    15347   3.33
1970-1979       93      0.27275  0.24002  0.50    3530     847    3107    11274   3.19
1970-1979       94      0.27545  0.24211  0.50    2683     650    2358     8168   3.04
1970-1979       95      0.31087  0.26905  0.50    2033     547    1760     5809   2.86
1970-1979       96      0.32904  0.28255  0.50    1486     420    1276     4050   2.72
1970-1979       97      0.34773  0.29623  0.50    1066     316     908     2773   2.60
1970-1979       98      0.36691  0.31003  0.50     750     233     634     1865   2.48
1970-1979       99      0.38652  0.32392  0.50     518     168     434     1231   2.38
1970-1979      100      0.40650  0.33784  0.50     350     118     291      797   2.28
1970-1979      101      0.42680  0.35174  0.50     232      82     191      506   2.18
1970-1979      102      0.44734  0.36558  0.50     150      55     123      315   2.09
1970-1979      103      0.46807  0.37930  0.50      95      36      77      192   2.01
1970-1979      104      0.48891  0.39287  0.50      59      23      48      115   1.94
1970-1979      105      0.50979  0.40624  0.50      36      15      29       67   1.87
1970-1979      106      0.53063  0.41937  0.50      21       9      17       39   1.81
1970-1979      107      0.55137  0.43221  0.50      12       5      10       22   1.75
1970-1979      108      0.57193  0.44475  0.50       7       3       5       12   1.70
1970-1979      109      0.59224  0.45694  0.50       4       2       3        6   1.66
1970-1979      110+     0.61225  1.00000  1.63       2       2       3        3   1.63
1980-1989        0      0.01424  0.01406  0.12  100000    1406   98762  7441223  74.41
1980-1989        1      0.00157  0.00157  0.50   98594     155   98516  7342461  74.47
1980-1989        2      0.00094  0.00094  0.50   98439      93   98392  7243945  73.59
1980-1989        3      0.00070  0.00070  0.50   98346      68   98312  7145553  72.66
1980-1989        4      0.00053  0.00053  0.50   98278      52   98252  7047241  71.71
1980-1989        5      0.00046  0.00046  0.50   98225      45   98203  6948989  70.75
1980-1989        6      0.00037  0.00037  0.50   98180      36   98162  6850786  69.78
1980-1989        7      0.00034  0.00034  0.50   98144      33   98127  6752624  68.80
1980-1989        8      0.00033  0.00033  0.50   98111      32   98094  6654497  67.83
1980-1989        9      0.00028  0.00028  0.50   98078      28   98064  6556402  66.85
1980-1989       10      0.00031  0.00031  0.50   98050      31   98035  6458338  65.87
1980-1989       11      0.00027  0.00027  0.50   98020      27   98006  6360303  64.89
1980-1989       12      0.00029  0.00029  0.50   97993      28   97979  6262297  63.91
1980-1989       13      0.00027  0.00027  0.50   97965      27   97951  6164318  62.92
1980-1989       14      0.00032  0.00032  0.50   97938      31   97922  6066367  61.94
1980-1989       15      0.00040  0.00040  0.50   97907      39   97887  5968445  60.96
1980-1989       16      0.00043  0.00043  0.50   97868      42   97847  5870558  59.98
1980-1989       17      0.00048  0.00048  0.50   97825      47   97802  5772711  59.01
1980-1989       18      0.00051  0.00051  0.50   97778      50   97753  5674909  58.04
1980-1989       19      0.00049  0.00049  0.50   97729      48   97705  5577156  57.07
1980-1989       20      0.00047  0.00047  0.50   97681      46   97658  5479451  56.10
1980-1989       21      0.00051  0.00051  0.50   97635      50   97610  5381794  55.12
1980-1989       22      0.00054  0.00054  0.50   97585      53   97558  5284184  54.15
1980-1989       23      0.00057  0.00057  0.50   97532      55   97504  5186626  53.18
1980-1989       24      0.00053  0.00053  0.50   97476      52   97450  5089122  52.21
1980-1989       25      0.00054  0.00054  0.50   97425      52   97398  4991672  51.24
1980-1989       26      0.00066  0.00066  0.50   97372      64   97340  4894273  50.26
1980-1989       27      0.00062  0.00062  0.50   97308      60   97278  4796933  49.30
1980-1989       28      0.00063  0.00063  0.50   97248      61   97217  4699655  48.33
1980-1989       29      0.00070  0.00070  0.50   97187      68   97153  4602438  47.36
1980-1989       30      0.00071  0.00071  0.50   97118      69   97084  4505286  46.39
1980-1989       31      0.00072  0.00072  0.50   97049      70   97014  4408202  45.42
1980-1989       32      0.00087  0.00087  0.50   96979      85   96937  4311187  44.45
1980-1989       33      0.00085  0.00085  0.50   96895      83   96853  4214250  43.49
1980-1989       34      0.00088  0.00088  0.50   96812      85   96769  4117397  42.53
1980-1989       35      0.00098  0.00098  0.50   96727      95   96679  4020627  41.57
1980-1989       36      0.00102  0.00102  0.50   96632      98   96583  3923948  40.61
1980-1989       37      0.00112  0.00112  0.50   96534     108   96480  3827365  39.65
1980-1989       38      0.00129  0.00128  0.50   96426     124   96364  3730886  38.69
1980-1989       39      0.00142  0.00142  0.50   96302     137   96234  3634522  37.74
1980-1989       40      0.00140  0.00140  0.50   96165     134   96098  3538288  36.79
1980-1989       41      0.00157  0.00157  0.50   96031     151   95955  3442190  35.84
1980-1989       42      0.00172  0.00172  0.50   95880     165   95797  3346235  34.90
1980-1989       43      0.00195  0.00195  0.50   95715     186   95621  3250438  33.96
1980-1989       44      0.00213  0.00213  0.50   95528     204   95426  3154817  33.02
1980-1989       45      0.00230  0.00229  0.50   95325     219   95215  3059390  32.09
1980-1989       46      0.00256  0.00256  0.50   95106     243   94984  2964175  31.17
1980-1989       47      0.00284  0.00284  0.50   94863     269   94728  2869190  30.25
1980-1989       48      0.00305  0.00304  0.50   94593     288   94449  2774462  29.33
1980-1989       49      0.00344  0.00344  0.50   94305     324   94143  2680013  28.42
1980-1989       50      0.00380  0.00379  0.50   93981     356   93803  2585869  27.51
1980-1989       51      0.00422  0.00422  0.50   93625     395   93428  2492066  26.62
1980-1989       52      0.00465  0.00464  0.50   93231     433   93014  2398638  25.73
1980-1989       53      0.00509  0.00507  0.50   92798     471   92562  2305624  24.85
1980-1989       54      0.00548  0.00546  0.50   92327     504   92075  2213062  23.97
1980-1989       55      0.00613  0.00612  0.50   91822     562   91542  2120987  23.10
1980-1989       56      0.00669  0.00667  0.50   91261     609   90956  2029446  22.24
1980-1989       57      0.00751  0.00749  0.50   90652     679   90313  1938489  21.38
1980-1989       58      0.00826  0.00823  0.50   89973     740   89603  1848177  20.54
1980-1989       59      0.00930  0.00926  0.50   89233     826   88820  1758574  19.71
1980-1989       60      0.01016  0.01011  0.50   88407     894   87960  1669754  18.89
1980-1989       61      0.01126  0.01120  0.50   87513     980   87023  1581794  18.07
1980-1989       62      0.01220  0.01213  0.50   86533    1050   86008  1494771  17.27
1980-1989       63      0.01404  0.01394  0.50   85483    1192   84887  1408763  16.48
1980-1989       64      0.01537  0.01526  0.50   84292    1286   83649  1323875  15.71
1980-1989       65      0.01732  0.01717  0.50   83006    1425   82293  1240227  14.94
1980-1989       66      0.01921  0.01903  0.50   81580    1553   80804  1157934  14.19
1980-1989       67      0.02229  0.02204  0.50   80028    1764   79146  1077130  13.46
1980-1989       68      0.02483  0.02452  0.50   78264    1919   77304   997984  12.75
1980-1989       69      0.02843  0.02803  0.50   76344    2140   75274   920680  12.06
1980-1989       70      0.03198  0.03148  0.50   74204    2336   73036   845406  11.39
1980-1989       71      0.03645  0.03580  0.50   71869    2573   70582   772370  10.75
1980-1989       72      0.04073  0.03992  0.50   69296    2766   67913   701788  10.13
1980-1989       73      0.04613  0.04509  0.50   66530    3000   65030   633875   9.53
1980-1989       74      0.05289  0.05153  0.50   63530    3274   61893   568845   8.95
1980-1989       75      0.05798  0.05634  0.50   60256    3395   58559   506952   8.41
1980-1989       76      0.06635  0.06422  0.50   56861    3652   55035   448393   7.89
1980-1989       77      0.07328  0.07069  0.50   53210    3761   51329   393358   7.39
1980-1989       78      0.08265  0.07937  0.50   49448    3925   47486   342029   6.92
1980-1989       79      0.09125  0.08727  0.50   45524    3973   43537   294543   6.47
1980-1989       80      0.10651  0.10113  0.50   41551    4202   39450   251006   6.04
1980-1989       81      0.11847  0.11184  0.50   37349    4177   35260   211556   5.66
1980-1989       82      0.13019  0.12224  0.50   33172    4055   31144   176295   5.31
1980-1989       83      0.14617  0.13621  0.50   29117    3966   27134   145151   4.99
1980-1989       84      0.15633  0.14500  0.50   25151    3647   23327   118017   4.69
1980-1989       85      0.17060  0.15719  0.50   21504    3380   19814    94690   4.40
1980-1989       86      0.18329  0.16790  0.50   18124    3043   16602    74876   4.13
1980-1989       87      0.20908  0.18929  0.50   15081    2855   13653    58274   3.86
1980-1989       88      0.22534  0.20252  0.50   12226    2476   10988    44621   3.65
1980-1989       89      0.24129  0.21531  0.50    9750    2099    8700    33633   3.45
1980-1989       90      0.26422  0.23339  0.50    7651    1786    6758    24932   3.26
1980-1989       91      0.28488  0.24936  0.50    5865    1463    5134    18174   3.10
1980-1989       92      0.29282  0.25542  0.50    4403    1125    3840    13040   2.96
1980-1989       93      0.31491  0.27207  0.50    3278     892    2832     9200   2.81
1980-1989       94      0.31484  0.27202  0.50    2386     649    2062     6368   2.67
1980-1989       95      0.36108  0.30586  0.50    1737     531    1471     4306   2.48
1980-1989       96      0.38484  0.32274  0.50    1206     389    1011     2835   2.35
1980-1989       97      0.40917  0.33968  0.50     817     277     678     1824   2.23
1980-1989       98      0.43395  0.35658  0.50     539     192     443     1146   2.12
1980-1989       99      0.45906  0.37336  0.50     347     130     282      703   2.02
1980-1989      100      0.48438  0.38994  0.50     217      85     175      420   1.93
1980-1989      101      0.50979  0.40624  0.50     133      54     106      245   1.85
1980-1989      102      0.53514  0.42218  0.50      79      33      62      140   1.77
1980-1989      103      0.56031  0.43769  0.50      46      20      36       77   1.70
1980-1989      104      0.58518  0.45272  0.50      26      12      20       42   1.64
1980-1989      105      0.60962  0.46721  0.50      14       7      11       22   1.58
1980-1989      106      0.63352  0.48112  0.50       7       4       6       11   1.53
1980-1989      107      0.65678  0.49442  0.50       4       2       3        6   1.48
1980-1989      108      0.67932  0.50708  0.50       2       1       1        3   1.44
1980-1989      109      0.70104  0.51909  0.50       1       1       1        1   1.41
1980-1989      110+     0.72190  1.00000  1.39       0       0       1        1   1.39
1990-1999        0      0.01350  0.01334  0.12  100000    1334   98827  7469450  74.69
1990-1999        1      0.00145  0.00145  0.50   98666     143   98594  7370622  74.70
1990-1999        2      0.00081  0.00081  0.50   98523      79   98483  7272028  73.81
1990-1999        3      0.00067  0.00067  0.50   98444      66   98411  7173545  72.87
1990-1999        4      0.00067  0.00067  0.50   98378      66   98345  7075134  71.92
1990-1999        5      0.00040  0.00040  0.50   98312      40   98292  6976789  70.97
1990-1999        6      0.00035  0.00035  0.50   98272      35   98255  6878497  69.99
1990-1999        7      0.00034  0.00034  0.50   98238      33   98221  6780242  69.02
1990-1999        8      0.00030  0.00030  0.50   98204      29   98190  6682021  68.04
1990-1999        9      0.00028  0.00028  0.50   98175      27   98162  6583832  67.06
1990-1999       10      0.00030  0.00029  0.50   98148      29   98134  6485670  66.08
1990-1999       11      0.00033  0.00033  0.50   98119      32   98103  6387537  65.10
1990-1999       12      0.00026  0.00026  0.50   98087      25   98075  6289434  64.12
1990-1999       13      0.00030  0.00030  0.50   98062      29   98047  6191359  63.14
1990-1999       14      0.00031  0.00031  0.50   98033      30   98018  6093312  62.16
1990-1999       15      0.00040  0.00040  0.50   98003      39   97983  5995294  61.17
1990-1999       16      0.00043  0.00043  0.50   97963      42   97942  5897311  60.20
1990-1999       17      0.00050  0.00050  0.50   97921      49   97897  5799369  59.22
1990-1999       18      0.00046  0.00046  0.50   97872      45   97850  5701473  58.25
1990-1999       19      0.00050  0.00050  0.50   97827      49   97803  5603623  57.28
1990-1999       20      0.00054  0.00054  0.50   97778      53   97752  5505820  56.31
1990-1999       21      0.00051  0.00051  0.50   97726      50   97701  5408068  55.34
1990-1999       22      0.00049  0.00049  0.50   97676      48   97652  5310367  54.37
1990-1999       23      0.00056  0.00056  0.50   97628      54   97601  5212715  53.39
1990-1999       24      0.00054  0.00054  0.50   97573      52   97547  5115115  52.42
1990-1999       25      0.00060  0.00060  0.50   97521      59   97492  5017567  51.45
1990-1999       26      0.00061  0.00061  0.50   97462      59   97433  4920075  50.48
1990-1999       27      0.00066  0.00066  0.50   97403      64   97371  4822642  49.51
1990-1999       28      0.00068  0.00068  0.50   97339      66   97306  4725271  48.54
1990-1999       29      0.00069  0.00069  0.50   97273      67   97239  4627965  47.58
1990-1999       30      0.00072  0.00072  0.50   97205      70   97170  4530726  46.61
1990-1999       31      0.00081  0.00081  0.50   97136      78   97096  4433556  45.64
1990-1999       32      0.00086  0.00086  0.50   97057      84   97016  4336459  44.68
1990-1999       33      0.00096  0.00096  0.50   96974      93   96927  4239444  43.72
1990-1999       34      0.00092  0.00092  0.50   96881      89   96836  4142517  42.76
1990-1999       35      0.00110  0.00110  0.50   96791     107   96738  4045681  41.80
1990-1999       36      0.00111  0.00111  0.50   96685     108   96631  3948943  40.84
1990-1999       37      0.00131  0.00131  0.50   96577     126   96514  3852312  39.89
1990-1999       38      0.00140  0.00140  0.50   96451     135   96383  3755798  38.94
1990-1999       39      0.00139  0.00139  0.50   96316     134   96249  3659415  37.99
1990-1999       40      0.00169  0.00169  0.50   96182     162   96100  3563166  37.05
1990-1999       41      0.00178  0.00178  0.50   96019     171   95934  3467066  36.11
1990-1999       42      0.00191  0.00191  0.50   95848     183   95757  3371132  35.17
1990-1999       43      0.00215  0.00214  0.50   95665     205   95563  3275376  34.24
1990-1999       44      0.00219  0.00218  0.50   95460     208   95356  3179813  33.31
1990-1999       45      0.00248  0.00248  0.50   95252     236   95134  3084457  32.38
1990-1999       46      0.00279  0.00279  0.50   95015     265   94883  2989323  31.46
1990-1999       47      0.00304  0.00304  0.50   94750     288   94607  2894440  30.55
1990-1999       48      0.00335  0.00334  0.50   94463     316   94305  2799834  29.64
1990-1999       49      0.00368  0.00368  0.50   94147     346   93974  2705529  28.74
1990-1999       50      0.00385  0.00384  0.50   93801     360   93621  2611555  27.84
1990-1999       51      0.00444  0.00443  0.50   93441     414   93234  2517934  26.95
1990-1999       52      0.00463  0.00462  0.50   93027     430   92812  2424701  26.06
1990-1999       53      0.00499  0.00498  0.50   92597     461   92366  2331889  25.18
1990-1999       54      0.00552  0.00550  0.50   92136     507   91882  2239523  24.31
1990-1999       55      0.00609  0.00607  0.50   91629     556   91351  2147641  23.44
1990-1999       56      0.00660  0.00658  0.50   91072     599   90773  2056290  22.58
1990-1999       57      0.00729  0.00726  0.50   90473     657   90145  1965517  21.72
1990-1999       58      0.00821  0.00818  0.50   89816     735   89449  1875373  20.88
1990-1999       59      0.00889  0.00885  0.50   89082     788   88687  1785924  20.05
1990-1999       60      0.00964  0.00959  0.50   88293     847   87870  1697236  19.22
1990-1999       61      0.01110  0.01104  0.50   87446     965   86964  1609366  18.40
1990-1999       62      0.01205  0.01198  0.50   86481    1036   85963  1522403  17.60
1990-1999       63      0.01346  0.01337  0.50   85446    1142   84874  1436439  16.81
1990-1999       64      0.01529  0.01518  0.50   84303    1280   83664  1351565  16.03
1990-1999       65      0.01664  0.01650  0.50   83024    1370   82339  1267901  15.27
1990-1999       66      0.01854  0.01837  0.50   81654    1500   80904  1185562  14.52
1990-1999       67      0.02078  0.02057  0.50   80154    1649   79329  1104659  13.78
1990-1999       68      0.02357  0.02329  0.50   78505    1829   77590  1025330  13.06
1990-1999       69      0.02655  0.02620  0.50   76676    2009   75671   947739  12.36
1990-1999       70      0.02998  0.02954  0.50   74667    2206   73564   872068  11.68
1990-1999       71      0.03367  0.03312  0.50   72461    2400   71261   798504  11.02
1990-1999       72      0.03764  0.03695  0.50   70062    2589   68767   727243  10.38
1990-1999       73      0.04285  0.04195  0.50   67473    2831   66058   658475   9.76
1990-1999       74      0.04783  0.04672  0.50   64642    3020   63132   592418   9.16
1990-1999       75      0.05521  0.05373  0.50   61622    3311   59967   529285   8.59
1990-1999       76      0.06163  0.05978  0.50   58311    3486   56568   469319   8.05
1990-1999       77      0.06909  0.06678  0.50   54825    3661   52995   412750   7.53
1990-1999       78      0.07872  0.07574  0.50   51164    3875   49226   359756   7.03
1990-1999       79      0.08665  0.08306  0.50   47289    3928   45325   310529   6.57
1990-1999       80      0.09836  0.09375  0.50   43361    4065   41329   265204   6.12
1990-1999       81      0.11132  0.10545  0.50   39296    4144   37224   223876   5.70
1990-1999       82      0.12515  0.11778  0.50   35152    4140   33082   186652   5.31
1990-1999       83      0.14090  0.13163  0.50   31012    4082   28971   153569   4.95
1990-1999       84      0.15313  0.14224  0.50   26930    3831   25015   124598   4.63
1990-1999       85      0.16804  0.15502  0.50   23100    3581   21309    99583   4.31
1990-1999       86      0.18997  0.17349  0.50   19519    3386   17826    78274   4.01
1990-1999       87      0.20947  0.18961  0.50   16132    3059   14603    60449   3.75
1990-1999       88      0.22741  0.20419  0.50   13074    2670   11739    45845   3.51
1990-1999       89      0.24823  0.22083  0.50   10404    2297    9255    34107   3.28
1990-1999       90      0.27339  0.24052  0.50    8107    1950    7132    24851   3.07
1990-1999       91      0.30204  0.26241  0.50    6157    1616    5349    17720   2.88
1990-1999       92      0.31921  0.27528  0.50    4541    1250    3916    12371   2.72
1990-1999       93      0.33386  0.28610  0.50    3291     942    2820     8455   2.57
1990-1999       94      0.35917  0.30449  0.50    2350     715    1992     5634   2.40
1990-1999       95      0.40387  0.33602  0.50    1634     549    1360     3642   2.23
1990-1999       96      0.43307  0.35598  0.50    1085     386     892     2283   2.10
1990-1999       97      0.46273  0.37579  0.50     699     263     567     1391   1.99
1990-1999       98      0.49266  0.39529  0.50     436     172     350      823   1.89
1990-1999       99      0.52264  0.41436  0.50     264     109     209      473   1.79
1990-1999      100      0.55246  0.43289  0.50     154      67     121      264   1.71
1990-1999      101      0.58191  0.45076  0.50      88      39      68      143   1.64
1990-1999      102      0.61079  0.46789  0.50      48      23      37       75   1.57
1990-1999      103      0.63890  0.48422  0.50      26      12      19       39   1.51
1990-1999      104      0.66610  0.49968  0.50      13       7      10       19   1.45
1990-1999      105      0.69224  0.51425  0.50       7       3       5        9   1.40
1990-1999      106      0.71720  0.52789  0.50       3       2       2        4   1.36
1990-1999      107      0.74089  0.54062  0.50       2       1       1        2   1.32
1990-1999      108      0.76325  0.55243  0.50       1       0       1        1   1.29
1990-1999      109      0.78425  0.56335  0.50       0       0       0        0   1.26
1990-1999      110+     0.80386  1.00000  1.24       0       0       0        0   1.24
2000-2009        0      0.01025  0.01016  0.13  100000    1016   99114  7613445  76.13
2000-2009        1      0.00093  0.00092  0.50   98984      92   98938  7514331  75.91
2000-2009        2      0.00052  0.00052  0.50   98893      51   98867  7415392  74.98
2000-2009        3      0.00039  0.00039  0.50   98841      38   98822  7316525  74.02
2000-2009        4      0.00035  0.00035  0.50   98803      35   98786  7217703  73.05
2000-2009        5      0.00027  0.00027  0.50   98768      27   98755  7118917  72.08
2000-2009        6      0.00027  0.00027  0.50   98741      27   98728  7020162  71.10
2000-2009        7      0.00022  0.00022  0.50   98715      21   98704  6921434  70.12
2000-2009        8      0.00019  0.00019  0.50   98693      19   98684  6822730  69.13
2000-2009        9      0.00022  0.00022  0.50   98674      22   98663  6724046  68.14
2000-2009       10      0.00021  0.00021  0.50   98653      21   98642  6625382  67.16
2000-2009       11      0.00017  0.00017  0.50   98632      17   98623  6526740  66.17
2000-2009       12      0.00025  0.00025  0.50   98615      24   98603  6428117  65.18
2000-2009       13      0.00023  0.00023  0.50   98590      22   98579  6329515  64.20
2000-2009       14      0.00026  0.00026  0.50   98568      26   98555  6230935  63.21
2000-2009       15      0.00028  0.00028  0.50   98542      27   98528  6132380  62.23
2000-2009       16      0.00027  0.00027  0.50   98515      27   98501  6033852  61.25
2000-2009       17      0.00034  0.00034  0.50   98488      34   98471  5935350  60.26
2000-2009       18      0.00043  0.00043  0.50   98454      42   98433  5836880  59.29
2000-2009       19      0.00041  0.00041  0.50   98412      40   98392  5738447  58.31
2000-2009       20      0.00044  0.00044  0.50   98371      43   98350  5640055  57.33
2000-2009       21      0.00045  0.00045  0.50   98328      44   98306  5541705  56.36
2000-2009       22      0.00040  0.00040  0.50   98284      39   98265  5443399  55.38
2000-2009       23      0.00042  0.00042  0.50   98245      42   98224  5345134  54.41
2000-2009       24      0.00049  0.00049  0.50   98204      48   98180  5246909  53.43
2000-2009       25      0.00048  0.00048  0.50   98155      48   98132  5148730  52.45
2000-2009       26      0.00052  0.00052  0.50   98108      51   98083  5050598  51.48
2000-2009       27      0.00046  0.00046  0.50   98057      45   98035  4952516  50.51
2000-2009       28      0.00053  0.00053  0.50   98012      52   97987  4854481  49.53
2000-2009       29      0.00056  0.00056  0.50   97961      55   97934  4756494  48.56
2000-2009       30      0.00066  0.00066  0.50   97906      65   97874  4658561  47.58
2000-2009       31      0.00064  0.00064  0.50   97841      63   97810  4560687  46.61
2000-2009       32      0.00074  0.00074  0.50   97778      72   97742  4462877  45.64
2000-2009       33      0.00080  0.00080  0.50   97706      78   97667  4365135  44.68
2000-2009       34      0.00093  0.00093  0.50   97628      91   97583  4267468  43.71
2000-2009       35      0.00093  0.00093  0.50   97537      90   97492  4169885  42.75
2000-2009       36      0.00108  0.00108  0.50   97447     106   97394  4072393  41.79
2000-2009       37      0.00126  0.00126  0.50   97341     122   97280  3974999  40.84
2000-2009       38      0.00132  0.00132  0.50   97219     128   97155  3877719  39.89
2000-2009       39      0.00141  0.00141  0.50   97091     137   97023  3780564  38.94
2000-2009       40      0.00149  0.00149  0.50   96954     144   96882  3683541  37.99
2000-2009       41      0.00165  0.00165  0.50   96810     159   96730  3586659  37.05
2000-2009       42      0.00183  0.00183  0.50   96651     177   96562  3489929  36.11
2000-2009       43      0.00210  0.00210  0.50   96474     202   96373  3393366  35.17
2000-2009       44      0.00221  0.00221  0.50   96272     213   96165  3296994  34.25
2000-2009       45      0.00253  0.00252  0.50   96059     242   95938  3200828  33.32
2000-2009       46      0.00271  0.00271  0.50   95817     260   95687  3104890  32.40
2000-2009       47      0.00303  0.00302  0.50   95557     289   95413  3009203  31.49
2000-2009       48      0.00321  0.00320  0.50   95268     305   95116  2913790  30.59
2000-2009       49      0.00357  0.00356  0.50   94963     338   94794  2818674  29.68
2000-2009       50      0.00387  0.00386  0.50   94625     365   94443  2723880  28.79
2000-2009       51      0.00413  0.00412  0.50   94260     388   94066  2629437  27.90
2000-2009       52      0.00436  0.00435  0.50   93872     409   93667  2535372  27.01
2000-2009       53      0.00497  0.00496  0.50   93463     464   93231  2441704  26.12
2000-2009       54      0.00530  0.00529  0.50   92999     492   92754  2348473  25.25
2000-2009       55      0.00578  0.00576  0.50   92508     533   92241  2255719  24.38
2000-2009       56      0.00619  0.00617  0.50   91975     567   91691  2163478  23.52
2000-2009       57      0.00681  0.00679  0.50   91407     621   91097  2071787  22.67
2000-2009       58      0.00732  0.00730  0.50   90787     662   90455  1980690  21.82
2000-2009       59      0.00780  0.00777  0.50   90124     700   89774  1890235  20.97
2000-2009       60      0.00873  0.00869  0.50   89424     777   89035  1800461  20.13
2000-2009       61      0.00939  0.00934  0.50   88646     828   88232  1711426  19.31
2000-2009       62      0.01053  0.01047  0.50   87818     920   87358  1623194  18.48
2000-2009       63      0.01184  0.01177  0.50   86899    1022   86387  1535835  17.67
2000-2009       64      0.01310  0.01301  0.50   85876    1117   85317  1449448  16.88
2000-2009       65      0.01470  0.01460  0.50   84759    1237   84140  1364131  16.09
2000-2009       66      0.01618  0.01605  0.50   83522    1341   82851  1279990  15.33
2000-2009       67      0.01781  0.01765  0.50   82181    1451   81456  1197139  14.57
2000-2009       68      0.01971  0.01951  0.50   80730    1575   79943  1115684  13.82
2000-2009       69      0.02249  0.02224  0.50   79155    1760   78275  1035741  13.08
2000-2009       70      0.02593  0.02560  0.50   77395    1981   76404   957466  12.37
2000-2009       71      0.02855  0.02815  0.50   75413    2123   74352   881062  11.68
2000-2009       72      0.03219  0.03168  0.50   73290    2322   72129   806710  11.01
2000-2009       73      0.03688  0.03621  0.50   70968    2570   69683   734581  10.35
2000-2009       74      0.04202  0.04115  0.50   68398    2815   66991   664897   9.72
2000-2009       75      0.04725  0.04616  0.50   65584    3027   64070   597907   9.12
2000-2009       76      0.05387  0.05246  0.50   62556    3282   60916   533836   8.53
2000-2009       77      0.06152  0.05968  0.50   59275    3538   57506   472921   7.98
2000-2009       78      0.06892  0.06663  0.50   55737    3714   53880   415415   7.45
2000-2009       79      0.07891  0.07591  0.50   52023    3949   50049   361535   6.95
2000-2009       80      0.08935  0.08553  0.50   48074    4112   46018   311486   6.48
2000-2009       81      0.10067  0.09585  0.50   43962    4214   41856   265468   6.04
2000-2009       82      0.11264  0.10663  0.50   39749    4239   37630   223612   5.63
2000-2009       83      0.12591  0.11845  0.50   35510    4206   33407   185983   5.24
2000-2009       84      0.14119  0.13188  0.50   31304    4128   29240   152576   4.87
2000-2009       85      0.15865  0.14699  0.50   27176    3994   25178   123336   4.54
2000-2009       86      0.17401  0.16008  0.50   23181    3711   21326    98157   4.23
2000-2009       87      0.19401  0.17685  0.50   19470    3443   17749    76831   3.95
2000-2009       88      0.21480  0.19397  0.50   16027    3109   14473    59083   3.69
2000-2009       89      0.23464  0.21000  0.50   12918    2713   11562    44610   3.45
2000-2009       90      0.25023  0.22240  0.50   10205    2270    9071    33048   3.24
2000-2009       91      0.28180  0.24700  0.50    7936    1960    6956    23978   3.02
2000-2009       92      0.29727  0.25880  0.50    5976    1546    5202    17022   2.85
2000-2009       93      0.32852  0.28217  0.50    4429    1250    3804    11820   2.67
2000-2009       94      0.34187  0.29196  0.50    3179     928    2715     8015   2.52
2000-2009       95      0.37782  0.31778  0.50    2251     715    1893     5300   2.35
2000-2009       96      0.40634  0.33772  0.50    1536     519    1276     3407   2.22
2000-2009       97      0.43551  0.35763  0.50    1017     364     835     2130   2.09
2000-2009       98      0.46513  0.37737  0.50     653     247     530     1295   1.98
2000-2009       99      0.49500  0.39680  0.50     407     161     326      765   1.88
2000-2009      100      0.52491  0.41579  0.50     245     102     194      439   1.79
2000-2009      101      0.55464  0.43422  0.50     143      62     112      245   1.71
2000-2009      102      0.58398  0.45200  0.50      81      37      63      132   1.63
2000-2009      103      0.61274  0.46904  0.50      44      21      34       70   1.56
2000-2009      104      0.64074  0.48527  0.50      24      11      18       35   1.50
2000-2009      105      0.66780  0.50064  0.50      12       6       9       18   1.45
2000-2009      106      0.69381  0.51511  0.50       6       3       5        9   1.40
2000-2009      107      0.71863  0.52867  0.50       3       2       2        4   1.36
2000-2009      108      0.74219  0.54131  0.50       1       1       1        2   1.32
2000-2009      109      0.76443  0.55305  0.50       1       0       0        1   1.29
2000-2009      110+     0.78530  1.00000  1.27       0       0       0        0   1.27
