Belarus, Life tables (period 1x10), Females	Last modified: 20 Apr 2018;  Methods Protocol: v6 (2017)

  Year          Age         mx       qx    ax      lx      dx      Lx       Tx     ex
1960-1969        0      0.02276  0.02232  0.14  100000    2232   98069  7581724  75.82
1960-1969        1      0.00280  0.00280  0.50   97768     274   97631  7483655  76.55
1960-1969        2      0.00104  0.00104  0.50   97494     101   97443  7386024  75.76
1960-1969        3      0.00079  0.00079  0.50   97393      76   97355  7288580  74.84
1960-1969        4      0.00055  0.00055  0.50   97316      54   97290  7191226  73.90
1960-1969        5      0.00050  0.00050  0.50   97263      48   97239  7093936  72.94
1960-1969        6      0.00046  0.00046  0.50   97214      45   97192  6996698  71.97
1960-1969        7      0.00043  0.00043  0.50   97170      42   97149  6899506  71.00
1960-1969        8      0.00041  0.00041  0.50   97128      40   97108  6802357  70.04
1960-1969        9      0.00034  0.00034  0.50   97088      33   97072  6705249  69.06
1960-1969       10      0.00036  0.00036  0.50   97055      34   97038  6608177  68.09
1960-1969       11      0.00034  0.00034  0.50   97021      33   97004  6511140  67.11
1960-1969       12      0.00040  0.00040  0.50   96988      38   96969  6414135  66.13
1960-1969       13      0.00040  0.00040  0.50   96949      39   96930  6317167  65.16
1960-1969       14      0.00039  0.00039  0.50   96910      38   96892  6220237  64.19
1960-1969       15      0.00045  0.00045  0.50   96873      43   96851  6123345  63.21
1960-1969       16      0.00054  0.00054  0.50   96829      52   96803  6026494  62.24
1960-1969       17      0.00057  0.00056  0.50   96777      55   96750  5929691  61.27
1960-1969       18      0.00059  0.00059  0.50   96723      57   96694  5832941  60.31
1960-1969       19      0.00059  0.00059  0.50   96666      57   96637  5736247  59.34
1960-1969       20      0.00077  0.00077  0.50   96609      75   96571  5639609  58.38
1960-1969       21      0.00066  0.00066  0.50   96534      63   96502  5543038  57.42
1960-1969       22      0.00082  0.00082  0.50   96471      79   96431  5446535  56.46
1960-1969       23      0.00076  0.00076  0.50   96392      73   96355  5350104  55.50
1960-1969       24      0.00078  0.00078  0.50   96318      75   96281  5253749  54.55
1960-1969       25      0.00084  0.00084  0.50   96243      81   96202  5157469  53.59
1960-1969       26      0.00086  0.00086  0.50   96162      83   96120  5061267  52.63
1960-1969       27      0.00083  0.00083  0.50   96079      80   96039  4965146  51.68
1960-1969       28      0.00092  0.00092  0.50   95999      89   95954  4869107  50.72
1960-1969       29      0.00087  0.00087  0.50   95910      83   95868  4773153  49.77
1960-1969       30      0.00113  0.00113  0.50   95827     109   95772  4677285  48.81
1960-1969       31      0.00097  0.00097  0.50   95718      92   95672  4581512  47.86
1960-1969       32      0.00121  0.00121  0.50   95626     116   95568  4485840  46.91
1960-1969       33      0.00111  0.00111  0.50   95510     106   95457  4390272  45.97
1960-1969       34      0.00129  0.00129  0.50   95403     123   95342  4294816  45.02
1960-1969       35      0.00135  0.00135  0.50   95280     128   95216  4199474  44.07
1960-1969       36      0.00148  0.00148  0.50   95152     141   95081  4104258  43.13
1960-1969       37      0.00138  0.00138  0.50   95011     131   94946  4009176  42.20
1960-1969       38      0.00153  0.00153  0.50   94880     145   94808  3914231  41.25
1960-1969       39      0.00156  0.00156  0.50   94736     148   94662  3819423  40.32
1960-1969       40      0.00211  0.00211  0.50   94588     199   94488  3724761  39.38
1960-1969       41      0.00176  0.00176  0.50   94388     166   94305  3630273  38.46
1960-1969       42      0.00224  0.00224  0.50   94222     211   94117  3535968  37.53
1960-1969       43      0.00226  0.00226  0.50   94011     212   93905  3441851  36.61
1960-1969       44      0.00246  0.00246  0.50   93799     231   93684  3347946  35.69
1960-1969       45      0.00290  0.00289  0.50   93568     271   93433  3254262  34.78
1960-1969       46      0.00289  0.00289  0.50   93298     270   93163  3160829  33.88
1960-1969       47      0.00307  0.00306  0.50   93028     285   92886  3067666  32.98
1960-1969       48      0.00359  0.00358  0.50   92743     332   92577  2974781  32.08
1960-1969       49      0.00337  0.00336  0.50   92411     311   92256  2882203  31.19
1960-1969       50      0.00491  0.00490  0.50   92100     451   91875  2789947  30.29
1960-1969       51      0.00362  0.00362  0.50   91649     332   91483  2698073  29.44
1960-1969       52      0.00475  0.00474  0.50   91318     433   91101  2606589  28.54
1960-1969       53      0.00473  0.00472  0.50   90885     429   90670  2515488  27.68
1960-1969       54      0.00499  0.00498  0.50   90455     450   90230  2424818  26.81
1960-1969       55      0.00647  0.00645  0.50   90005     580   89715  2334588  25.94
1960-1969       56      0.00627  0.00625  0.50   89425     559   89145  2244873  25.10
1960-1969       57      0.00650  0.00648  0.50   88866     576   88578  2155727  24.26
1960-1969       58      0.00713  0.00710  0.50   88290     627   87977  2067149  23.41
1960-1969       59      0.00668  0.00666  0.50   87663     584   87371  1979173  22.58
1960-1969       60      0.01168  0.01161  0.50   87079    1011   86574  1891801  21.73
1960-1969       61      0.00813  0.00810  0.50   86068     697   85719  1805227  20.97
1960-1969       62      0.01126  0.01120  0.50   85371     956   84893  1719508  20.14
1960-1969       63      0.01203  0.01196  0.50   84415    1010   83910  1634615  19.36
1960-1969       64      0.01250  0.01243  0.50   83405    1036   82887  1550705  18.59
1960-1969       65      0.01712  0.01697  0.50   82369    1398   81670  1467818  17.82
1960-1969       66      0.01459  0.01448  0.50   80971    1173   80385  1386148  17.12
1960-1969       67      0.01872  0.01855  0.50   79798    1480   79058  1305763  16.36
1960-1969       68      0.01923  0.01905  0.50   78319    1492   77572  1226705  15.66
1960-1969       69      0.01693  0.01679  0.50   76826    1290   76182  1149132  14.96
1960-1969       70      0.03269  0.03217  0.50   75537    2430   74322  1072950  14.20
1960-1969       71      0.02052  0.02031  0.50   73107    1485   72365   998629  13.66
1960-1969       72      0.03016  0.02971  0.50   71622    2128   70558   926264  12.93
1960-1969       73      0.03171  0.03121  0.50   69495    2169   68410   855706  12.31
1960-1969       74      0.03349  0.03294  0.50   67326    2218   66217   787295  11.69
1960-1969       75      0.04542  0.04441  0.50   65108    2891   63662   721079  11.08
1960-1969       76      0.04456  0.04359  0.50   62216    2712   60861   657417  10.57
1960-1969       77      0.04331  0.04239  0.50   59505    2522   58243   596556  10.03
1960-1969       78      0.06239  0.06050  0.50   56982    3447   55259   538313   9.45
1960-1969       79      0.04969  0.04848  0.50   53535    2596   52237   483054   9.02
1960-1969       80      0.08808  0.08437  0.50   50939    4298   48790   430817   8.46
1960-1969       81      0.05902  0.05733  0.50   46642    2674   45305   382027   8.19
1960-1969       82      0.08414  0.08074  0.50   43968    3550   42193   336722   7.66
1960-1969       83      0.08416  0.08076  0.50   40418    3264   38786   294529   7.29
1960-1969       84      0.09435  0.09010  0.50   37154    3347   35480   255743   6.88
1960-1969       85      0.11719  0.11070  0.50   33806    3742   31935   220263   6.52
1960-1969       86      0.11848  0.11185  0.50   30064    3363   28383   188328   6.26
1960-1969       87      0.12759  0.11994  0.50   26701    3202   25100   159946   5.99
1960-1969       88      0.13356  0.12520  0.50   23499    2942   22028   134846   5.74
1960-1969       89      0.12548  0.11807  0.50   20557    2427   19343   112818   5.49
1960-1969       90      0.20875  0.18902  0.50   18130    3427   16416    93475   5.16
1960-1969       91      0.11926  0.11254  0.50   14703    1655   13875    77059   5.24
1960-1969       92      0.15670  0.14532  0.50   13048    1896   12100    63184   4.84
1960-1969       93      0.16170  0.14961  0.50   11152    1668   10318    51084   4.58
1960-1969       94      0.15880  0.14712  0.50    9483    1395    8786    40766   4.30
1960-1969       95      0.20911  0.18932  0.50    8088    1531    7323    31980   3.95
1960-1969       96      0.22282  0.20048  0.50    6557    1315    5900    24658   3.76
1960-1969       97      0.23715  0.21201  0.50    5242    1111    4687    18758   3.58
1960-1969       98      0.25211  0.22389  0.50    4131     925    3669    14071   3.41
1960-1969       99      0.26768  0.23608  0.50    3206     757    2828    10403   3.24
1960-1969      100      0.28384  0.24857  0.50    2449     609    2145     7575   3.09
1960-1969      101      0.30058  0.26131  0.50    1840     481    1600     5430   2.95
1960-1969      102      0.31788  0.27428  0.50    1360     373    1173     3830   2.82
1960-1969      103      0.33568  0.28744  0.50     987     284     845     2657   2.69
1960-1969      104      0.35397  0.30074  0.50     703     211     597     1813   2.58
1960-1969      105      0.37270  0.31416  0.50     492     154     414     1215   2.47
1960-1969      106      0.39181  0.32763  0.50     337     110     282      801   2.38
1960-1969      107      0.41127  0.34112  0.50     227      77     188      519   2.29
1960-1969      108      0.43100  0.35459  0.50     149      53     123      331   2.22
1960-1969      109      0.45096  0.36798  0.50      96      35      79      208   2.16
1960-1969      110+     0.47107  1.00000  2.12      61      61     129      129   2.12
1970-1979        0      0.01497  0.01477  0.12  100000    1477   98698  7634684  76.35
1970-1979        1      0.00230  0.00229  0.50   98523     226   98410  7535986  76.49
1970-1979        2      0.00085  0.00085  0.50   98297      84   98255  7437576  75.66
1970-1979        3      0.00066  0.00066  0.50   98213      65   98181  7339321  74.73
1970-1979        4      0.00045  0.00045  0.50   98148      45   98126  7241140  73.78
1970-1979        5      0.00046  0.00046  0.50   98104      45   98081  7143014  72.81
1970-1979        6      0.00034  0.00034  0.50   98059      34   98042  7044933  71.84
1970-1979        7      0.00030  0.00030  0.50   98025      30   98010  6946891  70.87
1970-1979        8      0.00031  0.00031  0.50   97995      30   97980  6848881  69.89
1970-1979        9      0.00027  0.00027  0.50   97965      26   97952  6750901  68.91
1970-1979       10      0.00031  0.00031  0.50   97939      30   97924  6652949  67.93
1970-1979       11      0.00028  0.00028  0.50   97909      27   97895  6555025  66.95
1970-1979       12      0.00029  0.00029  0.50   97881      28   97867  6457130  65.97
1970-1979       13      0.00029  0.00029  0.50   97853      28   97839  6359263  64.99
1970-1979       14      0.00028  0.00028  0.50   97825      27   97811  6261424  64.01
1970-1979       15      0.00036  0.00036  0.50   97798      35   97780  6163613  63.02
1970-1979       16      0.00041  0.00041  0.50   97763      40   97743  6065833  62.05
1970-1979       17      0.00043  0.00043  0.50   97723      42   97702  5968090  61.07
1970-1979       18      0.00051  0.00051  0.50   97681      50   97656  5870388  60.10
1970-1979       19      0.00052  0.00052  0.50   97631      51   97605  5772733  59.13
1970-1979       20      0.00051  0.00051  0.50   97580      50   97555  5675127  58.16
1970-1979       21      0.00061  0.00061  0.50   97530      59   97500  5577572  57.19
1970-1979       22      0.00054  0.00054  0.50   97471      53   97444  5480072  56.22
1970-1979       23      0.00053  0.00053  0.50   97418      52   97392  5382628  55.25
1970-1979       24      0.00061  0.00061  0.50   97366      59   97337  5285236  54.28
1970-1979       25      0.00058  0.00058  0.50   97307      57   97279  5187899  53.31
1970-1979       26      0.00073  0.00073  0.50   97250      71   97215  5090620  52.35
1970-1979       27      0.00074  0.00074  0.50   97180      72   97144  4993405  51.38
1970-1979       28      0.00079  0.00079  0.50   97108      77   97070  4896261  50.42
1970-1979       29      0.00082  0.00082  0.50   97031      80   96991  4799191  49.46
1970-1979       30      0.00090  0.00090  0.50   96951      88   96908  4702200  48.50
1970-1979       31      0.00092  0.00092  0.50   96864      89   96819  4605292  47.54
1970-1979       32      0.00107  0.00107  0.50   96775     104   96723  4508473  46.59
1970-1979       33      0.00111  0.00111  0.50   96671     108   96617  4411751  45.64
1970-1979       34      0.00113  0.00113  0.50   96563     109   96509  4315133  44.69
1970-1979       35      0.00126  0.00126  0.50   96455     121   96394  4218624  43.74
1970-1979       36      0.00131  0.00131  0.50   96333     126   96270  4122230  42.79
1970-1979       37      0.00145  0.00145  0.50   96207     139   96137  4025960  41.85
1970-1979       38      0.00157  0.00157  0.50   96068     151   95992  3929823  40.91
1970-1979       39      0.00165  0.00165  0.50   95917     158   95838  3833830  39.97
1970-1979       40      0.00176  0.00176  0.50   95759     169   95675  3737993  39.04
1970-1979       41      0.00185  0.00185  0.50   95590     176   95502  3642318  38.10
1970-1979       42      0.00211  0.00211  0.50   95414     201   95313  3546816  37.17
1970-1979       43      0.00226  0.00225  0.50   95213     215   95105  3451503  36.25
1970-1979       44      0.00250  0.00249  0.50   94998     237   94880  3356397  35.33
1970-1979       45      0.00276  0.00276  0.50   94761     261   94631  3261518  34.42
1970-1979       46      0.00283  0.00283  0.50   94500     268   94366  3166887  33.51
1970-1979       47      0.00309  0.00309  0.50   94233     291   94087  3072520  32.61
1970-1979       48      0.00345  0.00344  0.50   93942     323   93780  2978433  31.71
1970-1979       49      0.00379  0.00379  0.50   93619     354   93441  2884653  30.81
1970-1979       50      0.00420  0.00419  0.50   93264     391   93069  2791211  29.93
1970-1979       51      0.00440  0.00439  0.50   92874     408   92670  2698142  29.05
1970-1979       52      0.00500  0.00499  0.50   92466     461   92235  2605473  28.18
1970-1979       53      0.00527  0.00526  0.50   92005     484   91763  2513238  27.32
1970-1979       54      0.00572  0.00570  0.50   91521     522   91260  2421475  26.46
1970-1979       55      0.00606  0.00604  0.50   90999     550   90724  2330215  25.61
1970-1979       56      0.00668  0.00665  0.50   90449     602   90148  2239491  24.76
1970-1979       57      0.00708  0.00706  0.50   89847     634   89530  2149342  23.92
1970-1979       58      0.00755  0.00752  0.50   89213     671   88878  2059812  23.09
1970-1979       59      0.00831  0.00828  0.50   88542     733   88176  1970934  22.26
1970-1979       60      0.00926  0.00922  0.50   87810     809   87405  1882758  21.44
1970-1979       61      0.00984  0.00980  0.50   87000     852   86574  1795353  20.64
1970-1979       62      0.01114  0.01108  0.50   86148     955   85671  1708779  19.84
1970-1979       63      0.01231  0.01224  0.50   85194    1042   84672  1623108  19.05
1970-1979       64      0.01324  0.01315  0.50   84151    1106   83598  1538436  18.28
1970-1979       65      0.01463  0.01452  0.50   83045    1206   82442  1454838  17.52
1970-1979       66      0.01620  0.01607  0.50   81839    1315   81181  1372396  16.77
1970-1979       67      0.01822  0.01805  0.50   80524    1454   79797  1291215  16.04
1970-1979       68      0.01973  0.01954  0.50   79070    1545   78298  1211417  15.32
1970-1979       69      0.02217  0.02192  0.50   77525    1700   76675  1133120  14.62
1970-1979       70      0.02587  0.02554  0.50   75825    1937   74857  1056444  13.93
1970-1979       71      0.02718  0.02682  0.50   73889    1981   72898   981587  13.28
1970-1979       72      0.03110  0.03062  0.50   71907    2202   70806   908690  12.64
1970-1979       73      0.03439  0.03381  0.50   69705    2356   68527   837883  12.02
1970-1979       74      0.03959  0.03882  0.50   67349    2615   66042   769356  11.42
1970-1979       75      0.04273  0.04184  0.50   64734    2708   63380   703315  10.86
1970-1979       76      0.04738  0.04629  0.50   62026    2871   60590   639935  10.32
1970-1979       77      0.05098  0.04971  0.50   59155    2941   57685   579344   9.79
1970-1979       78      0.05817  0.05653  0.50   56214    3178   54626   521660   9.28
1970-1979       79      0.06483  0.06280  0.50   53037    3331   51371   467034   8.81
1970-1979       80      0.07381  0.07118  0.50   49706    3538   47937   415663   8.36
1970-1979       81      0.07467  0.07199  0.50   46168    3323   44506   367725   7.96
1970-1979       82      0.08590  0.08236  0.50   42845    3529   41080   323219   7.54
1970-1979       83      0.09247  0.08838  0.50   39316    3475   37579   282139   7.18
1970-1979       84      0.10064  0.09582  0.50   35841    3434   34124   244560   6.82
1970-1979       85      0.10956  0.10387  0.50   32407    3366   30724   210436   6.49
1970-1979       86      0.11866  0.11202  0.50   29041    3253   27414   179712   6.19
1970-1979       87      0.12503  0.11767  0.50   25788    3035   24270   152298   5.91
1970-1979       88      0.13559  0.12698  0.50   22753    2889   21309   128028   5.63
1970-1979       89      0.14059  0.13136  0.50   19864    2609   18559   106719   5.37
1970-1979       90      0.16487  0.15231  0.50   17255    2628   15941    88160   5.11
1970-1979       91      0.15485  0.14373  0.50   14627    2102   13576    72219   4.94
1970-1979       92      0.17004  0.15672  0.50   12524    1963   11543    58643   4.68
1970-1979       93      0.17225  0.15859  0.50   10562    1675    9724    47100   4.46
1970-1979       94      0.18869  0.17242  0.50    8887    1532    8121    37376   4.21
1970-1979       95      0.20839  0.18872  0.50    7354    1388    6660    29256   3.98
1970-1979       96      0.22173  0.19960  0.50    5966    1191    5371    22595   3.79
1970-1979       97      0.23568  0.21083  0.50    4776    1007    4272    17224   3.61
1970-1979       98      0.25022  0.22239  0.50    3769     838    3350    12952   3.44
1970-1979       99      0.26534  0.23426  0.50    2931     687    2587     9603   3.28
1970-1979      100      0.28104  0.24641  0.50    2244     553    1968     7015   3.13
1970-1979      101      0.29728  0.25881  0.50    1691     438    1472     5048   2.98
1970-1979      102      0.31406  0.27144  0.50    1253     340    1083     3575   2.85
1970-1979      103      0.33134  0.28425  0.50     913     260     783     2492   2.73
1970-1979      104      0.34908  0.29721  0.50     654     194     556     1709   2.61
1970-1979      105      0.36726  0.31028  0.50     459     143     388     1152   2.51
1970-1979      106      0.38582  0.32342  0.50     317     102     266      764   2.41
1970-1979      107      0.40471  0.33660  0.50     214      72     178      499   2.33
1970-1979      108      0.42390  0.34976  0.50     142      50     117      320   2.25
1970-1979      109      0.44331  0.36288  0.50      92      34      76      203   2.19
1970-1979      110+     0.46290  1.00000  2.16      59      59     127      127   2.16
1980-1989        0      0.01220  0.01207  0.12  100000    1207   98943  7594467  75.94
1980-1989        1      0.00148  0.00147  0.50   98793     146   98720  7495524  75.87
1980-1989        2      0.00070  0.00070  0.50   98648      69   98613  7396804  74.98
1980-1989        3      0.00053  0.00053  0.50   98578      52   98552  7298191  74.03
1980-1989        4      0.00041  0.00041  0.50   98526      40   98506  7199639  73.07
1980-1989        5      0.00036  0.00036  0.50   98486      35   98469  7101133  72.10
1980-1989        6      0.00036  0.00036  0.50   98451      35   98433  7002664  71.13
1980-1989        7      0.00038  0.00038  0.50   98416      37   98397  6904231  70.15
1980-1989        8      0.00033  0.00033  0.50   98379      33   98362  6805834  69.18
1980-1989        9      0.00030  0.00030  0.50   98346      30   98331  6707472  68.20
1980-1989       10      0.00026  0.00026  0.50   98316      25   98304  6609140  67.22
1980-1989       11      0.00026  0.00026  0.50   98291      26   98278  6510837  66.24
1980-1989       12      0.00025  0.00025  0.50   98265      25   98253  6412559  65.26
1980-1989       13      0.00028  0.00028  0.50   98240      28   98227  6314306  64.27
1980-1989       14      0.00031  0.00031  0.50   98213      30   98198  6216079  63.29
1980-1989       15      0.00034  0.00034  0.50   98182      34   98166  6117881  62.31
1980-1989       16      0.00039  0.00039  0.50   98149      38   98130  6019716  61.33
1980-1989       17      0.00039  0.00039  0.50   98111      38   98092  5921586  60.36
1980-1989       18      0.00045  0.00045  0.50   98073      44   98050  5823494  59.38
1980-1989       19      0.00051  0.00051  0.50   98028      50   98003  5725444  58.41
1980-1989       20      0.00052  0.00052  0.50   97978      51   97952  5627441  57.44
1980-1989       21      0.00053  0.00053  0.50   97927      52   97901  5529488  56.47
1980-1989       22      0.00051  0.00051  0.50   97875      50   97850  5431587  55.50
1980-1989       23      0.00049  0.00049  0.50   97825      48   97800  5333738  54.52
1980-1989       24      0.00056  0.00056  0.50   97776      55   97749  5235937  53.55
1980-1989       25      0.00057  0.00057  0.50   97721      56   97693  5138189  52.58
1980-1989       26      0.00059  0.00059  0.50   97665      58   97637  5040495  51.61
1980-1989       27      0.00066  0.00066  0.50   97608      64   97576  4942859  50.64
1980-1989       28      0.00067  0.00067  0.50   97544      65   97511  4845283  49.67
1980-1989       29      0.00072  0.00072  0.50   97478      70   97443  4747772  48.71
1980-1989       30      0.00077  0.00077  0.50   97409      75   97371  4650328  47.74
1980-1989       31      0.00098  0.00098  0.50   97334      96   97286  4552957  46.78
1980-1989       32      0.00088  0.00088  0.50   97238      86   97195  4455671  45.82
1980-1989       33      0.00107  0.00107  0.50   97152     104   97100  4358476  44.86
1980-1989       34      0.00115  0.00115  0.50   97048     111   96993  4261376  43.91
1980-1989       35      0.00120  0.00120  0.50   96937     116   96879  4164383  42.96
1980-1989       36      0.00119  0.00119  0.50   96821     115   96763  4067504  42.01
1980-1989       37      0.00139  0.00139  0.50   96706     134   96638  3970741  41.06
1980-1989       38      0.00152  0.00152  0.50   96571     147   96498  3874103  40.12
1980-1989       39      0.00169  0.00169  0.50   96424     163   96343  3777605  39.18
1980-1989       40      0.00187  0.00187  0.50   96261     180   96171  3681263  38.24
1980-1989       41      0.00199  0.00198  0.50   96081     191   95986  3585091  37.31
1980-1989       42      0.00232  0.00232  0.50   95891     222   95779  3489105  36.39
1980-1989       43      0.00243  0.00243  0.50   95668     232   95552  3393326  35.47
1980-1989       44      0.00270  0.00270  0.50   95436     257   95307  3297774  34.55
1980-1989       45      0.00283  0.00282  0.50   95179     269   95045  3202466  33.65
1980-1989       46      0.00308  0.00307  0.50   94910     292   94764  3107422  32.74
1980-1989       47      0.00330  0.00329  0.50   94619     311   94463  3012657  31.84
1980-1989       48      0.00359  0.00358  0.50   94307     338   94138  2918195  30.94
1980-1989       49      0.00398  0.00397  0.50   93970     373   93783  2824056  30.05
1980-1989       50      0.00442  0.00441  0.50   93596     413   93390  2730273  29.17
1980-1989       51      0.00471  0.00469  0.50   93183     437   92965  2636883  28.30
1980-1989       52      0.00505  0.00504  0.50   92746     468   92512  2543919  27.43
1980-1989       53      0.00529  0.00528  0.50   92278     487   92035  2451407  26.57
1980-1989       54      0.00587  0.00585  0.50   91791     537   91523  2359372  25.70
1980-1989       55      0.00636  0.00634  0.50   91254     578   90965  2267849  24.85
1980-1989       56      0.00684  0.00681  0.50   90676     618   90367  2176884  24.01
1980-1989       57      0.00777  0.00774  0.50   90058     697   89710  2086518  23.17
1980-1989       58      0.00824  0.00821  0.50   89361     733   88995  1996808  22.35
1980-1989       59      0.00891  0.00887  0.50   88628     786   88235  1907813  21.53
1980-1989       60      0.00987  0.00982  0.50   87842     863   87410  1819579  20.71
1980-1989       61      0.01074  0.01068  0.50   86979     929   86514  1732169  19.91
1980-1989       62      0.01171  0.01164  0.50   86050    1002   85549  1645654  19.12
1980-1989       63      0.01294  0.01285  0.50   85048    1093   84501  1560106  18.34
1980-1989       64      0.01449  0.01439  0.50   83955    1208   83351  1475604  17.58
1980-1989       65      0.01617  0.01604  0.50   82747    1327   82083  1392253  16.83
1980-1989       66      0.01769  0.01753  0.50   81419    1427   80706  1310170  16.09
1980-1989       67      0.01925  0.01907  0.50   79992    1525   79229  1229465  15.37
1980-1989       68      0.02141  0.02118  0.50   78467    1662   77636  1150235  14.66
1980-1989       69      0.02322  0.02295  0.50   76805    1763   75923  1072599  13.97
1980-1989       70      0.02733  0.02696  0.50   75042    2023   74030   996676  13.28
1980-1989       71      0.02937  0.02894  0.50   73018    2113   71962   922646  12.64
1980-1989       72      0.03321  0.03266  0.50   70905    2316   69747   850684  12.00
1980-1989       73      0.03610  0.03546  0.50   68589    2432   67373   780937  11.39
1980-1989       74      0.04079  0.03997  0.50   66157    2644   64834   713565  10.79
1980-1989       75      0.04538  0.04438  0.50   63512    2818   62103   648730  10.21
1980-1989       76      0.05020  0.04897  0.50   60694    2972   59208   586627   9.67
1980-1989       77      0.05415  0.05273  0.50   57722    3043   56200   527420   9.14
1980-1989       78      0.06087  0.05908  0.50   54678    3230   53063   471220   8.62
1980-1989       79      0.06789  0.06566  0.50   51448    3378   49759   418157   8.13
1980-1989       80      0.08206  0.07883  0.50   48070    3789   46175   368398   7.66
1980-1989       81      0.08680  0.08319  0.50   44281    3684   42439   322222   7.28
1980-1989       82      0.09796  0.09339  0.50   40597    3791   38701   279783   6.89
1980-1989       83      0.10701  0.10157  0.50   36806    3738   34937   241082   6.55
1980-1989       84      0.11590  0.10956  0.50   33067    3623   31256   206146   6.23
1980-1989       85      0.12590  0.11844  0.50   29445    3488   27701   174890   5.94
1980-1989       86      0.13645  0.12774  0.50   25957    3316   24299   147189   5.67
1980-1989       87      0.14358  0.13396  0.50   22641    3033   21125   122889   5.43
1980-1989       88      0.15289  0.14203  0.50   19608    2785   18216   101765   5.19
1980-1989       89      0.15847  0.14684  0.50   16823    2470   15588    83549   4.97
1980-1989       90      0.17535  0.16121  0.50   14353    2314   13196    67961   4.73
1980-1989       91      0.17858  0.16394  0.50   12039    1974   11052    54765   4.55
1980-1989       92      0.18999  0.17351  0.50   10065    1746    9192    43712   4.34
1980-1989       93      0.19726  0.17955  0.50    8319    1494    7572    34520   4.15
1980-1989       94      0.21292  0.19243  0.50    6825    1313    6169    26948   3.95
1980-1989       95      0.22497  0.20222  0.50    5512    1115    4955    20779   3.77
1980-1989       96      0.23827  0.21290  0.50    4397     936    3929    15825   3.60
1980-1989       97      0.25210  0.22388  0.50    3461     775    3074    11896   3.44
1980-1989       98      0.26644  0.23512  0.50    2686     632    2370     8822   3.28
1980-1989       99      0.28130  0.24662  0.50    2055     507    1801     6452   3.14
1980-1989      100      0.29665  0.25834  0.50    1548     400    1348     4650   3.00
1980-1989      101      0.31248  0.27026  0.50    1148     310     993     3302   2.88
1980-1989      102      0.32875  0.28234  0.50     838     237     720     2309   2.76
1980-1989      103      0.34545  0.29457  0.50     601     177     513     1590   2.64
1980-1989      104      0.36254  0.30691  0.50     424     130     359     1077   2.54
1980-1989      105      0.37998  0.31931  0.50     294      94     247      718   2.44
1980-1989      106      0.39774  0.33176  0.50     200      66     167      471   2.36
1980-1989      107      0.41577  0.34421  0.50     134      46     111      304   2.28
1980-1989      108      0.43402  0.35663  0.50      88      31      72      194   2.21
1980-1989      109      0.45246  0.36899  0.50      56      21      46      122   2.16
1980-1989      110+     0.47103  1.00000  2.12      36      36      76       76   2.12
1990-1999        0      0.01026  0.01017  0.13  100000    1017   99113  7461964  74.62
1990-1999        1      0.00116  0.00116  0.50   98983     115   98926  7362851  74.38
1990-1999        2      0.00065  0.00065  0.50   98869      64   98837  7263925  73.47
1990-1999        3      0.00049  0.00049  0.50   98805      48   98781  7165088  72.52
1990-1999        4      0.00040  0.00040  0.50   98756      40   98737  7066308  71.55
1990-1999        5      0.00032  0.00032  0.50   98717      32   98701  6967571  70.58
1990-1999        6      0.00031  0.00031  0.50   98685      30   98670  6868870  69.60
1990-1999        7      0.00028  0.00028  0.50   98655      28   98641  6770201  68.63
1990-1999        8      0.00024  0.00024  0.50   98627      24   98615  6671560  67.64
1990-1999        9      0.00021  0.00021  0.50   98603      21   98592  6572945  66.66
1990-1999       10      0.00021  0.00021  0.50   98582      20   98571  6474353  65.67
1990-1999       11      0.00018  0.00018  0.50   98561      18   98552  6375781  64.69
1990-1999       12      0.00026  0.00026  0.50   98543      26   98531  6277229  63.70
1990-1999       13      0.00025  0.00025  0.50   98518      25   98506  6178698  62.72
1990-1999       14      0.00033  0.00033  0.50   98493      33   98477  6080193  61.73
1990-1999       15      0.00041  0.00041  0.50   98461      40   98440  5981716  60.75
1990-1999       16      0.00047  0.00047  0.50   98420      46   98397  5883275  59.78
1990-1999       17      0.00057  0.00057  0.50   98374      56   98346  5784878  58.81
1990-1999       18      0.00062  0.00062  0.50   98318      61   98288  5686532  57.84
1990-1999       19      0.00058  0.00058  0.50   98257      57   98229  5588245  56.87
1990-1999       20      0.00064  0.00064  0.50   98200      63   98169  5490016  55.91
1990-1999       21      0.00059  0.00059  0.50   98138      58   98109  5391847  54.94
1990-1999       22      0.00064  0.00064  0.50   98080      63   98048  5293738  53.97
1990-1999       23      0.00061  0.00061  0.50   98017      60   97987  5195690  53.01
1990-1999       24      0.00060  0.00060  0.50   97957      59   97927  5097703  52.04
1990-1999       25      0.00069  0.00069  0.50   97898      68   97864  4999776  51.07
1990-1999       26      0.00075  0.00075  0.50   97830      73   97794  4901912  50.11
1990-1999       27      0.00080  0.00080  0.50   97757      78   97718  4804118  49.14
1990-1999       28      0.00075  0.00075  0.50   97679      73   97642  4706400  48.18
1990-1999       29      0.00087  0.00087  0.50   97605      85   97563  4608758  47.22
1990-1999       30      0.00094  0.00094  0.50   97520      91   97475  4511195  46.26
1990-1999       31      0.00099  0.00099  0.50   97429      96   97381  4413720  45.30
1990-1999       32      0.00100  0.00100  0.50   97333      97   97284  4316339  44.35
1990-1999       33      0.00105  0.00105  0.50   97236     102   97185  4219055  43.39
1990-1999       34      0.00118  0.00118  0.50   97133     115   97076  4121870  42.44
1990-1999       35      0.00129  0.00129  0.50   97019     125   96956  4024794  41.48
1990-1999       36      0.00141  0.00141  0.50   96894     137   96825  3927838  40.54
1990-1999       37      0.00154  0.00154  0.50   96757     149   96683  3831013  39.59
1990-1999       38      0.00172  0.00172  0.50   96608     166   96525  3734330  38.65
1990-1999       39      0.00194  0.00194  0.50   96442     187   96348  3637805  37.72
1990-1999       40      0.00204  0.00204  0.50   96255     196   96157  3541457  36.79
1990-1999       41      0.00217  0.00217  0.50   96059     209   95954  3445300  35.87
1990-1999       42      0.00243  0.00243  0.50   95850     233   95734  3349346  34.94
1990-1999       43      0.00282  0.00282  0.50   95617     270   95482  3253612  34.03
1990-1999       44      0.00301  0.00300  0.50   95347     286   95204  3158130  33.12
1990-1999       45      0.00323  0.00323  0.50   95061     307   94908  3062926  32.22
1990-1999       46      0.00369  0.00368  0.50   94754     349   94580  2968018  31.32
1990-1999       47      0.00397  0.00397  0.50   94405     374   94218  2873438  30.44
1990-1999       48      0.00440  0.00439  0.50   94031     413   93824  2779220  29.56
1990-1999       49      0.00490  0.00489  0.50   93618     458   93389  2685396  28.68
1990-1999       50      0.00520  0.00518  0.50   93160     483   92919  2592006  27.82
1990-1999       51      0.00556  0.00554  0.50   92677     514   92421  2499088  26.97
1990-1999       52      0.00598  0.00596  0.50   92164     549   91889  2406667  26.11
1990-1999       53      0.00649  0.00647  0.50   91615     592   91318  2314778  25.27
1990-1999       54      0.00715  0.00712  0.50   91022     648   90698  2223459  24.43
1990-1999       55      0.00796  0.00793  0.50   90374     716   90016  2132761  23.60
1990-1999       56      0.00869  0.00865  0.50   89658     775   89270  2042745  22.78
1990-1999       57      0.00914  0.00909  0.50   88883     808   88478  1953475  21.98
1990-1999       58      0.00997  0.00992  0.50   88074     874   87637  1864997  21.18
1990-1999       59      0.01029  0.01023  0.50   87200     892   86754  1777359  20.38
1990-1999       60      0.01136  0.01129  0.50   86308     975   85821  1690605  19.59
1990-1999       61      0.01253  0.01246  0.50   85333    1063   84802  1604785  18.81
1990-1999       62      0.01341  0.01332  0.50   84270    1122   83709  1519983  18.04
1990-1999       63      0.01471  0.01460  0.50   83148    1214   82541  1436274  17.27
1990-1999       64      0.01622  0.01609  0.50   81933    1319   81274  1353734  16.52
1990-1999       65      0.01774  0.01759  0.50   80615    1418   79906  1272460  15.78
1990-1999       66      0.01957  0.01938  0.50   79197    1535   78430  1192554  15.06
1990-1999       67      0.02138  0.02116  0.50   77662    1643   76841  1114124  14.35
1990-1999       68      0.02413  0.02384  0.50   76019    1813   75113  1037283  13.64
1990-1999       69      0.02645  0.02611  0.50   74207    1938   73238   962170  12.97
1990-1999       70      0.03045  0.03000  0.50   72269    2168   71185   888932  12.30
1990-1999       71      0.03371  0.03315  0.50   70101    2324   68939   817747  11.67
1990-1999       72      0.03674  0.03608  0.50   67777    2445   66555   748807  11.05
1990-1999       73      0.04088  0.04006  0.50   65332    2617   64024   682252  10.44
1990-1999       74      0.04625  0.04521  0.50   62715    2835   61298   618229   9.86
1990-1999       75      0.05124  0.04996  0.50   59880    2991   58384   556931   9.30
1990-1999       76      0.05669  0.05513  0.50   56889    3136   55321   498547   8.76
1990-1999       77      0.06323  0.06129  0.50   53752    3295   52105   443226   8.25
1990-1999       78      0.06925  0.06693  0.50   50458    3377   48769   391121   7.75
1990-1999       79      0.07577  0.07301  0.50   47081    3437   45362   342352   7.27
1990-1999       80      0.08898  0.08519  0.50   43643    3718   41785   296990   6.80
1990-1999       81      0.09670  0.09224  0.50   39926    3683   38084   255205   6.39
1990-1999       82      0.10839  0.10282  0.50   36243    3726   34380   217121   5.99
1990-1999       83      0.12191  0.11491  0.50   32516    3736   30648   182741   5.62
1990-1999       84      0.13536  0.12678  0.50   28780    3649   26956   152093   5.28
1990-1999       85      0.14670  0.13667  0.50   25131    3435   23414   125137   4.98
1990-1999       86      0.16329  0.15096  0.50   21697    3275   20059   101723   4.69
1990-1999       87      0.17762  0.16313  0.50   18421    3005   16919    81664   4.43
1990-1999       88      0.19102  0.17437  0.50   15416    2688   14072    64746   4.20
1990-1999       89      0.20467  0.18567  0.50   12728    2363   11546    50674   3.98
1990-1999       90      0.22263  0.20033  0.50   10365    2076    9327    39127   3.78
1990-1999       91      0.23456  0.20994  0.50    8288    1740    7418    29801   3.60
1990-1999       92      0.24837  0.22093  0.50    6548    1447    5825    22382   3.42
1990-1999       93      0.25756  0.22817  0.50    5102    1164    4520    16557   3.25
1990-1999       94      0.26918  0.23725  0.50    3938     934    3470    12038   3.06
1990-1999       95      0.30596  0.26536  0.50    3003     797    2605     8567   2.85
1990-1999       96      0.32691  0.28098  0.50    2206     620    1896     5963   2.70
1990-1999       97      0.34858  0.29684  0.50    1586     471    1351     4066   2.56
1990-1999       98      0.37090  0.31287  0.50    1116     349     941     2715   2.43
1990-1999       99      0.39377  0.32900  0.50     766     252     640     1774   2.31
1990-1999      100      0.41713  0.34514  0.50     514     178     426     1134   2.20
1990-1999      101      0.44086  0.36123  0.50     337     122     276      708   2.10
1990-1999      102      0.46487  0.37719  0.50     215      81     175      432   2.01
1990-1999      103      0.48904  0.39295  0.50     134      53     108      258   1.92
1990-1999      104      0.51326  0.40844  0.50      81      33      65      150   1.84
1990-1999      105      0.53742  0.42359  0.50      48      20      38       85   1.77
1990-1999      106      0.56140  0.43836  0.50      28      12      22       47   1.71
1990-1999      107      0.58510  0.45267  0.50      16       7      12       26   1.65
1990-1999      108      0.60842  0.46650  0.50       9       4       7       14   1.60
1990-1999      109      0.63125  0.47981  0.50       5       2       3        7   1.56
1990-1999      110+     0.65350  1.00000  1.53       2       2       4        4   1.53
2000-2009        0      0.00583  0.00580  0.14  100000     580   99499  7523583  75.24
2000-2009        1      0.00075  0.00075  0.50   99420      74   99383  7424083  74.67
2000-2009        2      0.00049  0.00049  0.50   99346      49   99321  7324701  73.73
2000-2009        3      0.00034  0.00034  0.50   99297      34   99280  7225379  72.77
2000-2009        4      0.00034  0.00034  0.50   99263      33   99246  7126100  71.79
2000-2009        5      0.00024  0.00024  0.50   99230      24   99218  7026853  70.81
2000-2009        6      0.00020  0.00020  0.50   99206      20   99196  6927636  69.83
2000-2009        7      0.00019  0.00019  0.50   99186      19   99176  6828440  68.84
2000-2009        8      0.00019  0.00019  0.50   99167      19   99158  6729264  67.86
2000-2009        9      0.00017  0.00017  0.50   99148      17   99140  6630106  66.87
2000-2009       10      0.00017  0.00017  0.50   99131      17   99122  6530967  65.88
2000-2009       11      0.00015  0.00015  0.50   99114      15   99106  6431844  64.89
2000-2009       12      0.00015  0.00015  0.50   99099      15   99092  6332738  63.90
2000-2009       13      0.00018  0.00018  0.50   99084      18   99075  6233646  62.91
2000-2009       14      0.00023  0.00023  0.50   99066      23   99055  6134571  61.92
2000-2009       15      0.00028  0.00028  0.50   99043      27   99030  6035516  60.94
2000-2009       16      0.00030  0.00030  0.50   99016      30   99001  5936487  59.95
2000-2009       17      0.00038  0.00038  0.50   98986      38   98967  5837486  58.97
2000-2009       18      0.00046  0.00046  0.50   98948      45   98925  5738519  58.00
2000-2009       19      0.00050  0.00050  0.50   98903      49   98878  5639593  57.02
2000-2009       20      0.00052  0.00052  0.50   98853      52   98827  5540715  56.05
2000-2009       21      0.00054  0.00054  0.50   98802      53   98775  5441888  55.08
2000-2009       22      0.00062  0.00062  0.50   98748      61   98718  5343113  54.11
2000-2009       23      0.00062  0.00062  0.50   98687      61   98657  5244395  53.14
2000-2009       24      0.00064  0.00064  0.50   98626      63   98595  5145738  52.17
2000-2009       25      0.00068  0.00068  0.50   98563      67   98530  5047144  51.21
2000-2009       26      0.00082  0.00082  0.50   98496      81   98455  4948614  50.24
2000-2009       27      0.00091  0.00091  0.50   98415      90   98370  4850159  49.28
2000-2009       28      0.00091  0.00091  0.50   98325      90   98281  4751788  48.33
2000-2009       29      0.00102  0.00102  0.50   98236     100   98186  4653508  47.37
2000-2009       30      0.00108  0.00108  0.50   98136     106   98083  4555322  46.42
2000-2009       31      0.00108  0.00108  0.50   98030     106   97976  4457240  45.47
2000-2009       32      0.00117  0.00117  0.50   97923     114   97866  4359263  44.52
2000-2009       33      0.00131  0.00131  0.50   97809     128   97745  4261397  43.57
2000-2009       34      0.00147  0.00147  0.50   97681     144   97609  4163651  42.62
2000-2009       35      0.00152  0.00152  0.50   97537     148   97463  4066042  41.69
2000-2009       36      0.00159  0.00159  0.50   97389     155   97312  3968579  40.75
2000-2009       37      0.00170  0.00170  0.50   97235     165   97152  3871267  39.81
2000-2009       38      0.00177  0.00177  0.50   97070     171   96984  3774115  38.88
2000-2009       39      0.00197  0.00197  0.50   96898     191   96803  3677131  37.95
2000-2009       40      0.00205  0.00205  0.50   96707     198   96608  3580328  37.02
2000-2009       41      0.00228  0.00228  0.50   96509     220   96399  3483720  36.10
2000-2009       42      0.00236  0.00235  0.50   96289     227   96176  3387321  35.18
2000-2009       43      0.00267  0.00266  0.50   96062     256   95934  3291145  34.26
2000-2009       44      0.00278  0.00278  0.50   95807     266   95674  3195210  33.35
2000-2009       45      0.00310  0.00310  0.50   95540     296   95392  3099537  32.44
2000-2009       46      0.00347  0.00347  0.50   95244     330   95079  3004145  31.54
2000-2009       47      0.00378  0.00377  0.50   94914     358   94735  2909065  30.65
2000-2009       48      0.00406  0.00405  0.50   94556     383   94364  2814330  29.76
2000-2009       49      0.00439  0.00438  0.50   94173     412   93967  2719966  28.88
2000-2009       50      0.00486  0.00485  0.50   93761     455   93533  2625999  28.01
2000-2009       51      0.00527  0.00526  0.50   93306     491   93061  2532466  27.14
2000-2009       52      0.00582  0.00580  0.50   92815     538   92546  2439406  26.28
2000-2009       53      0.00638  0.00636  0.50   92277     587   91984  2346860  25.43
2000-2009       54      0.00698  0.00696  0.50   91690     638   91371  2254876  24.59
2000-2009       55      0.00837  0.00833  0.50   91052     759   90673  2163505  23.76
2000-2009       56      0.00904  0.00900  0.50   90293     813   89887  2072832  22.96
2000-2009       57      0.00945  0.00940  0.50   89481     841   89060  1982945  22.16
2000-2009       58      0.01015  0.01010  0.50   88640     895   88192  1893885  21.37
2000-2009       59      0.01086  0.01080  0.50   87744     948   87271  1805693  20.58
2000-2009       60      0.01204  0.01197  0.50   86797    1039   86278  1718422  19.80
2000-2009       61      0.01304  0.01296  0.50   85758    1111   85202  1632144  19.03
2000-2009       62      0.01375  0.01366  0.50   84647    1156   84069  1546942  18.28
2000-2009       63      0.01487  0.01476  0.50   83491    1232   82875  1462873  17.52
2000-2009       64      0.01610  0.01597  0.50   82259    1314   81602  1379998  16.78
2000-2009       65      0.01743  0.01728  0.50   80945    1399   80246  1298396  16.04
2000-2009       66      0.01879  0.01861  0.50   79546    1481   78806  1218150  15.31
2000-2009       67      0.02088  0.02066  0.50   78066    1613   77259  1139344  14.59
2000-2009       68      0.02299  0.02273  0.50   76453    1738   75584  1062085  13.89
2000-2009       69      0.02566  0.02534  0.50   74715    1893   73768   986502  13.20
2000-2009       70      0.02804  0.02765  0.50   72822    2014   71815   912734  12.53
2000-2009       71      0.03112  0.03064  0.50   70808    2170   69723   840919  11.88
2000-2009       72      0.03477  0.03417  0.50   68638    2346   67465   771196  11.24
2000-2009       73      0.03916  0.03840  0.50   66292    2546   65019   703731  10.62
2000-2009       74      0.04308  0.04217  0.50   63746    2688   62402   638712  10.02
2000-2009       75      0.04775  0.04663  0.50   61058    2847   59635   576309   9.44
2000-2009       76      0.05370  0.05229  0.50   58211    3044   56689   516674   8.88
2000-2009       77      0.06063  0.05885  0.50   55167    3247   53544   459985   8.34
2000-2009       78      0.06712  0.06494  0.50   51921    3372   50235   406442   7.83
2000-2009       79      0.07524  0.07251  0.50   48549    3520   46788   356207   7.34
2000-2009       80      0.08216  0.07892  0.50   45028    3554   43251   309419   6.87
2000-2009       81      0.09543  0.09109  0.50   41475    3778   39586   266167   6.42
2000-2009       82      0.10333  0.09826  0.50   37697    3704   35845   226582   6.01
2000-2009       83      0.11620  0.10982  0.50   33993    3733   32126   190737   5.61
2000-2009       84      0.12532  0.11793  0.50   30260    3569   28476   158611   5.24
2000-2009       85      0.14200  0.13258  0.50   26691    3539   24922   130135   4.88
2000-2009       86      0.15803  0.14646  0.50   23152    3391   21457   105213   4.54
2000-2009       87      0.17384  0.15994  0.50   19762    3161   18181    83756   4.24
2000-2009       88      0.19077  0.17416  0.50   16601    2891   15155    65575   3.95
2000-2009       89      0.21338  0.19281  0.50   13710    2643   12388    50420   3.68
2000-2009       90      0.23805  0.21273  0.50   11066    2354    9889    38032   3.44
2000-2009       91      0.25759  0.22820  0.50    8712    1988    7718    28142   3.23
2000-2009       92      0.27738  0.24360  0.50    6724    1638    5905    20424   3.04
2000-2009       93      0.29910  0.26019  0.50    5086    1323    4424    14519   2.85
2000-2009       94      0.32709  0.28112  0.50    3763    1058    3234    10094   2.68
2000-2009       95      0.34578  0.29481  0.50    2705     797    2306     6860   2.54
2000-2009       96      0.37256  0.31406  0.50    1908     599    1608     4554   2.39
2000-2009       97      0.40015  0.33343  0.50    1308     436    1090     2946   2.25
2000-2009       98      0.42838  0.35281  0.50     872     308     718     1856   2.13
2000-2009       99      0.45708  0.37205  0.50     564     210     459     1138   2.02
2000-2009      100      0.48608  0.39104  0.50     354     139     285      678   1.91
2000-2009      101      0.51516  0.40965  0.50     216      88     172      393   1.82
2000-2009      102      0.54415  0.42776  0.50     127      55     100      221   1.74
2000-2009      103      0.57284  0.44530  0.50      73      32      57      121   1.66
2000-2009      104      0.60104  0.46216  0.50      40      19      31       64   1.59
2000-2009      105      0.62860  0.47828  0.50      22      10      17       33   1.53
2000-2009      106      0.65534  0.49360  0.50      11       6       9       17   1.48
2000-2009      107      0.68113  0.50809  0.50       6       3       4        8   1.43
2000-2009      108      0.70586  0.52173  0.50       3       1       2        4   1.39
2000-2009      109      0.72943  0.53449  0.50       1       1       1        2   1.35
2000-2009      110+     0.75178  1.00000  1.33       1       1       1        1   1.33
2010-2016        0      0.00307  0.00306  0.14  100000     306   99738  7787774  77.88
2010-2016        1      0.00034  0.00034  0.50   99694      34   99677  7688036  77.12
2010-2016        2      0.00020  0.00020  0.50   99660      20   99650  7588359  76.14
2010-2016        3      0.00019  0.00019  0.50   99640      19   99630  7488710  75.16
2010-2016        4      0.00016  0.00016  0.50   99621      16   99613  7389079  74.17
2010-2016        5      0.00018  0.00018  0.50   99605      18   99596  7289466  73.18
2010-2016        6      0.00014  0.00014  0.50   99587      14   99580  7189870  72.20
2010-2016        7      0.00011  0.00011  0.50   99573      11   99568  7090290  71.21
2010-2016        8      0.00015  0.00015  0.50   99562      15   99555  6990722  70.21
2010-2016        9      0.00011  0.00011  0.50   99547      11   99542  6891168  69.23
2010-2016       10      0.00015  0.00015  0.50   99537      15   99529  6791626  68.23
2010-2016       11      0.00013  0.00013  0.50   99522      12   99516  6692096  67.24
2010-2016       12      0.00016  0.00016  0.50   99509      16   99502  6592581  66.25
2010-2016       13      0.00014  0.00014  0.50   99494      14   99487  6493079  65.26
2010-2016       14      0.00019  0.00019  0.50   99479      19   99470  6393593  64.27
2010-2016       15      0.00023  0.00023  0.50   99461      22   99450  6294123  63.28
2010-2016       16      0.00027  0.00027  0.50   99438      27   99425  6194673  62.30
2010-2016       17      0.00029  0.00029  0.50   99411      29   99397  6095248  61.31
2010-2016       18      0.00036  0.00036  0.50   99382      35   99365  5995851  60.33
2010-2016       19      0.00033  0.00033  0.50   99347      32   99331  5896487  59.35
2010-2016       20      0.00036  0.00036  0.50   99315      36   99297  5797156  58.37
2010-2016       21      0.00029  0.00029  0.50   99278      29   99264  5697859  57.39
2010-2016       22      0.00035  0.00035  0.50   99250      35   99232  5598595  56.41
2010-2016       23      0.00046  0.00046  0.50   99215      46   99192  5499363  55.43
2010-2016       24      0.00040  0.00040  0.50   99169      39   99150  5400171  54.45
2010-2016       25      0.00047  0.00047  0.50   99130      46   99107  5301021  53.48
2010-2016       26      0.00052  0.00052  0.50   99084      52   99058  5201914  52.50
2010-2016       27      0.00056  0.00056  0.50   99032      56   99004  5102856  51.53
2010-2016       28      0.00065  0.00065  0.50   98976      65   98944  5003852  50.56
2010-2016       29      0.00068  0.00068  0.50   98912      67   98878  4904909  49.59
2010-2016       30      0.00078  0.00078  0.50   98845      77   98806  4806030  48.62
2010-2016       31      0.00092  0.00092  0.50   98767      91   98722  4707225  47.66
2010-2016       32      0.00102  0.00102  0.50   98676     100   98626  4608503  46.70
2010-2016       33      0.00104  0.00103  0.50   98576     102   98525  4509877  45.75
2010-2016       34      0.00121  0.00121  0.50   98474     119   98414  4411353  44.80
2010-2016       35      0.00127  0.00127  0.50   98354     124   98292  4312939  43.85
2010-2016       36      0.00132  0.00132  0.50   98230     130   98165  4214646  42.91
2010-2016       37      0.00149  0.00149  0.50   98100     146   98027  4116481  41.96
2010-2016       38      0.00156  0.00156  0.50   97954     153   97877  4018455  41.02
2010-2016       39      0.00168  0.00168  0.50   97801     165   97719  3920577  40.09
2010-2016       40      0.00174  0.00174  0.50   97636     170   97552  3822859  39.15
2010-2016       41      0.00204  0.00203  0.50   97467     198   97368  3725307  38.22
2010-2016       42      0.00206  0.00206  0.50   97268     200   97168  3627939  37.30
2010-2016       43      0.00233  0.00233  0.50   97068     226   96955  3530771  36.37
2010-2016       44      0.00242  0.00242  0.50   96842     234   96725  3433816  35.46
2010-2016       45      0.00249  0.00249  0.50   96608     241   96488  3337090  34.54
2010-2016       46      0.00279  0.00279  0.50   96368     269   96233  3240603  33.63
2010-2016       47      0.00295  0.00294  0.50   96099     283   95958  3144369  32.72
2010-2016       48      0.00319  0.00319  0.50   95816     305   95664  3048411  31.82
2010-2016       49      0.00333  0.00332  0.50   95511     317   95352  2952748  30.92
2010-2016       50      0.00372  0.00372  0.50   95194     354   95017  2857395  30.02
2010-2016       51      0.00420  0.00419  0.50   94840     397   94641  2762378  29.13
2010-2016       52      0.00425  0.00424  0.50   94443     400   94243  2667737  28.25
2010-2016       53      0.00460  0.00458  0.50   94042     431   93827  2573495  27.37
2010-2016       54      0.00507  0.00506  0.50   93611     474   93374  2479668  26.49
2010-2016       55      0.00598  0.00597  0.50   93137     556   92860  2386293  25.62
2010-2016       56      0.00663  0.00661  0.50   92582     612   92276  2293434  24.77
2010-2016       57      0.00716  0.00713  0.50   91970     656   91642  2201158  23.93
2010-2016       58      0.00766  0.00763  0.50   91314     697   90965  2109516  23.10
2010-2016       59      0.00814  0.00811  0.50   90617     735   90250  2018551  22.28
2010-2016       60      0.00877  0.00873  0.50   89882     784   89490  1928302  21.45
2010-2016       61      0.00950  0.00946  0.50   89098     843   88676  1838812  20.64
2010-2016       62      0.01050  0.01045  0.50   88255     922   87794  1750135  19.83
2010-2016       63      0.01131  0.01125  0.50   87333     982   86842  1662341  19.03
2010-2016       64      0.01208  0.01200  0.50   86351    1036   85833  1575499  18.25
2010-2016       65      0.01320  0.01312  0.50   85314    1119   84755  1489666  17.46
2010-2016       66      0.01440  0.01430  0.50   84195    1204   83593  1404912  16.69
2010-2016       67      0.01637  0.01624  0.50   82991    1348   82318  1321318  15.92
2010-2016       68      0.01788  0.01773  0.50   81644    1447   80920  1239001  15.18
2010-2016       69      0.01955  0.01936  0.50   80197    1553   79420  1158081  14.44
2010-2016       70      0.02198  0.02174  0.50   78644    1710   77789  1078660  13.72
2010-2016       71      0.02458  0.02428  0.50   76934    1868   76000  1000871  13.01
2010-2016       72      0.02705  0.02669  0.50   75066    2004   74064   924871  12.32
2010-2016       73      0.03014  0.02969  0.50   73062    2169   71978   850807  11.64
2010-2016       74      0.03365  0.03309  0.50   70893    2346   69720   778829  10.99
2010-2016       75      0.03782  0.03712  0.50   68547    2544   67275   709109  10.34
2010-2016       76      0.04247  0.04159  0.50   66003    2745   64630   641834   9.72
2010-2016       77      0.04884  0.04767  0.50   63258    3016   61750   577203   9.12
2010-2016       78      0.05528  0.05380  0.50   60242    3241   58622   515453   8.56
2010-2016       79      0.06238  0.06049  0.50   57001    3448   55277   456831   8.01
2010-2016       80      0.07016  0.06779  0.50   53553    3630   51738   401554   7.50
2010-2016       81      0.07867  0.07569  0.50   49923    3779   48034   349816   7.01
2010-2016       82      0.08840  0.08466  0.50   46144    3906   44191   301782   6.54
2010-2016       83      0.09875  0.09410  0.50   42238    3975   40251   257591   6.10
2010-2016       84      0.11215  0.10619  0.50   38263    4063   36232   217340   5.68
2010-2016       85      0.12301  0.11588  0.50   34200    3963   32218   181109   5.30
2010-2016       86      0.13922  0.13016  0.50   30237    3936   28269   148890   4.92
2010-2016       87      0.15592  0.14464  0.50   26301    3804   24399   120621   4.59
2010-2016       88      0.17172  0.15814  0.50   22497    3558   20718    96222   4.28
2010-2016       89      0.19141  0.17469  0.50   18939    3309   17285    75504   3.99
2010-2016       90      0.20893  0.18916  0.50   15631    2957   14152    58218   3.72
2010-2016       91      0.22482  0.20210  0.50   12674    2561   11393    44066   3.48
2010-2016       92      0.25471  0.22593  0.50   10113    2285    8970    32673   3.23
2010-2016       93      0.26909  0.23718  0.50    7828    1857    6900    23703   3.03
2010-2016       94      0.29742  0.25891  0.50    5971    1546    5198    16803   2.81
2010-2016       95      0.32876  0.28235  0.50    4425    1249    3800    11605   2.62
2010-2016       96      0.35674  0.30274  0.50    3176     961    2695     7804   2.46
2010-2016       97      0.38574  0.32337  0.50    2214     716    1856     5109   2.31
2010-2016       98      0.41557  0.34408  0.50    1498     516    1241     3253   2.17
2010-2016       99      0.44604  0.36470  0.50     983     358     804     2012   2.05
2010-2016      100      0.47691  0.38509  0.50     624     240     504     1209   1.94
2010-2016      101      0.50796  0.40508  0.50     384     156     306      705   1.84
2010-2016      102      0.53895  0.42455  0.50     228      97     180      399   1.75
2010-2016      103      0.56965  0.44337  0.50     131      58     102      219   1.66
2010-2016      104      0.59981  0.46143  0.50      73      34      56      116   1.59
2010-2016      105      0.62924  0.47865  0.50      39      19      30       60   1.53
2010-2016      106      0.65774  0.49496  0.50      21      10      15       30   1.47
2010-2016      107      0.68514  0.51032  0.50      10       5       8       15   1.42
2010-2016      108      0.71132  0.52470  0.50       5       3       4        7   1.37
2010-2016      109      0.73615  0.53809  0.50       2       1       2        3   1.34
2010-2016      110+     0.75957  1.00000  1.32       1       1       1        1   1.32
