Canada, Life tables (period 1x10), Females	Last modified: 26 Sep 2017;  Methods Protocol: v6 (2017)

  Year          Age         mx       qx    ax      lx      dx      Lx       Tx     ex
1921-1929        0      0.09584  0.08993  0.31  100000    8993   93832  5921201  59.21
1921-1929        1      0.01511  0.01500  0.50   91007    1365   90324  5827369  64.03
1921-1929        2      0.00698  0.00696  0.50   89642     624   89330  5737044  64.00
1921-1929        3      0.00483  0.00481  0.50   89018     429   88804  5647714  63.44
1921-1929        4      0.00388  0.00387  0.50   88590     343   88418  5558910  62.75
1921-1929        5      0.00300  0.00299  0.50   88246     264   88115  5470492  61.99
1921-1929        6      0.00263  0.00263  0.50   87983     231   87867  5382378  61.18
1921-1929        7      0.00230  0.00230  0.50   87751     202   87650  5294511  60.34
1921-1929        8      0.00210  0.00210  0.50   87549     184   87457  5206861  59.47
1921-1929        9      0.00193  0.00193  0.50   87365     169   87281  5119404  58.60
1921-1929       10      0.00176  0.00176  0.50   87196     153   87120  5032123  57.71
1921-1929       11      0.00173  0.00173  0.50   87043     151   86968  4945003  56.81
1921-1929       12      0.00187  0.00187  0.50   86893     163   86811  4858035  55.91
1921-1929       13      0.00207  0.00206  0.50   86730     179   86640  4771224  55.01
1921-1929       14      0.00214  0.00214  0.50   86551     185   86458  4684584  54.13
1921-1929       15      0.00233  0.00233  0.50   86366     201   86265  4598125  53.24
1921-1929       16      0.00272  0.00272  0.50   86165     234   86048  4511860  52.36
1921-1929       17      0.00281  0.00280  0.50   85930     241   85810  4425812  51.50
1921-1929       18      0.00307  0.00307  0.50   85690     263   85558  4340002  50.65
1921-1929       19      0.00344  0.00343  0.50   85427     293   85280  4254444  49.80
1921-1929       20      0.00373  0.00373  0.50   85133     317   84975  4169164  48.97
1921-1929       21      0.00380  0.00379  0.50   84816     322   84655  4084189  48.15
1921-1929       22      0.00414  0.00414  0.50   84494     349   84320  3999534  47.33
1921-1929       23      0.00429  0.00429  0.50   84145     361   83965  3915215  46.53
1921-1929       24      0.00412  0.00411  0.50   83784     345   83612  3831250  45.73
1921-1929       25      0.00388  0.00387  0.50   83440     323   83278  3747638  44.91
1921-1929       26      0.00426  0.00425  0.50   83117     353   82940  3664360  44.09
1921-1929       27      0.00436  0.00435  0.50   82764     360   82583  3581420  43.27
1921-1929       28      0.00454  0.00453  0.50   82403     374   82216  3498837  42.46
1921-1929       29      0.00424  0.00423  0.50   82030     347   81856  3416620  41.65
1921-1929       30      0.00451  0.00450  0.50   81682     368   81499  3334764  40.83
1921-1929       31      0.00399  0.00398  0.50   81315     324   81153  3253266  40.01
1921-1929       32      0.00489  0.00488  0.50   80991     395   80793  3172113  39.17
1921-1929       33      0.00472  0.00471  0.50   80596     380   80406  3091319  38.36
1921-1929       34      0.00474  0.00473  0.50   80216     380   80026  3010914  37.54
1921-1929       35      0.00528  0.00527  0.50   79836     421   79626  2930887  36.71
1921-1929       36      0.00531  0.00530  0.50   79416     421   79206  2851261  35.90
1921-1929       37      0.00512  0.00511  0.50   78995     404   78794  2772055  35.09
1921-1929       38      0.00617  0.00615  0.50   78592     484   78350  2693262  34.27
1921-1929       39      0.00575  0.00573  0.50   78108     448   77884  2614912  33.48
1921-1929       40      0.00602  0.00601  0.50   77661     466   77427  2537028  32.67
1921-1929       41      0.00527  0.00526  0.50   77194     406   76991  2459600  31.86
1921-1929       42      0.00694  0.00691  0.50   76788     531   76523  2382609  31.03
1921-1929       43      0.00624  0.00622  0.50   76257     474   76020  2306086  30.24
1921-1929       44      0.00624  0.00622  0.50   75783     471   75547  2230066  29.43
1921-1929       45      0.00713  0.00711  0.50   75312     535   75044  2154519  28.61
1921-1929       46      0.00684  0.00681  0.50   74777     509   74522  2079474  27.81
1921-1929       47      0.00712  0.00709  0.50   74267     527   74004  2004952  27.00
1921-1929       48      0.00787  0.00784  0.50   73740     578   73451  1930949  26.19
1921-1929       49      0.00819  0.00815  0.50   73162     596   72864  1857497  25.39
1921-1929       50      0.00903  0.00899  0.50   72566     653   72239  1784634  24.59
1921-1929       51      0.00790  0.00787  0.50   71913     566   71630  1712394  23.81
1921-1929       52      0.01103  0.01097  0.50   71347     783   70956  1640764  23.00
1921-1929       53      0.01006  0.01001  0.50   70564     706   70211  1569809  22.25
1921-1929       54      0.01104  0.01098  0.50   69858     767   69475  1499597  21.47
1921-1929       55      0.01169  0.01162  0.50   69091     803   68690  1430122  20.70
1921-1929       56      0.01255  0.01247  0.50   68288     852   67863  1361432  19.94
1921-1929       57      0.01311  0.01302  0.50   67437     878   66998  1293570  19.18
1921-1929       58      0.01623  0.01610  0.50   66559    1072   66023  1226572  18.43
1921-1929       59      0.01557  0.01545  0.50   65487    1012   64981  1160549  17.72
1921-1929       60      0.01921  0.01903  0.50   64475    1227   63862  1095568  16.99
1921-1929       61      0.01650  0.01636  0.50   63249    1035   62731  1031706  16.31
1921-1929       62      0.02159  0.02136  0.50   62214    1329   61549   968975  15.57
1921-1929       63      0.02314  0.02287  0.50   60885    1393   60188   907426  14.90
1921-1929       64      0.02519  0.02488  0.50   59492    1480   58752   847237  14.24
1921-1929       65      0.03083  0.03036  0.50   58012    1761   57131   788486  13.59
1921-1929       66      0.02923  0.02881  0.50   56251    1621   55440   731354  13.00
1921-1929       67      0.03284  0.03231  0.50   54630    1765   53747   675914  12.37
1921-1929       68      0.04027  0.03948  0.50   52865    2087   51821   622167  11.77
1921-1929       69      0.03876  0.03803  0.50   50778    1931   49812   570345  11.23
1921-1929       70      0.04876  0.04760  0.50   48847    2325   47684   520533  10.66
1921-1929       71      0.04240  0.04152  0.50   46522    1932   45556   472849  10.16
1921-1929       72      0.05517  0.05369  0.50   44590    2394   43393   427293   9.58
1921-1929       73      0.05658  0.05503  0.50   42196    2322   41035   383900   9.10
1921-1929       74      0.06446  0.06244  0.50   39874    2490   38629   342864   8.60
1921-1929       75      0.07557  0.07282  0.50   37384    2722   36023   304235   8.14
1921-1929       76      0.08301  0.07970  0.50   34662    2763   33281   268212   7.74
1921-1929       77      0.08412  0.08073  0.50   31899    2575   30612   234931   7.36
1921-1929       78      0.10217  0.09721  0.50   29324    2850   27899   204319   6.97
1921-1929       79      0.09680  0.09233  0.50   26474    2444   25252   176420   6.66
1921-1929       80      0.11121  0.10535  0.50   24029    2531   22764   151169   6.29
1921-1929       81      0.09822  0.09362  0.50   21498    2013   20492   128405   5.97
1921-1929       82      0.12707  0.11948  0.50   19485    2328   18321   107913   5.54
1921-1929       83      0.13267  0.12442  0.50   17157    2135   16090    89592   5.22
1921-1929       84      0.15322  0.14232  0.50   15022    2138   13953    73503   4.89
1921-1929       85      0.16501  0.15243  0.50   12884    1964   11902    59549   4.62
1921-1929       86      0.18632  0.17044  0.50   10920    1861    9990    47647   4.36
1921-1929       87      0.20003  0.18184  0.50    9059    1647    8235    37657   4.16
1921-1929       88      0.20920  0.18939  0.50    7412    1404    6710    29421   3.97
1921-1929       89      0.20861  0.18890  0.50    6008    1135    5441    22711   3.78
1921-1929       90      0.25552  0.22657  0.50    4873    1104    4321    17271   3.54
1921-1929       91      0.22247  0.20020  0.50    3769     755    3392    12950   3.44
1921-1929       92      0.25546  0.22653  0.50    3014     683    2673     9558   3.17
1921-1929       93      0.29338  0.25585  0.50    2332     597    2033     6885   2.95
1921-1929       94      0.31354  0.27105  0.50    1735     470    1500     4852   2.80
1921-1929       95      0.33478  0.28678  0.50    1265     363    1083     3352   2.65
1921-1929       96      0.35670  0.30271  0.50     902     273     766     2268   2.51
1921-1929       97      0.37924  0.31879  0.50     629     201     529     1503   2.39
1921-1929       98      0.40231  0.33494  0.50     428     144     357      974   2.27
1921-1929       99      0.42583  0.35108  0.50     285     100     235      617   2.17
1921-1929      100      0.44968  0.36714  0.50     185      68     151      382   2.07
1921-1929      101      0.47377  0.38304  0.50     117      45      95      231   1.98
1921-1929      102      0.49798  0.39871  0.50      72      29      58      137   1.89
1921-1929      103      0.52220  0.41408  0.50      43      18      34       79   1.82
1921-1929      104      0.54632  0.42910  0.50      25      11      20       44   1.74
1921-1929      105      0.57022  0.44371  0.50      15       6      11       24   1.68
1921-1929      106      0.59380  0.45786  0.50       8       4       6       13   1.62
1921-1929      107      0.61695  0.47150  0.50       4       2       3        7   1.57
1921-1929      108      0.63958  0.48461  0.50       2       1       2        4   1.52
1921-1929      109      0.66161  0.49715  0.50       1       1       1        2   1.49
1921-1929      110+     0.68297  1.00000  1.46       1       1       1        1   1.46
1930-1939        0      0.07180  0.06843  0.31  100000    6843   95306  6324046  63.24
1930-1939        1      0.01021  0.01016  0.50   93157     947   92684  6228739  66.86
1930-1939        2      0.00458  0.00457  0.50   92210     422   92000  6136055  66.54
1930-1939        3      0.00325  0.00324  0.50   91789     298   91640  6044056  65.85
1930-1939        4      0.00255  0.00255  0.50   91491     233   91375  5952416  65.06
1930-1939        5      0.00204  0.00204  0.50   91258     186   91165  5861041  64.23
1930-1939        6      0.00185  0.00185  0.50   91072     168   90988  5769876  63.36
1930-1939        7      0.00155  0.00155  0.50   90904     141   90833  5678889  62.47
1930-1939        8      0.00135  0.00135  0.50   90763     122   90701  5588055  61.57
1930-1939        9      0.00125  0.00124  0.50   90640     113   90584  5497354  60.65
1930-1939       10      0.00124  0.00124  0.50   90527     112   90472  5406770  59.73
1930-1939       11      0.00116  0.00116  0.50   90416     105   90363  5316299  58.80
1930-1939       12      0.00122  0.00122  0.50   90311     110   90255  5225936  57.87
1930-1939       13      0.00131  0.00131  0.50   90200     118   90141  5135680  56.94
1930-1939       14      0.00156  0.00155  0.50   90082     140   90012  5045539  56.01
1930-1939       15      0.00158  0.00158  0.50   89942     142   89871  4955527  55.10
1930-1939       16      0.00180  0.00180  0.50   89800     162   89719  4865656  54.18
1930-1939       17      0.00191  0.00191  0.50   89638     171   89552  4775937  53.28
1930-1939       18      0.00220  0.00220  0.50   89467     197   89369  4686385  52.38
1930-1939       19      0.00244  0.00244  0.50   89270     218   89161  4597016  51.50
1930-1939       20      0.00252  0.00252  0.50   89052     224   88940  4507855  50.62
1930-1939       21      0.00267  0.00267  0.50   88828     237   88709  4418915  49.75
1930-1939       22      0.00276  0.00276  0.50   88591     245   88468  4330206  48.88
1930-1939       23      0.00296  0.00296  0.50   88346     261   88215  4241738  48.01
1930-1939       24      0.00301  0.00300  0.50   88085     264   87952  4153522  47.15
1930-1939       25      0.00311  0.00311  0.50   87820     273   87684  4065570  46.29
1930-1939       26      0.00312  0.00311  0.50   87547     272   87411  3977886  45.44
1930-1939       27      0.00316  0.00315  0.50   87275     275   87137  3890475  44.58
1930-1939       28      0.00339  0.00339  0.50   87000     295   86852  3803338  43.72
1930-1939       29      0.00350  0.00349  0.50   86705     303   86554  3716486  42.86
1930-1939       30      0.00362  0.00361  0.50   86402     312   86246  3629932  42.01
1930-1939       31      0.00339  0.00338  0.50   86090     291   85945  3543686  41.16
1930-1939       32      0.00386  0.00385  0.50   85799     330   85634  3457741  40.30
1930-1939       33      0.00379  0.00378  0.50   85469     323   85307  3372107  39.45
1930-1939       34      0.00387  0.00386  0.50   85146     329   84981  3286800  38.60
1930-1939       35      0.00426  0.00425  0.50   84817     361   84637  3201818  37.75
1930-1939       36      0.00430  0.00429  0.50   84456     363   84275  3117182  36.91
1930-1939       37      0.00421  0.00420  0.50   84094     354   83917  3032907  36.07
1930-1939       38      0.00475  0.00474  0.50   83740     397   83542  2948990  35.22
1930-1939       39      0.00442  0.00441  0.50   83344     367   83160  2865448  34.38
1930-1939       40      0.00472  0.00471  0.50   82976     391   82781  2782288  33.53
1930-1939       41      0.00450  0.00449  0.50   82586     371   82400  2699507  32.69
1930-1939       42      0.00515  0.00513  0.50   82215     422   82004  2617106  31.83
1930-1939       43      0.00520  0.00519  0.50   81793     424   81581  2535102  30.99
1930-1939       44      0.00535  0.00534  0.50   81369     434   81152  2453521  30.15
1930-1939       45      0.00551  0.00549  0.50   80935     444   80712  2372369  29.31
1930-1939       46      0.00601  0.00600  0.50   80490     483   80249  2291657  28.47
1930-1939       47      0.00636  0.00634  0.50   80008     507   79754  2211408  27.64
1930-1939       48      0.00722  0.00720  0.50   79501     572   79215  2131654  26.81
1930-1939       49      0.00721  0.00718  0.50   78929     567   78645  2052439  26.00
1930-1939       50      0.00809  0.00806  0.50   78362     632   78046  1973794  25.19
1930-1939       51      0.00754  0.00751  0.50   77730     584   77438  1895748  24.39
1930-1939       52      0.00940  0.00935  0.50   77147     722   76786  1818310  23.57
1930-1939       53      0.00945  0.00941  0.50   76425     719   76066  1741524  22.79
1930-1939       54      0.01038  0.01033  0.50   75706     782   75315  1665458  22.00
1930-1939       55      0.01080  0.01075  0.50   74924     805   74522  1590143  21.22
1930-1939       56      0.01187  0.01180  0.50   74119     875   73682  1515621  20.45
1930-1939       57      0.01255  0.01247  0.50   73245     914   72788  1441939  19.69
1930-1939       58      0.01478  0.01467  0.50   72331    1061   71800  1369151  18.93
1930-1939       59      0.01506  0.01495  0.50   71270    1065   70737  1297351  18.20
1930-1939       60      0.01757  0.01742  0.50   70204    1223   69593  1226614  17.47
1930-1939       61      0.01639  0.01626  0.50   68982    1122   68421  1157021  16.77
1930-1939       62      0.02069  0.02048  0.50   67860    1389   67165  1088600  16.04
1930-1939       63      0.02238  0.02213  0.50   66471    1471   65735  1021435  15.37
1930-1939       64      0.02426  0.02397  0.50   65000    1558   64221   955700  14.70
1930-1939       65      0.02761  0.02724  0.50   63442    1728   62578   891479  14.05
1930-1939       66      0.02669  0.02634  0.50   61714    1625   60901   828901  13.43
1930-1939       67      0.02994  0.02950  0.50   60088    1773   59202   768000  12.78
1930-1939       68      0.03500  0.03440  0.50   58316    2006   57313   708798  12.15
1930-1939       69      0.03615  0.03550  0.50   56310    1999   55310   651485  11.57
1930-1939       70      0.04288  0.04198  0.50   54310    2280   53170   596175  10.98
1930-1939       71      0.04028  0.03949  0.50   52030    2055   51003   543005  10.44
1930-1939       72      0.05276  0.05140  0.50   49976    2569   48692   492001   9.84
1930-1939       73      0.05551  0.05401  0.50   47407    2560   46127   443310   9.35
1930-1939       74      0.06201  0.06014  0.50   44847    2697   43498   397183   8.86
1930-1939       75      0.06984  0.06748  0.50   42150    2844   40728   353685   8.39
1930-1939       76      0.07620  0.07340  0.50   39305    2885   37863   312957   7.96
1930-1939       77      0.07693  0.07408  0.50   36420    2698   35071   275094   7.55
1930-1939       78      0.09419  0.08995  0.50   33722    3033   32206   240023   7.12
1930-1939       79      0.09610  0.09170  0.50   30689    2814   29282   207817   6.77
1930-1939       80      0.10422  0.09906  0.50   27875    2761   26494   178535   6.40
1930-1939       81      0.09872  0.09407  0.50   25114    2363   23932   152041   6.05
1930-1939       82      0.12015  0.11334  0.50   22751    2579   21462   128108   5.63
1930-1939       83      0.13107  0.12301  0.50   20172    2481   18932   106646   5.29
1930-1939       84      0.14939  0.13900  0.50   17691    2459   16461    87715   4.96
1930-1939       85      0.16167  0.14958  0.50   15232    2278   14093    71253   4.68
1930-1939       86      0.17645  0.16215  0.50   12954    2100   11903    57161   4.41
1930-1939       87      0.19571  0.17827  0.50   10853    1935    9886    45257   4.17
1930-1939       88      0.20925  0.18943  0.50    8918    1689    8074    35371   3.97
1930-1939       89      0.20708  0.18765  0.50    7229    1357    6551    27298   3.78
1930-1939       90      0.25260  0.22427  0.50    5872    1317    5214    20747   3.53
1930-1939       91      0.23024  0.20647  0.50    4555     941    4085    15533   3.41
1930-1939       92      0.26404  0.23324  0.50    3615     843    3193    11448   3.17
1930-1939       93      0.28407  0.24874  0.50    2772     689    2427     8255   2.98
1930-1939       94      0.30118  0.26176  0.50    2082     545    1810     5828   2.80
1930-1939       95      0.33869  0.28964  0.50    1537     445    1315     4018   2.61
1930-1939       96      0.36176  0.30635  0.50    1092     335     925     2703   2.48
1930-1939       97      0.38549  0.32320  0.50     757     245     635     1779   2.35
1930-1939       98      0.40977  0.34009  0.50     513     174     425     1144   2.23
1930-1939       99      0.43451  0.35696  0.50     338     121     278      718   2.12
1930-1939      100      0.45957  0.37370  0.50     218      81     177      440   2.02
1930-1939      101      0.48484  0.39024  0.50     136      53     110      263   1.93
1930-1939      102      0.51018  0.40649  0.50      83      34      66      154   1.85
1930-1939      103      0.53548  0.42239  0.50      49      21      39       87   1.77
1930-1939      104      0.56059  0.43786  0.50      28      12      22       48   1.70
1930-1939      105      0.58539  0.45285  0.50      16       7      12       26   1.64
1930-1939      106      0.60978  0.46730  0.50       9       4       7       14   1.58
1930-1939      107      0.63362  0.48118  0.50       5       2       4        7   1.53
1930-1939      108      0.65683  0.49444  0.50       2       1       2        4   1.49
1930-1939      109      0.67931  0.50708  0.50       1       1       1        2   1.45
1930-1939      110+     0.70099  1.00000  1.43       1       1       1        1   1.43
1940-1949        0      0.04899  0.04722  0.24  100000    4722   96396  6771127  67.71
1940-1949        1      0.00508  0.00507  0.50   95278     483   95036  6674731  70.06
1940-1949        2      0.00259  0.00259  0.50   94795     245   94672  6579695  69.41
1940-1949        3      0.00204  0.00203  0.50   94550     192   94453  6485023  68.59
1940-1949        4      0.00159  0.00159  0.50   94357     150   94282  6390569  67.73
1940-1949        5      0.00135  0.00135  0.50   94208     127   94144  6296287  66.83
1940-1949        6      0.00111  0.00111  0.50   94080     105   94028  6202143  65.92
1940-1949        7      0.00101  0.00101  0.50   93976      95   93929  6108114  65.00
1940-1949        8      0.00094  0.00094  0.50   93881      88   93837  6014186  64.06
1940-1949        9      0.00083  0.00083  0.50   93793      78   93754  5920349  63.12
1940-1949       10      0.00077  0.00077  0.50   93715      72   93679  5826595  62.17
1940-1949       11      0.00079  0.00079  0.50   93643      74   93606  5732915  61.22
1940-1949       12      0.00081  0.00081  0.50   93569      76   93531  5639309  60.27
1940-1949       13      0.00087  0.00087  0.50   93493      82   93452  5545778  59.32
1940-1949       14      0.00099  0.00099  0.50   93412      93   93365  5452326  58.37
1940-1949       15      0.00107  0.00107  0.50   93319     100   93269  5358960  57.43
1940-1949       16      0.00120  0.00120  0.50   93219     112   93163  5265692  56.49
1940-1949       17      0.00129  0.00129  0.50   93107     120   93047  5172529  55.55
1940-1949       18      0.00141  0.00141  0.50   92987     131   92922  5079481  54.63
1940-1949       19      0.00151  0.00150  0.50   92857     140   92787  4986559  53.70
1940-1949       20      0.00159  0.00159  0.50   92717     147   92643  4893773  52.78
1940-1949       21      0.00173  0.00173  0.50   92570     160   92490  4801130  51.87
1940-1949       22      0.00180  0.00180  0.50   92410     166   92326  4708640  50.95
1940-1949       23      0.00179  0.00179  0.50   92243     165   92161  4616313  50.04
1940-1949       24      0.00185  0.00185  0.50   92078     170   91993  4524153  49.13
1940-1949       25      0.00183  0.00182  0.50   91908     168   91825  4432159  48.22
1940-1949       26      0.00201  0.00201  0.50   91741     184   91649  4340335  47.31
1940-1949       27      0.00200  0.00199  0.50   91556     183   91465  4248686  46.41
1940-1949       28      0.00207  0.00207  0.50   91374     189   91279  4157221  45.50
1940-1949       29      0.00212  0.00212  0.50   91185     193   91088  4065941  44.59
1940-1949       30      0.00213  0.00212  0.50   90992     193   90895  3974853  43.68
1940-1949       31      0.00212  0.00211  0.50   90798     192   90702  3883958  42.78
1940-1949       32      0.00232  0.00231  0.50   90606     210   90502  3793255  41.87
1940-1949       33      0.00243  0.00243  0.50   90397     220   90287  3702754  40.96
1940-1949       34      0.00243  0.00242  0.50   90177     219   90068  3612467  40.06
1940-1949       35      0.00253  0.00252  0.50   89959     227   89845  3522399  39.16
1940-1949       36      0.00283  0.00282  0.50   89732     253   89605  3432553  38.25
1940-1949       37      0.00290  0.00290  0.50   89478     259   89349  3342948  37.36
1940-1949       38      0.00314  0.00313  0.50   89219     279   89079  3253600  36.47
1940-1949       39      0.00327  0.00326  0.50   88940     290   88795  3164520  35.58
1940-1949       40      0.00330  0.00329  0.50   88649     292   88504  3075726  34.70
1940-1949       41      0.00348  0.00347  0.50   88358     307   88204  2987222  33.81
1940-1949       42      0.00398  0.00397  0.50   88051     350   87876  2899018  32.92
1940-1949       43      0.00398  0.00397  0.50   87701     348   87527  2811142  32.05
1940-1949       44      0.00414  0.00413  0.50   87353     361   87172  2723615  31.18
1940-1949       45      0.00453  0.00452  0.50   86992     393   86795  2636442  30.31
1940-1949       46      0.00476  0.00475  0.50   86598     411   86393  2549647  29.44
1940-1949       47      0.00530  0.00528  0.50   86187     455   85960  2463255  28.58
1940-1949       48      0.00583  0.00582  0.50   85732     499   85483  2377295  27.73
1940-1949       49      0.00630  0.00628  0.50   85233     535   84966  2291812  26.89
1940-1949       50      0.00668  0.00666  0.50   84698     564   84416  2206847  26.06
1940-1949       51      0.00644  0.00642  0.50   84134     540   83864  2122431  25.23
1940-1949       52      0.00811  0.00808  0.50   83593     675   83256  2038567  24.39
1940-1949       53      0.00827  0.00824  0.50   82918     683   82576  1955311  23.58
1940-1949       54      0.00920  0.00916  0.50   82235     753   81858  1872735  22.77
1940-1949       55      0.00944  0.00939  0.50   81482     765   81099  1790877  21.98
1940-1949       56      0.01038  0.01033  0.50   80716     834   80299  1709777  21.18
1940-1949       57      0.01113  0.01106  0.50   79883     884   79441  1629478  20.40
1940-1949       58      0.01289  0.01281  0.50   78999    1012   78493  1550037  19.62
1940-1949       59      0.01369  0.01360  0.50   77987    1061   77456  1471544  18.87
1940-1949       60      0.01493  0.01482  0.50   76926    1140   76356  1394088  18.12
1940-1949       61      0.01456  0.01446  0.50   75786    1096   75239  1317732  17.39
1940-1949       62      0.01820  0.01803  0.50   74691    1347   74017  1242493  16.64
1940-1949       63      0.01999  0.01979  0.50   73344    1452   72618  1168476  15.93
1940-1949       64      0.02123  0.02100  0.50   71892    1510   71137  1095858  15.24
1940-1949       65      0.02515  0.02484  0.50   70382    1748   69508  1024721  14.56
1940-1949       66      0.02349  0.02322  0.50   68634    1594   67837   955213  13.92
1940-1949       67      0.02764  0.02726  0.50   67040    1828   66126   887377  13.24
1940-1949       68      0.03113  0.03065  0.50   65212    1999   64213   821251  12.59
1940-1949       69      0.03436  0.03378  0.50   63213    2135   62146   757038  11.98
1940-1949       70      0.03923  0.03847  0.50   61078    2350   59903   694893  11.38
1940-1949       71      0.03649  0.03583  0.50   58728    2104   57676   634990  10.81
1940-1949       72      0.04741  0.04631  0.50   56624    2622   55313   577314  10.20
1940-1949       73      0.05114  0.04986  0.50   54002    2693   52655   522001   9.67
1940-1949       74      0.05682  0.05525  0.50   51309    2835   49891   469346   9.15
1940-1949       75      0.06347  0.06152  0.50   48474    2982   46983   419454   8.65
1940-1949       76      0.07048  0.06808  0.50   45492    3097   43943   372472   8.19
1940-1949       77      0.07277  0.07021  0.50   42394    2977   40906   328529   7.75
1940-1949       78      0.08588  0.08235  0.50   39418    3246   37795   287623   7.30
1940-1949       79      0.09194  0.08789  0.50   36172    3179   34582   249828   6.91
1940-1949       80      0.09843  0.09381  0.50   32992    3095   31445   215246   6.52
1940-1949       81      0.09606  0.09166  0.50   29897    2740   28527   183801   6.15
1940-1949       82      0.11783  0.11127  0.50   27157    3022   25646   155274   5.72
1940-1949       83      0.12691  0.11934  0.50   24135    2880   22695   129627   5.37
1940-1949       84      0.14061  0.13137  0.50   21255    2792   19859   106932   5.03
1940-1949       85      0.15802  0.14645  0.50   18463    2704   17111    87074   4.72
1940-1949       86      0.17736  0.16292  0.50   15759    2567   14475    69963   4.44
1940-1949       87      0.19016  0.17365  0.50   13191    2291   12046    55488   4.21
1940-1949       88      0.20052  0.18225  0.50   10901    1987    9907    43441   3.99
1940-1949       89      0.21113  0.19097  0.50    8914    1702    8063    33534   3.76
1940-1949       90      0.24062  0.21478  0.50    7212    1549    6437    25471   3.53
1940-1949       91      0.23661  0.21158  0.50    5663    1198    5064    19034   3.36
1940-1949       92      0.26798  0.23632  0.50    4465    1055    3937    13970   3.13
1940-1949       93      0.28802  0.25176  0.50    3410     858    2980    10033   2.94
1940-1949       94      0.30611  0.26548  0.50    2551     677    2213     7052   2.76
1940-1949       95      0.34200  0.29206  0.50    1874     547    1600     4840   2.58
1940-1949       96      0.36618  0.30951  0.50    1327     411    1121     3240   2.44
1940-1949       97      0.39106  0.32710  0.50     916     300     766     2118   2.31
1940-1949       98      0.41651  0.34472  0.50     616     212     510     1352   2.19
1940-1949       99      0.44242  0.36228  0.50     404     146     331      842   2.08
1940-1949      100      0.46864  0.37968  0.50     258      98     209      511   1.98
1940-1949      101      0.49504  0.39682  0.50     160      63     128      303   1.89
1940-1949      102      0.52147  0.41362  0.50      96      40      76      174   1.81
1940-1949      103      0.54777  0.43000  0.50      57      24      44       98   1.73
1940-1949      104      0.57382  0.44589  0.50      32      14      25       54   1.66
1940-1949      105      0.59946  0.46122  0.50      18       8      14       29   1.60
1940-1949      106      0.62456  0.47594  0.50      10       5       7       15   1.55
1940-1949      107      0.64902  0.49001  0.50       5       2       4        8   1.50
1940-1949      108      0.67271  0.50339  0.50       3       1       2        4   1.45
1940-1949      109      0.69556  0.51608  0.50       1       1       1        2   1.42
1940-1949      110+     0.71748  1.00000  1.39       1       1       1        1   1.39
1950-1959        0      0.03186  0.03104  0.17  100000    3104   97425  7239262  72.39
1950-1959        1      0.00249  0.00248  0.50   96896     241   96776  7141837  73.71
1950-1959        2      0.00132  0.00132  0.50   96655     128   96592  7045061  72.89
1950-1959        3      0.00099  0.00099  0.50   96528      96   96480  6948470  71.98
1950-1959        4      0.00079  0.00079  0.50   96432      76   96394  6851990  71.06
1950-1959        5      0.00066  0.00066  0.50   96356      64   96324  6755596  70.11
1950-1959        6      0.00057  0.00057  0.50   96292      54   96265  6659271  69.16
1950-1959        7      0.00054  0.00054  0.50   96238      52   96212  6563007  68.20
1950-1959        8      0.00047  0.00047  0.50   96185      45   96163  6466795  67.23
1950-1959        9      0.00041  0.00041  0.50   96140      39   96120  6370632  66.26
1950-1959       10      0.00041  0.00041  0.50   96101      39   96081  6274512  65.29
1950-1959       11      0.00038  0.00038  0.50   96062      36   96043  6178431  64.32
1950-1959       12      0.00043  0.00043  0.50   96025      41   96005  6082387  63.34
1950-1959       13      0.00043  0.00043  0.50   95984      41   95964  5986383  62.37
1950-1959       14      0.00047  0.00047  0.50   95943      45   95921  5890419  61.39
1950-1959       15      0.00049  0.00049  0.50   95898      47   95875  5794498  60.42
1950-1959       16      0.00056  0.00056  0.50   95851      54   95825  5698623  59.45
1950-1959       17      0.00062  0.00062  0.50   95798      59   95768  5602799  58.49
1950-1959       18      0.00064  0.00064  0.50   95739      61   95708  5507031  57.52
1950-1959       19      0.00069  0.00069  0.50   95678      66   95645  5411322  56.56
1950-1959       20      0.00070  0.00070  0.50   95612      67   95579  5315677  55.60
1950-1959       21      0.00070  0.00070  0.50   95545      67   95512  5220099  54.63
1950-1959       22      0.00075  0.00075  0.50   95478      72   95442  5124587  53.67
1950-1959       23      0.00074  0.00074  0.50   95406      70   95371  5029145  52.71
1950-1959       24      0.00081  0.00081  0.50   95336      77   95297  4933774  51.75
1950-1959       25      0.00089  0.00088  0.50   95259      84   95217  4838476  50.79
1950-1959       26      0.00092  0.00092  0.50   95175      88   95131  4743260  49.84
1950-1959       27      0.00089  0.00089  0.50   95087      84   95045  4648129  48.88
1950-1959       28      0.00094  0.00094  0.50   95002      89   94958  4553084  47.93
1950-1959       29      0.00099  0.00099  0.50   94913      94   94867  4458126  46.97
1950-1959       30      0.00099  0.00099  0.50   94820      94   94773  4363260  46.02
1950-1959       31      0.00110  0.00109  0.50   94726     104   94674  4268487  45.06
1950-1959       32      0.00120  0.00120  0.50   94622     113   94566  4173813  44.11
1950-1959       33      0.00116  0.00116  0.50   94509     109   94455  4079247  43.16
1950-1959       34      0.00134  0.00134  0.50   94400     126   94337  3984792  42.21
1950-1959       35      0.00139  0.00139  0.50   94274     131   94208  3890456  41.27
1950-1959       36      0.00152  0.00152  0.50   94143     143   94071  3796247  40.32
1950-1959       37      0.00168  0.00168  0.50   94000     158   93921  3702176  39.39
1950-1959       38      0.00185  0.00185  0.50   93842     173   93755  3608256  38.45
1950-1959       39      0.00196  0.00196  0.50   93668     184   93576  3514500  37.52
1950-1959       40      0.00210  0.00210  0.50   93484     196   93386  3420924  36.59
1950-1959       41      0.00222  0.00222  0.50   93288     207   93185  3327538  35.67
1950-1959       42      0.00270  0.00270  0.50   93081     251   92956  3234353  34.75
1950-1959       43      0.00279  0.00278  0.50   92830     258   92701  3141397  33.84
1950-1959       44      0.00301  0.00301  0.50   92572     278   92433  3048696  32.93
1950-1959       45      0.00329  0.00328  0.50   92294     303   92142  2956263  32.03
1950-1959       46      0.00359  0.00358  0.50   91991     330   91826  2864121  31.13
1950-1959       47      0.00387  0.00387  0.50   91661     354   91484  2772295  30.25
1950-1959       48      0.00427  0.00426  0.50   91307     389   91112  2680811  29.36
1950-1959       49      0.00466  0.00465  0.50   90918     423   90706  2589699  28.48
1950-1959       50      0.00493  0.00492  0.50   90495     445   90272  2498993  27.61
1950-1959       51      0.00519  0.00518  0.50   90049     466   89816  2408721  26.75
1950-1959       52      0.00616  0.00615  0.50   89583     551   89308  2318905  25.89
1950-1959       53      0.00642  0.00640  0.50   89032     570   88747  2229597  25.04
1950-1959       54      0.00706  0.00703  0.50   88462     622   88151  2140850  24.20
1950-1959       55      0.00735  0.00732  0.50   87840     643   87519  2052698  23.37
1950-1959       56      0.00845  0.00841  0.50   87197     734   86830  1965179  22.54
1950-1959       57      0.00910  0.00906  0.50   86463     783   86072  1878349  21.72
1950-1959       58      0.01034  0.01028  0.50   85680     881   85240  1792277  20.92
1950-1959       59      0.01099  0.01093  0.50   84799     927   84336  1707038  20.13
1950-1959       60      0.01209  0.01202  0.50   83873    1008   83369  1622702  19.35
1950-1959       61      0.01226  0.01219  0.50   82864    1010   82360  1539333  18.58
1950-1959       62      0.01498  0.01487  0.50   81855    1217   81246  1456974  17.80
1950-1959       63      0.01659  0.01645  0.50   80638    1327   79974  1375727  17.06
1950-1959       64      0.01810  0.01794  0.50   79311    1423   78599  1295753  16.34
1950-1959       65      0.02065  0.02044  0.50   77888    1592   77092  1217154  15.63
1950-1959       66      0.02053  0.02033  0.50   76296    1551   75520  1140062  14.94
1950-1959       67      0.02276  0.02250  0.50   74745    1682   73904  1064542  14.24
1950-1959       68      0.02535  0.02503  0.50   73063    1829   72148   990638  13.56
1950-1959       69      0.02797  0.02758  0.50   71234    1965   70252   918489  12.89
1950-1959       70      0.03118  0.03071  0.50   69269    2127   68206   848238  12.25
1950-1959       71      0.03215  0.03164  0.50   67142    2125   66080   780032  11.62
1950-1959       72      0.03865  0.03792  0.50   65018    2466   63785   713952  10.98
1950-1959       73      0.04348  0.04255  0.50   62552    2662   61221   650167  10.39
1950-1959       74      0.04800  0.04688  0.50   59890    2808   58487   588946   9.83
1950-1959       75      0.05423  0.05279  0.50   57083    3014   55576   530459   9.29
1950-1959       76      0.06083  0.05903  0.50   54069    3192   52473   474883   8.78
1950-1959       77      0.06522  0.06316  0.50   50877    3214   49270   422410   8.30
1950-1959       78      0.07502  0.07231  0.50   47664    3446   45940   373140   7.83
1950-1959       79      0.08179  0.07858  0.50   44217    3475   42480   327200   7.40
1950-1959       80      0.08576  0.08223  0.50   40743    3350   39067   284720   6.99
1950-1959       81      0.08807  0.08436  0.50   37392    3154   35815   245652   6.57
1950-1959       82      0.10448  0.09930  0.50   34238    3400   32538   209837   6.13
1950-1959       83      0.11553  0.10922  0.50   30838    3368   29154   177299   5.75
1950-1959       84      0.12834  0.12060  0.50   27470    3313   25814   148145   5.39
1950-1959       85      0.13833  0.12939  0.50   24157    3126   22594   122331   5.06
1950-1959       86      0.15833  0.14671  0.50   21032    3086   19489    99737   4.74
1950-1959       87      0.16941  0.15618  0.50   17946    2803   16545    80248   4.47
1950-1959       88      0.18311  0.16775  0.50   15143    2540   13873    63703   4.21
1950-1959       89      0.19733  0.17961  0.50   12603    2264   11471    49830   3.95
1950-1959       90      0.21552  0.19455  0.50   10339    2012    9334    38359   3.71
1950-1959       91      0.22211  0.19991  0.50    8328    1665    7495    29026   3.49
1950-1959       92      0.25373  0.22516  0.50    6663    1500    5913    21530   3.23
1950-1959       93      0.27610  0.24261  0.50    5163    1253    4536    15618   3.03
1950-1959       94      0.30791  0.26683  0.50    3910    1043    3389    11081   2.83
1950-1959       95      0.32476  0.27939  0.50    2867     801    2466     7693   2.68
1950-1959       96      0.34928  0.29735  0.50    2066     614    1759     5226   2.53
1950-1959       97      0.37463  0.31553  0.50    1452     458    1223     3468   2.39
1950-1959       98      0.40068  0.33381  0.50     994     332     828     2245   2.26
1950-1959       99      0.42731  0.35208  0.50     662     233     545     1417   2.14
1950-1959      100      0.45436  0.37025  0.50     429     159     349      872   2.03
1950-1959      101      0.48169  0.38819  0.50     270     105     218      522   1.93
1950-1959      102      0.50912  0.40582  0.50     165      67     132      305   1.84
1950-1959      103      0.53651  0.42303  0.50      98      42      77      173   1.76
1950-1959      104      0.56367  0.43974  0.50      57      25      44       96   1.69
1950-1959      105      0.59045  0.45587  0.50      32      14      25       51   1.62
1950-1959      106      0.61671  0.47137  0.50      17       8      13       27   1.56
1950-1959      107      0.64231  0.48617  0.50       9       4       7       14   1.51
1950-1959      108      0.66712  0.50026  0.50       5       2       4        7   1.46
1950-1959      109      0.69104  0.51358  0.50       2       1       2        3   1.42
1950-1959      110+     0.71397  1.00000  1.40       1       1       2        2   1.40
1960-1969        0      0.02157  0.02118  0.13  100000    2118   98159  7507161  75.07
1960-1969        1      0.00145  0.00145  0.50   97882     142   97811  7409002  75.69
1960-1969        2      0.00090  0.00090  0.50   97741      88   97697  7311191  74.80
1960-1969        3      0.00070  0.00070  0.50   97652      68   97618  7213494  73.87
1960-1969        4      0.00061  0.00060  0.50   97584      59   97554  7115876  72.92
1960-1969        5      0.00054  0.00054  0.50   97525      52   97499  7018322  71.96
1960-1969        6      0.00046  0.00046  0.50   97473      45   97450  6920823  71.00
1960-1969        7      0.00039  0.00039  0.50   97428      38   97409  6823373  70.04
1960-1969        8      0.00035  0.00035  0.50   97390      34   97373  6725964  69.06
1960-1969        9      0.00031  0.00031  0.50   97356      30   97341  6628592  68.09
1960-1969       10      0.00028  0.00028  0.50   97326      27   97312  6531251  67.11
1960-1969       11      0.00029  0.00029  0.50   97299      28   97285  6433939  66.13
1960-1969       12      0.00029  0.00029  0.50   97271      28   97257  6336654  65.14
1960-1969       13      0.00031  0.00031  0.50   97243      31   97227  6239397  64.16
1960-1969       14      0.00036  0.00036  0.50   97212      35   97195  6142170  63.18
1960-1969       15      0.00040  0.00040  0.50   97177      39   97158  6044975  62.21
1960-1969       16      0.00048  0.00048  0.50   97138      47   97115  5947818  61.23
1960-1969       17      0.00052  0.00052  0.50   97091      50   97066  5850703  60.26
1960-1969       18      0.00056  0.00056  0.50   97041      54   97014  5753637  59.29
1960-1969       19      0.00056  0.00056  0.50   96987      55   96960  5656623  58.32
1960-1969       20      0.00057  0.00057  0.50   96933      56   96905  5559663  57.36
1960-1969       21      0.00054  0.00054  0.50   96877      52   96851  5462758  56.39
1960-1969       22      0.00058  0.00058  0.50   96825      56   96797  5365907  55.42
1960-1969       23      0.00056  0.00056  0.50   96769      54   96741  5269111  54.45
1960-1969       24      0.00060  0.00060  0.50   96714      58   96685  5172369  53.48
1960-1969       25      0.00061  0.00061  0.50   96656      59   96627  5075684  52.51
1960-1969       26      0.00062  0.00062  0.50   96597      60   96567  4979057  51.54
1960-1969       27      0.00063  0.00063  0.50   96537      61   96507  4882490  50.58
1960-1969       28      0.00066  0.00066  0.50   96476      64   96445  4785983  49.61
1960-1969       29      0.00076  0.00076  0.50   96413      73   96376  4689539  48.64
1960-1969       30      0.00077  0.00077  0.50   96340      74   96303  4593163  47.68
1960-1969       31      0.00081  0.00081  0.50   96266      78   96227  4496860  46.71
1960-1969       32      0.00087  0.00087  0.50   96188      84   96146  4400633  45.75
1960-1969       33      0.00095  0.00095  0.50   96104      91   96059  4304487  44.79
1960-1969       34      0.00102  0.00102  0.50   96013      98   95964  4208428  43.83
1960-1969       35      0.00112  0.00112  0.50   95915     108   95861  4112464  42.88
1960-1969       36      0.00119  0.00119  0.50   95807     114   95750  4016603  41.92
1960-1969       37      0.00133  0.00133  0.50   95693     127   95630  3920852  40.97
1960-1969       38      0.00145  0.00145  0.50   95566     138   95497  3825223  40.03
1960-1969       39      0.00156  0.00156  0.50   95428     149   95354  3729726  39.08
1960-1969       40      0.00167  0.00167  0.50   95279     159   95200  3634372  38.14
1960-1969       41      0.00184  0.00184  0.50   95120     175   95033  3539172  37.21
1960-1969       42      0.00204  0.00204  0.50   94946     193   94849  3444139  36.27
1960-1969       43      0.00229  0.00229  0.50   94752     217   94644  3349290  35.35
1960-1969       44      0.00246  0.00246  0.50   94536     233   94419  3254646  34.43
1960-1969       45      0.00264  0.00263  0.50   94303     248   94179  3160227  33.51
1960-1969       46      0.00304  0.00303  0.50   94055     285   93912  3066048  32.60
1960-1969       47      0.00334  0.00333  0.50   93770     313   93613  2972136  31.70
1960-1969       48      0.00357  0.00356  0.50   93457     333   93290  2878523  30.80
1960-1969       49      0.00390  0.00389  0.50   93124     362   92943  2785232  29.91
1960-1969       50      0.00435  0.00434  0.50   92762     403   92560  2692290  29.02
1960-1969       51      0.00442  0.00441  0.50   92359     408   92155  2599729  28.15
1960-1969       52      0.00513  0.00511  0.50   91951     470   91716  2507574  27.27
1960-1969       53      0.00562  0.00560  0.50   91481     512   91225  2415859  26.41
1960-1969       54      0.00608  0.00606  0.50   90968     551   90693  2324634  25.55
1960-1969       55      0.00636  0.00634  0.50   90417     573   90131  2233941  24.71
1960-1969       56      0.00707  0.00705  0.50   89844     633   89528  2143810  23.86
1960-1969       57      0.00776  0.00773  0.50   89211     690   88866  2054282  23.03
1960-1969       58      0.00862  0.00858  0.50   88521     760   88141  1965416  22.20
1960-1969       59      0.00950  0.00945  0.50   87762     830   87347  1877275  21.39
1960-1969       60      0.01046  0.01040  0.50   86932     904   86480  1789928  20.59
1960-1969       61      0.01079  0.01074  0.50   86027     924   85566  1703449  19.80
1960-1969       62      0.01248  0.01240  0.50   85104    1055   84576  1617883  19.01
1960-1969       63      0.01355  0.01346  0.50   84048    1131   83483  1533307  18.24
1960-1969       64      0.01485  0.01474  0.50   82917    1222   82306  1449824  17.49
1960-1969       65      0.01633  0.01619  0.50   81695    1323   81033  1367519  16.74
1960-1969       66      0.01764  0.01749  0.50   80372    1405   79669  1286486  16.01
1960-1969       67      0.01956  0.01937  0.50   78966    1529   78202  1206817  15.28
1960-1969       68      0.02206  0.02182  0.50   77437    1690   76592  1128615  14.57
1960-1969       69      0.02388  0.02360  0.50   75747    1787   74853  1052023  13.89
1960-1969       70      0.02647  0.02612  0.50   73960    1932   72994   977170  13.21
1960-1969       71      0.02727  0.02690  0.50   72028    1937   71059   904176  12.55
1960-1969       72      0.03316  0.03262  0.50   70090    2286   68947   833117  11.89
1960-1969       73      0.03617  0.03552  0.50   67804    2409   66599   764170  11.27
1960-1969       74      0.03988  0.03910  0.50   65395    2557   64116   697571  10.67
1960-1969       75      0.04490  0.04392  0.50   62838    2760   61458   633454  10.08
1960-1969       76      0.04994  0.04872  0.50   60078    2927   58615   571996   9.52
1960-1969       77      0.05453  0.05309  0.50   57151    3034   55634   513382   8.98
1960-1969       78      0.06221  0.06033  0.50   54117    3265   52485   457747   8.46
1960-1969       79      0.06900  0.06670  0.50   50852    3392   49156   405263   7.97
1960-1969       80      0.07311  0.07053  0.50   47460    3347   45787   356107   7.50
1960-1969       81      0.07869  0.07571  0.50   44113    3340   42443   310320   7.03
1960-1969       82      0.09098  0.08702  0.50   40773    3548   38999   267877   6.57
1960-1969       83      0.10387  0.09874  0.50   37225    3676   35387   228877   6.15
1960-1969       84      0.11425  0.10808  0.50   33550    3626   31737   193490   5.77
1960-1969       85      0.12519  0.11781  0.50   29924    3525   28161   161753   5.41
1960-1969       86      0.13845  0.12948  0.50   26398    3418   24689   133592   5.06
1960-1969       87      0.15263  0.14181  0.50   22980    3259   21351   108903   4.74
1960-1969       88      0.16743  0.15450  0.50   19721    3047   18198    87552   4.44
1960-1969       89      0.18405  0.16854  0.50   16674    2810   15269    69355   4.16
1960-1969       90      0.19928  0.18122  0.50   13864    2512   12608    54085   3.90
1960-1969       91      0.20661  0.18726  0.50   11352    2126   10289    41477   3.65
1960-1969       92      0.24100  0.21508  0.50    9226    1984    8234    31189   3.38
1960-1969       93      0.26029  0.23032  0.50    7242    1668    6408    22955   3.17
1960-1969       94      0.28396  0.24866  0.50    5574    1386    4881    16547   2.97
1960-1969       95      0.30801  0.26690  0.50    4188    1118    3629    11667   2.79
1960-1969       96      0.33298  0.28545  0.50    3070     876    2632     8038   2.62
1960-1969       97      0.35892  0.30431  0.50    2194     668    1860     5406   2.46
1960-1969       98      0.38572  0.32336  0.50    1526     493    1279     3546   2.32
1960-1969       99      0.41323  0.34247  0.50    1033     354     856     2267   2.19
1960-1969      100      0.44129  0.36152  0.50     679     245     556     1411   2.08
1960-1969      101      0.46973  0.38039  0.50     434     165     351      855   1.97
1960-1969      102      0.49837  0.39896  0.50     269     107     215      503   1.87
1960-1969      103      0.52702  0.41711  0.50     161      67     128      288   1.79
1960-1969      104      0.55550  0.43475  0.50      94      41      74      161   1.71
1960-1969      105      0.58361  0.45178  0.50      53      24      41       87   1.64
1960-1969      106      0.61119  0.46813  0.50      29      14      22       46   1.57
1960-1969      107      0.63808  0.48374  0.50      16       8      12       23   1.52
1960-1969      108      0.66413  0.49857  0.50       8       4       6       12   1.47
1960-1969      109      0.68921  0.51258  0.50       4       2       3        6   1.43
1960-1969      110+     0.71324  1.00000  1.40       2       2       3        3   1.40
1970-1979        0      0.01302  0.01287  0.12  100000    1287   98871  7732273  77.32
1970-1979        1      0.00099  0.00099  0.50   98713      98   98664  7633403  77.33
1970-1979        2      0.00065  0.00065  0.50   98615      64   98583  7534739  76.41
1970-1979        3      0.00052  0.00052  0.50   98551      51   98526  7436155  75.45
1970-1979        4      0.00048  0.00048  0.50   98500      47   98477  7337630  74.49
1970-1979        5      0.00039  0.00039  0.50   98453      39   98434  7239153  73.53
1970-1979        6      0.00037  0.00037  0.50   98414      37   98396  7140719  72.56
1970-1979        7      0.00035  0.00035  0.50   98378      34   98361  7042323  71.58
1970-1979        8      0.00029  0.00029  0.50   98343      29   98329  6943963  70.61
1970-1979        9      0.00027  0.00027  0.50   98315      26   98301  6845634  69.63
1970-1979       10      0.00026  0.00026  0.50   98288      26   98275  6747332  68.65
1970-1979       11      0.00025  0.00025  0.50   98262      24   98250  6649057  67.67
1970-1979       12      0.00025  0.00025  0.50   98238      25   98226  6550807  66.68
1970-1979       13      0.00027  0.00027  0.50   98213      27   98200  6452581  65.70
1970-1979       14      0.00036  0.00036  0.50   98186      36   98169  6354381  64.72
1970-1979       15      0.00043  0.00043  0.50   98151      42   98130  6256213  63.74
1970-1979       16      0.00054  0.00054  0.50   98109      53   98082  6158083  62.77
1970-1979       17      0.00057  0.00057  0.50   98056      55   98028  6060001  61.80
1970-1979       18      0.00057  0.00057  0.50   98000      56   97972  5961972  60.84
1970-1979       19      0.00059  0.00059  0.50   97944      58   97915  5864000  59.87
1970-1979       20      0.00053  0.00053  0.50   97887      52   97861  5766085  58.91
1970-1979       21      0.00056  0.00056  0.50   97834      55   97807  5668224  57.94
1970-1979       22      0.00054  0.00054  0.50   97779      53   97753  5570418  56.97
1970-1979       23      0.00054  0.00054  0.50   97726      53   97700  5472665  56.00
1970-1979       24      0.00054  0.00054  0.50   97673      53   97647  5374965  55.03
1970-1979       25      0.00053  0.00053  0.50   97621      52   97595  5277318  54.06
1970-1979       26      0.00056  0.00056  0.50   97569      55   97541  5179723  53.09
1970-1979       27      0.00056  0.00056  0.50   97514      55   97486  5082182  52.12
1970-1979       28      0.00061  0.00061  0.50   97459      60   97429  4984696  51.15
1970-1979       29      0.00063  0.00063  0.50   97399      61   97369  4887267  50.18
1970-1979       30      0.00070  0.00070  0.50   97338      68   97304  4789898  49.21
1970-1979       31      0.00070  0.00070  0.50   97269      68   97236  4692595  48.24
1970-1979       32      0.00076  0.00076  0.50   97202      74   97164  4595359  47.28
1970-1979       33      0.00084  0.00083  0.50   97127      81   97087  4498195  46.31
1970-1979       34      0.00092  0.00092  0.50   97046      89   97002  4401108  45.35
1970-1979       35      0.00103  0.00103  0.50   96957     100   96908  4304106  44.39
1970-1979       36      0.00111  0.00111  0.50   96858     107   96804  4207199  43.44
1970-1979       37      0.00117  0.00117  0.50   96750     113   96694  4110395  42.48
1970-1979       38      0.00130  0.00129  0.50   96637     125   96575  4013701  41.53
1970-1979       39      0.00148  0.00148  0.50   96512     143   96441  3917126  40.59
1970-1979       40      0.00151  0.00151  0.50   96370     145   96297  3820685  39.65
1970-1979       41      0.00169  0.00169  0.50   96225     163   96143  3724388  38.71
1970-1979       42      0.00193  0.00193  0.50   96062     185   95969  3628245  37.77
1970-1979       43      0.00203  0.00203  0.50   95877     195   95780  3532275  36.84
1970-1979       44      0.00222  0.00221  0.50   95682     212   95576  3436496  35.92
1970-1979       45      0.00246  0.00246  0.50   95470     235   95353  3340920  34.99
1970-1979       46      0.00271  0.00270  0.50   95236     257   95107  3245566  34.08
1970-1979       47      0.00298  0.00298  0.50   94978     283   94837  3150459  33.17
1970-1979       48      0.00330  0.00329  0.50   94696     312   94540  3055623  32.27
1970-1979       49      0.00359  0.00358  0.50   94384     338   94215  2961083  31.37
1970-1979       50      0.00391  0.00390  0.50   94045     367   93862  2866868  30.48
1970-1979       51      0.00416  0.00416  0.50   93679     389   93484  2773006  29.60
1970-1979       52      0.00459  0.00458  0.50   93289     427   93076  2679523  28.72
1970-1979       53      0.00482  0.00481  0.50   92862     447   92639  2586447  27.85
1970-1979       54      0.00542  0.00541  0.50   92415     500   92165  2493808  26.98
1970-1979       55      0.00578  0.00577  0.50   91915     530   91651  2401642  26.13
1970-1979       56      0.00639  0.00637  0.50   91386     582   91095  2309992  25.28
1970-1979       57      0.00688  0.00686  0.50   90804     623   90492  2218897  24.44
1970-1979       58      0.00757  0.00754  0.50   90181     680   89841  2128405  23.60
1970-1979       59      0.00827  0.00824  0.50   89501     737   89132  2038564  22.78
1970-1979       60      0.00904  0.00900  0.50   88764     799   88364  1949432  21.96
1970-1979       61      0.00966  0.00962  0.50   87965     846   87542  1861068  21.16
1970-1979       62      0.01081  0.01075  0.50   87119     936   86651  1773526  20.36
1970-1979       63      0.01151  0.01144  0.50   86182     986   85689  1686875  19.57
1970-1979       64      0.01240  0.01232  0.50   85196    1050   84672  1601186  18.79
1970-1979       65      0.01408  0.01399  0.50   84147    1177   83558  1516514  18.02
1970-1979       66      0.01501  0.01490  0.50   82970    1236   82352  1432955  17.27
1970-1979       67      0.01639  0.01625  0.50   81734    1328   81070  1350603  16.52
1970-1979       68      0.01827  0.01810  0.50   80406    1456   79678  1269533  15.79
1970-1979       69      0.02016  0.01996  0.50   78950    1575   78162  1189856  15.07
1970-1979       70      0.02226  0.02201  0.50   77375    1703   76523  1111693  14.37
1970-1979       71      0.02419  0.02390  0.50   75671    1809   74767  1035170  13.68
1970-1979       72      0.02730  0.02694  0.50   73863    1990   72868   960403  13.00
1970-1979       73      0.02962  0.02919  0.50   71873    2098   70824   887535  12.35
1970-1979       74      0.03262  0.03210  0.50   69775    2239   68656   816711  11.70
1970-1979       75      0.03671  0.03604  0.50   67536    2434   66319   748056  11.08
1970-1979       76      0.04058  0.03977  0.50   65102    2589   63807   681737  10.47
1970-1979       77      0.04434  0.04338  0.50   62512    2712   61157   617930   9.88
1970-1979       78      0.05106  0.04978  0.50   59801    2977   58312   556773   9.31
1970-1979       79      0.05672  0.05516  0.50   56824    3134   55256   498461   8.77
1970-1979       80      0.06241  0.06052  0.50   53689    3249   52065   443205   8.25
1970-1979       81      0.06759  0.06538  0.50   50440    3298   48791   391140   7.75
1970-1979       82      0.07714  0.07428  0.50   47142    3502   45392   342349   7.26
1970-1979       83      0.08557  0.08206  0.50   43641    3581   41850   296957   6.80
1970-1979       84      0.09631  0.09188  0.50   40059    3681   38219   255107   6.37
1970-1979       85      0.10684  0.10143  0.50   36379    3690   34534   216888   5.96
1970-1979       86      0.11962  0.11287  0.50   32689    3690   30844   182354   5.58
1970-1979       87      0.13033  0.12235  0.50   28999    3548   27225   151510   5.22
1970-1979       88      0.14343  0.13383  0.50   25451    3406   23748   124285   4.88
1970-1979       89      0.15820  0.14660  0.50   22045    3232   20429   100537   4.56
1970-1979       90      0.17483  0.16078  0.50   18813    3025   17301    80108   4.26
1970-1979       91      0.19160  0.17485  0.50   15788    2761   14408    62807   3.98
1970-1979       92      0.21305  0.19254  0.50   13028    2508   11774    48399   3.72
1970-1979       93      0.23420  0.20965  0.50   10519    2205    9417    36626   3.48
1970-1979       94      0.24942  0.22176  0.50    8314    1844    7392    27209   3.27
1970-1979       95      0.27270  0.23998  0.50    6470    1553    5694    19817   3.06
1970-1979       96      0.29615  0.25795  0.50    4918    1268    4283    14123   2.87
1970-1979       97      0.32072  0.27640  0.50    3649    1009    3145     9839   2.70
1970-1979       98      0.34634  0.29521  0.50    2640     780    2251     6695   2.54
1970-1979       99      0.37287  0.31428  0.50    1861     585    1569     4444   2.39
1970-1979      100      0.40019  0.33347  0.50    1276     426    1063     2875   2.25
1970-1979      101      0.42815  0.35266  0.50     851     300     701     1812   2.13
1970-1979      102      0.45658  0.37172  0.50     551     205     448     1112   2.02
1970-1979      103      0.48529  0.39053  0.50     346     135     278      663   1.92
1970-1979      104      0.51409  0.40897  0.50     211      86     168      385   1.83
1970-1979      105      0.54281  0.42694  0.50     125      53      98      217   1.74
1970-1979      106      0.57124  0.44433  0.50      71      32      56      119   1.67
1970-1979      107      0.59921  0.46107  0.50      40      18      31       64   1.60
1970-1979      108      0.62655  0.47709  0.50      21      10      16       33   1.55
1970-1979      109      0.65310  0.49233  0.50      11       6       8       17   1.50
1970-1979      110+     0.67873  1.00000  1.47       6       6       8        8   1.47
1980-1989        0      0.00740  0.00735  0.13  100000     735   99363  7968093  79.68
1980-1989        1      0.00062  0.00062  0.50   99265      62   99234  7868729  79.27
1980-1989        2      0.00041  0.00041  0.50   99203      41   99183  7769495  78.32
1980-1989        3      0.00032  0.00032  0.50   99162      32   99146  7670313  77.35
1980-1989        4      0.00028  0.00028  0.50   99130      28   99116  7571167  76.38
1980-1989        5      0.00026  0.00026  0.50   99102      26   99089  7472050  75.40
1980-1989        6      0.00021  0.00021  0.50   99077      21   99066  7372961  74.42
1980-1989        7      0.00019  0.00019  0.50   99055      19   99046  7273895  73.43
1980-1989        8      0.00016  0.00016  0.50   99037      16   99029  7174849  72.45
1980-1989        9      0.00018  0.00018  0.50   99021      18   99012  7075820  71.46
1980-1989       10      0.00016  0.00016  0.50   99003      16   98995  6976808  70.47
1980-1989       11      0.00018  0.00018  0.50   98987      18   98978  6877813  69.48
1980-1989       12      0.00018  0.00018  0.50   98969      18   98960  6778835  68.49
1980-1989       13      0.00020  0.00020  0.50   98951      20   98941  6679875  67.51
1980-1989       14      0.00025  0.00025  0.50   98931      25   98919  6580934  66.52
1980-1989       15      0.00032  0.00032  0.50   98906      31   98891  6482015  65.54
1980-1989       16      0.00041  0.00041  0.50   98875      41   98855  6383124  64.56
1980-1989       17      0.00042  0.00042  0.50   98834      41   98814  6284269  63.58
1980-1989       18      0.00043  0.00043  0.50   98793      43   98772  6185456  62.61
1980-1989       19      0.00043  0.00042  0.50   98751      42   98730  6086684  61.64
1980-1989       20      0.00043  0.00043  0.50   98709      43   98687  5987954  60.66
1980-1989       21      0.00041  0.00041  0.50   98666      40   98646  5889267  59.69
1980-1989       22      0.00041  0.00041  0.50   98625      41   98605  5790621  58.71
1980-1989       23      0.00039  0.00039  0.50   98585      39   98566  5692016  57.74
1980-1989       24      0.00040  0.00040  0.50   98546      40   98526  5593450  56.76
1980-1989       25      0.00041  0.00041  0.50   98506      41   98486  5494924  55.78
1980-1989       26      0.00044  0.00044  0.50   98466      43   98444  5396438  54.81
1980-1989       27      0.00046  0.00046  0.50   98422      45   98400  5297994  53.83
1980-1989       28      0.00045  0.00045  0.50   98377      45   98355  5199594  52.85
1980-1989       29      0.00050  0.00050  0.50   98332      49   98308  5101240  51.88
1980-1989       30      0.00052  0.00052  0.50   98283      51   98258  5002932  50.90
1980-1989       31      0.00051  0.00051  0.50   98233      50   98207  4904674  49.93
1980-1989       32      0.00060  0.00060  0.50   98182      58   98153  4806467  48.95
1980-1989       33      0.00063  0.00063  0.50   98124      62   98093  4708314  47.98
1980-1989       34      0.00068  0.00068  0.50   98061      66   98028  4610221  47.01
1980-1989       35      0.00074  0.00074  0.50   97995      72   97959  4512193  46.05
1980-1989       36      0.00076  0.00076  0.50   97923      74   97885  4414234  45.08
1980-1989       37      0.00085  0.00085  0.50   97848      83   97807  4316349  44.11
1980-1989       38      0.00096  0.00096  0.50   97765      93   97719  4218542  43.15
1980-1989       39      0.00105  0.00105  0.50   97672     103   97621  4120823  42.19
1980-1989       40      0.00118  0.00118  0.50   97569     115   97512  4023202  41.23
1980-1989       41      0.00126  0.00126  0.50   97454     123   97393  3925691  40.28
1980-1989       42      0.00141  0.00141  0.50   97331     137   97262  3828298  39.33
1980-1989       43      0.00154  0.00154  0.50   97194     150   97119  3731036  38.39
1980-1989       44      0.00177  0.00177  0.50   97044     171   96958  3633917  37.45
1980-1989       45      0.00186  0.00186  0.50   96873     180   96783  3536958  36.51
1980-1989       46      0.00209  0.00209  0.50   96693     202   96591  3440176  35.58
1980-1989       47      0.00234  0.00234  0.50   96490     226   96378  3343584  34.65
1980-1989       48      0.00254  0.00254  0.50   96265     244   96143  3247206  33.73
1980-1989       49      0.00294  0.00294  0.50   96021     282   95880  3151064  32.82
1980-1989       50      0.00314  0.00313  0.50   95739     300   95589  3055184  31.91
1980-1989       51      0.00348  0.00347  0.50   95439     331   95273  2959595  31.01
1980-1989       52      0.00377  0.00377  0.50   95108     358   94929  2864322  30.12
1980-1989       53      0.00408  0.00407  0.50   94750     386   94557  2769393  29.23
1980-1989       54      0.00446  0.00445  0.50   94364     420   94154  2674836  28.35
1980-1989       55      0.00478  0.00477  0.50   93944     448   93720  2580683  27.47
1980-1989       56      0.00549  0.00548  0.50   93496     512   93240  2486963  26.60
1980-1989       57      0.00587  0.00585  0.50   92984     544   92711  2393723  25.74
1980-1989       58      0.00631  0.00629  0.50   92439     581   92149  2301012  24.89
1980-1989       59      0.00698  0.00696  0.50   91858     639   91538  2208863  24.05
1980-1989       60      0.00760  0.00757  0.50   91219     691   90873  2117325  23.21
1980-1989       61      0.00825  0.00821  0.50   90528     744   90156  2026452  22.38
1980-1989       62      0.00909  0.00905  0.50   89784     813   89378  1936296  21.57
1980-1989       63      0.00977  0.00973  0.50   88972     865   88539  1846918  20.76
1980-1989       64      0.01079  0.01074  0.50   88106     946   87633  1758379  19.96
1980-1989       65      0.01186  0.01179  0.50   87160    1028   86646  1670745  19.17
1980-1989       66      0.01309  0.01300  0.50   86133    1120   85573  1584099  18.39
1980-1989       67      0.01416  0.01406  0.50   85013    1196   84415  1498526  17.63
1980-1989       68      0.01566  0.01554  0.50   83817    1303   83166  1414111  16.87
1980-1989       69      0.01745  0.01730  0.50   82515    1428   81801  1330945  16.13
1980-1989       70      0.01883  0.01865  0.50   81087    1513   80331  1249144  15.40
1980-1989       71      0.02068  0.02047  0.50   79575    1629   78760  1168813  14.69
1980-1989       72      0.02314  0.02288  0.50   77946    1783   77054  1090053  13.98
1980-1989       73      0.02539  0.02507  0.50   76163    1910   75208  1012998  13.30
1980-1989       74      0.02837  0.02797  0.50   74253    2077   73215   937790  12.63
1980-1989       75      0.03112  0.03064  0.50   72176    2212   71070   864575  11.98
1980-1989       76      0.03450  0.03392  0.50   69965    2373   68778   793505  11.34
1980-1989       77      0.03829  0.03757  0.50   67592    2539   66322   724727  10.72
1980-1989       78      0.04272  0.04183  0.50   65052    2721   63692   658405  10.12
1980-1989       79      0.04731  0.04622  0.50   62331    2881   60891   594713   9.54
1980-1989       80      0.05398  0.05256  0.50   59450    3125   57888   533823   8.98
1980-1989       81      0.05955  0.05783  0.50   56325    3257   54697   475935   8.45
1980-1989       82      0.06678  0.06462  0.50   53068    3429   51353   421238   7.94
1980-1989       83      0.07379  0.07116  0.50   49638    3532   47872   369885   7.45
1980-1989       84      0.08277  0.07948  0.50   46106    3665   44274   322013   6.98
1980-1989       85      0.09094  0.08698  0.50   42441    3692   40595   277740   6.54
1980-1989       86      0.10273  0.09771  0.50   38750    3786   36857   237144   6.12
1980-1989       87      0.11273  0.10671  0.50   34963    3731   33098   200288   5.73
1980-1989       88      0.12399  0.11675  0.50   31232    3647   29409   167190   5.35
1980-1989       89      0.13742  0.12859  0.50   27586    3547   25812   137781   4.99
1980-1989       90      0.15326  0.14235  0.50   24039    3422   22328   111968   4.66
1980-1989       91      0.17012  0.15678  0.50   20617    3232   19001    89641   4.35
1980-1989       92      0.18813  0.17196  0.50   17384    2989   15890    70640   4.06
1980-1989       93      0.20520  0.18611  0.50   14395    2679   13056    54750   3.80
1980-1989       94      0.22384  0.20131  0.50   11716    2359   10537    41695   3.56
1980-1989       95      0.24417  0.21761  0.50    9358    2036    8339    31158   3.33
1980-1989       96      0.26624  0.23496  0.50    7321    1720    6461    22819   3.12
1980-1989       97      0.28954  0.25293  0.50    5601    1417    4893    16357   2.92
1980-1989       98      0.31401  0.27140  0.50    4184    1136    3617    11465   2.74
1980-1989       99      0.33956  0.29027  0.50    3049     885    2606     7848   2.57
1980-1989      100      0.36607  0.30943  0.50    2164     670    1829     5242   2.42
1980-1989      101      0.39342  0.32875  0.50    1494     491    1249     3413   2.28
1980-1989      102      0.42146  0.34810  0.50    1003     349     828     2164   2.16
1980-1989      103      0.45001  0.36736  0.50     654     240     534     1336   2.04
1980-1989      104      0.47890  0.38638  0.50     414     160     334      802   1.94
1980-1989      105      0.50793  0.40506  0.50     254     103     202      468   1.85
1980-1989      106      0.53690  0.42327  0.50     151      64     119      266   1.76
1980-1989      107      0.56563  0.44093  0.50      87      38      68      147   1.69
1980-1989      108      0.59392  0.45793  0.50      49      22      38       79   1.62
1980-1989      109      0.62161  0.47422  0.50      26      13      20       42   1.57
1980-1989      110+     0.64852  1.00000  1.54      14      14      21       21   1.54
1990-1999        0      0.00535  0.00532  0.14  100000     532   99541  8102305  81.02
1990-1999        1      0.00042  0.00042  0.50   99468      42   99447  8002764  80.46
1990-1999        2      0.00025  0.00025  0.50   99426      25   99414  7903317  79.49
1990-1999        3      0.00021  0.00021  0.50   99401      21   99391  7803903  78.51
1990-1999        4      0.00019  0.00019  0.50   99381      19   99371  7704512  77.53
1990-1999        5      0.00017  0.00017  0.50   99362      17   99353  7605141  76.54
1990-1999        6      0.00017  0.00017  0.50   99345      17   99337  7505788  75.55
1990-1999        7      0.00013  0.00013  0.50   99328      13   99322  7406451  74.57
1990-1999        8      0.00015  0.00015  0.50   99316      14   99308  7307129  73.57
1990-1999        9      0.00013  0.00013  0.50   99301      13   99295  7207821  72.59
1990-1999       10      0.00013  0.00013  0.50   99289      13   99282  7108526  71.59
1990-1999       11      0.00013  0.00013  0.50   99276      13   99269  7009244  70.60
1990-1999       12      0.00015  0.00015  0.50   99263      15   99255  6909974  69.61
1990-1999       13      0.00017  0.00017  0.50   99248      17   99240  6810719  68.62
1990-1999       14      0.00020  0.00020  0.50   99231      20   99221  6711479  67.63
1990-1999       15      0.00027  0.00027  0.50   99211      26   99198  6612258  66.65
1990-1999       16      0.00035  0.00035  0.50   99185      35   99168  6513060  65.67
1990-1999       17      0.00033  0.00033  0.50   99150      33   99133  6413892  64.69
1990-1999       18      0.00037  0.00037  0.50   99117      36   99099  6314759  63.71
1990-1999       19      0.00036  0.00036  0.50   99081      36   99063  6215660  62.73
1990-1999       20      0.00035  0.00035  0.50   99045      34   99028  6116597  61.76
1990-1999       21      0.00034  0.00034  0.50   99011      33   98994  6017569  60.78
1990-1999       22      0.00036  0.00036  0.50   98977      36   98959  5918576  59.80
1990-1999       23      0.00033  0.00033  0.50   98941      33   98925  5819616  58.82
1990-1999       24      0.00034  0.00034  0.50   98909      34   98892  5720691  57.84
1990-1999       25      0.00036  0.00036  0.50   98875      36   98857  5621799  56.86
1990-1999       26      0.00038  0.00038  0.50   98839      37   98821  5522942  55.88
1990-1999       27      0.00039  0.00039  0.50   98802      39   98783  5424122  54.90
1990-1999       28      0.00041  0.00041  0.50   98763      40   98743  5325339  53.92
1990-1999       29      0.00043  0.00043  0.50   98723      42   98702  5226596  52.94
1990-1999       30      0.00045  0.00045  0.50   98681      44   98659  5127894  51.96
1990-1999       31      0.00051  0.00051  0.50   98637      50   98612  5029235  50.99
1990-1999       32      0.00054  0.00054  0.50   98587      54   98560  4930623  50.01
1990-1999       33      0.00052  0.00052  0.50   98533      51   98508  4832063  49.04
1990-1999       34      0.00056  0.00056  0.50   98482      55   98455  4733555  48.07
1990-1999       35      0.00065  0.00065  0.50   98427      64   98395  4635100  47.09
1990-1999       36      0.00073  0.00073  0.50   98363      72   98327  4536705  46.12
1990-1999       37      0.00077  0.00077  0.50   98291      76   98253  4438377  45.16
1990-1999       38      0.00081  0.00081  0.50   98215      80   98176  4340124  44.19
1990-1999       39      0.00094  0.00094  0.50   98136      92   98090  4241948  43.23
1990-1999       40      0.00104  0.00104  0.50   98044     102   97992  4143859  42.27
1990-1999       41      0.00113  0.00113  0.50   97941     111   97886  4045866  41.31
1990-1999       42      0.00117  0.00117  0.50   97831     115   97773  3947980  40.36
1990-1999       43      0.00129  0.00129  0.50   97716     126   97653  3850207  39.40
1990-1999       44      0.00145  0.00145  0.50   97590     141   97519  3752554  38.45
1990-1999       45      0.00155  0.00155  0.50   97449     151   97373  3655035  37.51
1990-1999       46      0.00177  0.00177  0.50   97298     172   97212  3557662  36.56
1990-1999       47      0.00190  0.00189  0.50   97126     184   97034  3460450  35.63
1990-1999       48      0.00207  0.00207  0.50   96942     200   96842  3363416  34.70
1990-1999       49      0.00241  0.00241  0.50   96742     233   96625  3266573  33.77
1990-1999       50      0.00258  0.00258  0.50   96509     249   96384  3169948  32.85
1990-1999       51      0.00283  0.00283  0.50   96260     272   96124  3073564  31.93
1990-1999       52      0.00308  0.00308  0.50   95987     295   95840  2977440  31.02
1990-1999       53      0.00335  0.00334  0.50   95692     320   95532  2881601  30.11
1990-1999       54      0.00371  0.00370  0.50   95372     353   95195  2786069  29.21
1990-1999       55      0.00415  0.00415  0.50   95019     394   94822  2690873  28.32
1990-1999       56      0.00459  0.00458  0.50   94625     433   94408  2596051  27.44
1990-1999       57      0.00509  0.00508  0.50   94192     479   93952  2501643  26.56
1990-1999       58      0.00546  0.00544  0.50   93713     510   93458  2407691  25.69
1990-1999       59      0.00589  0.00588  0.50   93203     548   92929  2314233  24.83
1990-1999       60      0.00656  0.00654  0.50   92655     606   92353  2221304  23.97
1990-1999       61      0.00719  0.00717  0.50   92050     660   91720  2128951  23.13
1990-1999       62      0.00781  0.00778  0.50   91390     711   91035  2037231  22.29
1990-1999       63      0.00861  0.00857  0.50   90679     777   90290  1946197  21.46
1990-1999       64      0.00943  0.00939  0.50   89902     844   89480  1855906  20.64
1990-1999       65      0.01033  0.01028  0.50   89058     915   88600  1766426  19.83
1990-1999       66      0.01155  0.01148  0.50   88143    1012   87637  1677826  19.04
1990-1999       67      0.01249  0.01241  0.50   87131    1081   86590  1590189  18.25
1990-1999       68      0.01354  0.01345  0.50   86049    1157   85471  1503599  17.47
1990-1999       69      0.01520  0.01509  0.50   84892    1281   84252  1418128  16.71
1990-1999       70      0.01661  0.01647  0.50   83612    1377   82923  1333876  15.95
1990-1999       71      0.01835  0.01818  0.50   82234    1495   81487  1250953  15.21
1990-1999       72      0.02014  0.01994  0.50   80740    1610   79934  1169466  14.48
1990-1999       73      0.02224  0.02199  0.50   79129    1740   78259  1089532  13.77
1990-1999       74      0.02457  0.02427  0.50   77389    1878   76450  1011273  13.07
1990-1999       75      0.02742  0.02705  0.50   75511    2043   74489   934823  12.38
1990-1999       76      0.03062  0.03016  0.50   73468    2216   72360   860333  11.71
1990-1999       77      0.03407  0.03350  0.50   71252    2387   70059   787973  11.06
1990-1999       78      0.03798  0.03727  0.50   68865    2567   67582   717914  10.42
1990-1999       79      0.04350  0.04257  0.50   66299    2823   64887   650332   9.81
1990-1999       80      0.04895  0.04778  0.50   63476    3033   61959   585445   9.22
1990-1999       81      0.05440  0.05296  0.50   60443    3201   58842   523486   8.66
1990-1999       82      0.06091  0.05911  0.50   57242    3384   55550   464643   8.12
1990-1999       83      0.06874  0.06646  0.50   53859    3579   52069   409093   7.60
1990-1999       84      0.07764  0.07473  0.50   50279    3758   48400   357024   7.10
1990-1999       85      0.08619  0.08263  0.50   46522    3844   44600   308624   6.63
1990-1999       86      0.09606  0.09166  0.50   42678    3912   40722   264024   6.19
1990-1999       87      0.10797  0.10244  0.50   38766    3971   36780   223302   5.76
1990-1999       88      0.12032  0.11349  0.50   34794    3949   32820   186522   5.36
1990-1999       89      0.13588  0.12723  0.50   30846    3925   28883   153702   4.98
1990-1999       90      0.15105  0.14044  0.50   26921    3781   25031   124819   4.64
1990-1999       91      0.16870  0.15558  0.50   23140    3600   21340    99788   4.31
1990-1999       92      0.18529  0.16958  0.50   19540    3314   17883    78448   4.01
1990-1999       93      0.20787  0.18830  0.50   16227    3055   14699    60564   3.73
1990-1999       94      0.22646  0.20343  0.50   13171    2679   11831    45865   3.48
1990-1999       95      0.24911  0.22152  0.50   10492    2324    9330    34034   3.24
1990-1999       96      0.27325  0.24041  0.50    8168    1964    7186    24704   3.02
1990-1999       97      0.29881  0.25997  0.50    6204    1613    5398    17518   2.82
1990-1999       98      0.32568  0.28007  0.50    4591    1286    3948    12121   2.64
1990-1999       99      0.35374  0.30058  0.50    3305     994    2809     8172   2.47
1990-1999      100      0.38286  0.32134  0.50    2312     743    1940     5364   2.32
1990-1999      101      0.41284  0.34220  0.50    1569     537    1301     3423   2.18
1990-1999      102      0.44347  0.36299  0.50    1032     375     845     2123   2.06
1990-1999      103      0.47455  0.38354  0.50     657     252     531     1278   1.94
1990-1999      104      0.50582  0.40372  0.50     405     164     323      747   1.84
1990-1999      105      0.53705  0.42337  0.50     242     102     191      423   1.75
1990-1999      106      0.56799  0.44236  0.50     139      62     109      233   1.67
1990-1999      107      0.59841  0.46060  0.50      78      36      60      124   1.60
1990-1999      108      0.62809  0.47798  0.50      42      20      32       65   1.54
1990-1999      109      0.65683  0.49445  0.50      22      11      16       33   1.49
1990-1999      110+     0.68447  1.00000  1.46      11      11      16       16   1.46
2000-2009        0      0.00478  0.00476  0.14  100000     476   99590  8248589  82.49
2000-2009        1      0.00031  0.00031  0.50   99524      31   99508  8148999  81.88
2000-2009        2      0.00017  0.00017  0.50   99493      17   99484  8049490  80.91
2000-2009        3      0.00013  0.00013  0.50   99476      13   99469  7950006  79.92
2000-2009        4      0.00012  0.00012  0.50   99463      12   99456  7850537  78.93
2000-2009        5      0.00012  0.00012  0.50   99450      12   99444  7751080  77.94
2000-2009        6      0.00009  0.00009  0.50   99439       9   99434  7651636  76.95
2000-2009        7      0.00010  0.00010  0.50   99430      10   99425  7552202  75.95
2000-2009        8      0.00008  0.00008  0.50   99420       8   99416  7452777  74.96
2000-2009        9      0.00009  0.00009  0.50   99412       9   99407  7353361  73.97
2000-2009       10      0.00009  0.00009  0.50   99403       9   99398  7253953  72.98
2000-2009       11      0.00008  0.00008  0.50   99394       8   99390  7154555  71.98
2000-2009       12      0.00010  0.00010  0.50   99387      10   99381  7055165  70.99
2000-2009       13      0.00013  0.00013  0.50   99376      13   99370  6955783  69.99
2000-2009       14      0.00017  0.00017  0.50   99363      17   99355  6856413  69.00
2000-2009       15      0.00021  0.00021  0.50   99347      21   99336  6757058  68.02
2000-2009       16      0.00026  0.00026  0.50   99325      26   99312  6657722  67.03
2000-2009       17      0.00029  0.00029  0.50   99299      29   99285  6558410  66.05
2000-2009       18      0.00032  0.00032  0.50   99270      32   99254  6459125  65.07
2000-2009       19      0.00032  0.00032  0.50   99238      32   99223  6359871  64.09
2000-2009       20      0.00033  0.00033  0.50   99207      32   99191  6260648  63.11
2000-2009       21      0.00034  0.00034  0.50   99174      33   99158  6161458  62.13
2000-2009       22      0.00031  0.00031  0.50   99141      30   99126  6062300  61.15
2000-2009       23      0.00031  0.00031  0.50   99111      31   99095  5963174  60.17
2000-2009       24      0.00031  0.00031  0.50   99080      31   99064  5864079  59.19
2000-2009       25      0.00032  0.00032  0.50   99049      32   99033  5765015  58.20
2000-2009       26      0.00032  0.00032  0.50   99017      32   99001  5665982  57.22
2000-2009       27      0.00033  0.00033  0.50   98985      32   98969  5566981  56.24
2000-2009       28      0.00035  0.00035  0.50   98953      35   98935  5468012  55.26
2000-2009       29      0.00038  0.00038  0.50   98918      37   98899  5369076  54.28
2000-2009       30      0.00039  0.00039  0.50   98880      38   98861  5270177  53.30
2000-2009       31      0.00041  0.00041  0.50   98842      40   98822  5171316  52.32
2000-2009       32      0.00045  0.00045  0.50   98802      45   98779  5072494  51.34
2000-2009       33      0.00046  0.00046  0.50   98757      46   98734  4973714  50.36
2000-2009       34      0.00052  0.00052  0.50   98711      52   98685  4874981  49.39
2000-2009       35      0.00058  0.00058  0.50   98659      57   98631  4776295  48.41
2000-2009       36      0.00059  0.00059  0.50   98603      59   98573  4677665  47.44
2000-2009       37      0.00067  0.00067  0.50   98544      66   98511  4579091  46.47
2000-2009       38      0.00073  0.00073  0.50   98478      72   98442  4480580  45.50
2000-2009       39      0.00082  0.00082  0.50   98406      81   98366  4382138  44.53
2000-2009       40      0.00089  0.00089  0.50   98326      87   98282  4283772  43.57
2000-2009       41      0.00093  0.00093  0.50   98238      91   98193  4185490  42.61
2000-2009       42      0.00107  0.00107  0.50   98148     105   98095  4087297  41.64
2000-2009       43      0.00113  0.00113  0.50   98043     111   97988  3989202  40.69
2000-2009       44      0.00127  0.00127  0.50   97932     124   97870  3891214  39.73
2000-2009       45      0.00146  0.00146  0.50   97808     142   97737  3793344  38.78
2000-2009       46      0.00158  0.00157  0.50   97666     154   97589  3695607  37.84
2000-2009       47      0.00174  0.00173  0.50   97512     169   97428  3598017  36.90
2000-2009       48      0.00185  0.00185  0.50   97343     180   97253  3500590  35.96
2000-2009       49      0.00208  0.00208  0.50   97163     202   97062  3403337  35.03
2000-2009       50      0.00226  0.00226  0.50   96961     219   96851  3306275  34.10
2000-2009       51      0.00249  0.00248  0.50   96742     240   96622  3209423  33.18
2000-2009       52      0.00273  0.00273  0.50   96502     263   96370  3112802  32.26
2000-2009       53      0.00296  0.00295  0.50   96238     284   96096  3016432  31.34
2000-2009       54      0.00320  0.00320  0.50   95954     307   95801  2920336  30.43
2000-2009       55      0.00348  0.00347  0.50   95648     332   95482  2824535  29.53
2000-2009       56      0.00379  0.00378  0.50   95316     360   95136  2729053  28.63
2000-2009       57      0.00419  0.00418  0.50   94955     397   94757  2633918  27.74
2000-2009       58      0.00457  0.00456  0.50   94558     431   94343  2539161  26.85
2000-2009       59      0.00503  0.00502  0.50   94127     472   93891  2444818  25.97
2000-2009       60      0.00552  0.00550  0.50   93655     516   93397  2350927  25.10
2000-2009       61      0.00605  0.00604  0.50   93139     562   92858  2257530  24.24
2000-2009       62      0.00658  0.00656  0.50   92577     607   92273  2164672  23.38
2000-2009       63      0.00719  0.00716  0.50   91970     658   91641  2072398  22.53
2000-2009       64      0.00806  0.00802  0.50   91311     733   90945  1980758  21.69
2000-2009       65      0.00871  0.00867  0.50   90579     786   90186  1889813  20.86
2000-2009       66      0.00962  0.00957  0.50   89793     859   89363  1799627  20.04
2000-2009       67      0.01052  0.01047  0.50   88934     931   88468  1710264  19.23
2000-2009       68      0.01163  0.01156  0.50   88003    1017   87494  1621795  18.43
2000-2009       69      0.01272  0.01264  0.50   86986    1100   86436  1534301  17.64
2000-2009       70      0.01412  0.01402  0.50   85886    1204   85284  1447866  16.86
2000-2009       71      0.01552  0.01540  0.50   84682    1304   84030  1362582  16.09
2000-2009       72      0.01731  0.01716  0.50   83378    1431   82663  1278552  15.33
2000-2009       73      0.01893  0.01875  0.50   81948    1537   81179  1195889  14.59
2000-2009       74      0.02116  0.02094  0.50   80411    1683   79569  1114710  13.86
2000-2009       75      0.02329  0.02302  0.50   78727    1812   77821  1035141  13.15
2000-2009       76      0.02600  0.02566  0.50   76915    1974   75928   957320  12.45
2000-2009       77      0.02901  0.02860  0.50   74941    2143   73869   881392  11.76
2000-2009       78      0.03256  0.03203  0.50   72798    2332   71632   807523  11.09
2000-2009       79      0.03633  0.03568  0.50   70466    2514   69208   735891  10.44
2000-2009       80      0.04073  0.03992  0.50   67951    2712   66595   666683   9.81
2000-2009       81      0.04577  0.04475  0.50   65239    2919   63779   600088   9.20
2000-2009       82      0.05221  0.05088  0.50   62320    3171   60734   536308   8.61
2000-2009       83      0.05799  0.05636  0.50   59149    3333   57482   475574   8.04
2000-2009       84      0.06637  0.06424  0.50   55816    3585   54023   418092   7.49
2000-2009       85      0.07554  0.07279  0.50   52230    3802   50329   364069   6.97
2000-2009       86      0.08504  0.08157  0.50   48428    3950   46453   313740   6.48
2000-2009       87      0.09864  0.09401  0.50   44478    4181   42388   267286   6.01
2000-2009       88      0.11010  0.10436  0.50   40297    4205   38194   224899   5.58
2000-2009       89      0.12505  0.11769  0.50   36092    4248   33968   186705   5.17
2000-2009       90      0.13904  0.13000  0.50   31844    4140   29774   152737   4.80
2000-2009       91      0.15759  0.14608  0.50   27704    4047   25680   122963   4.44
2000-2009       92      0.17646  0.16215  0.50   23657    3836   21739    97282   4.11
2000-2009       93      0.19538  0.17799  0.50   19821    3528   18057    75544   3.81
2000-2009       94      0.21721  0.19593  0.50   16293    3192   14697    57487   3.53
2000-2009       95      0.24264  0.21639  0.50   13101    2835   11683    42790   3.27
2000-2009       96      0.26849  0.23671  0.50   10266    2430    9051    31106   3.03
2000-2009       97      0.29601  0.25785  0.50    7836    2020    6826    22056   2.81
2000-2009       98      0.32511  0.27965  0.50    5815    1626    5002    15230   2.62
2000-2009       99      0.35561  0.30193  0.50    4189    1265    3557    10228   2.44
2000-2009      100      0.38734  0.32450  0.50    2924     949    2450     6671   2.28
2000-2009      101      0.42005  0.34714  0.50    1975     686    1632     4221   2.14
2000-2009      102      0.45348  0.36966  0.50    1290     477    1051     2589   2.01
2000-2009      103      0.48734  0.39186  0.50     813     319     654     1537   1.89
2000-2009      104      0.52131  0.41352  0.50     494     204     392      884   1.79
2000-2009      105      0.55509  0.43449  0.50     290     126     227      492   1.70
2000-2009      106      0.58836  0.45462  0.50     164      75     127      265   1.61
2000-2009      107      0.62085  0.47377  0.50      89      42      68      138   1.54
2000-2009      108      0.65228  0.49186  0.50      47      23      35       70   1.48
2000-2009      109      0.68245  0.50882  0.50      24      12      18       34   1.44
2000-2009      110+     0.71115  1.00000  1.41      12      12      17       17   1.41
2010-2011        0      0.00443  0.00441  0.14  100000     441   99621  8360336  83.60
2010-2011        1      0.00027  0.00027  0.50   99559      27   99546  8260715  82.97
2010-2011        2      0.00015  0.00015  0.50   99532      15   99525  8161170  82.00
2010-2011        3      0.00010  0.00010  0.50   99517      10   99512  8061645  81.01
2010-2011        4      0.00011  0.00011  0.50   99507      11   99502  7962133  80.02
2010-2011        5      0.00008  0.00008  0.50   99497       8   99492  7862631  79.02
2010-2011        6      0.00007  0.00007  0.50   99488       7   99485  7763139  78.03
2010-2011        7      0.00009  0.00009  0.50   99481       9   99477  7663654  77.04
2010-2011        8      0.00008  0.00008  0.50   99473       8   99469  7564177  76.04
2010-2011        9      0.00009  0.00009  0.50   99465       9   99460  7464708  75.05
2010-2011       10      0.00008  0.00008  0.50   99456       8   99452  7365248  74.06
2010-2011       11      0.00006  0.00006  0.50   99448       6   99445  7265796  73.06
2010-2011       12      0.00008  0.00008  0.50   99442       8   99438  7166351  72.07
2010-2011       13      0.00012  0.00012  0.50   99434      12   99428  7066913  71.07
2010-2011       14      0.00014  0.00014  0.50   99421      14   99414  6967486  70.08
2010-2011       15      0.00017  0.00017  0.50   99407      17   99399  6868071  69.09
2010-2011       16      0.00020  0.00020  0.50   99391      20   99381  6768672  68.10
2010-2011       17      0.00023  0.00023  0.50   99371      23   99359  6669292  67.12
2010-2011       18      0.00028  0.00028  0.50   99348      27   99334  6569933  66.13
2010-2011       19      0.00034  0.00034  0.50   99320      33   99303  6470599  65.15
2010-2011       20      0.00029  0.00029  0.50   99287      29   99272  6371295  64.17
2010-2011       21      0.00026  0.00026  0.50   99258      26   99245  6272023  63.19
2010-2011       22      0.00032  0.00032  0.50   99233      32   99217  6172777  62.21
2010-2011       23      0.00033  0.00033  0.50   99201      33   99185  6073561  61.22
2010-2011       24      0.00032  0.00032  0.50   99168      31   99153  5974376  60.24
2010-2011       25      0.00032  0.00032  0.50   99137      32   99121  5875223  59.26
2010-2011       26      0.00028  0.00028  0.50   99105      27   99092  5776102  58.28
2010-2011       27      0.00030  0.00030  0.50   99078      29   99063  5677010  57.30
2010-2011       28      0.00030  0.00030  0.50   99048      30   99033  5577947  56.32
2010-2011       29      0.00040  0.00040  0.50   99018      40   98998  5478914  55.33
2010-2011       30      0.00036  0.00036  0.50   98979      36   98960  5379916  54.35
2010-2011       31      0.00041  0.00041  0.50   98942      40   98922  5280955  53.37
2010-2011       32      0.00041  0.00041  0.50   98902      41   98882  5182033  52.40
2010-2011       33      0.00048  0.00048  0.50   98862      48   98838  5083151  51.42
2010-2011       34      0.00051  0.00051  0.50   98814      50   98789  4984313  50.44
2010-2011       35      0.00050  0.00050  0.50   98763      50   98739  4885524  49.47
2010-2011       36      0.00056  0.00056  0.50   98714      55   98686  4786786  48.49
2010-2011       37      0.00060  0.00060  0.50   98658      60   98629  4688100  47.52
2010-2011       38      0.00064  0.00064  0.50   98599      63   98567  4589471  46.55
2010-2011       39      0.00066  0.00066  0.50   98536      65   98503  4490904  45.58
2010-2011       40      0.00078  0.00078  0.50   98471      77   98432  4392401  44.61
2010-2011       41      0.00081  0.00081  0.50   98394      80   98354  4293968  43.64
2010-2011       42      0.00093  0.00093  0.50   98314      92   98268  4195614  42.68
2010-2011       43      0.00104  0.00104  0.50   98223     102   98172  4097346  41.71
2010-2011       44      0.00115  0.00114  0.50   98121     112   98065  3999174  40.76
2010-2011       45      0.00124  0.00124  0.50   98008     121   97948  3901110  39.80
2010-2011       46      0.00145  0.00144  0.50   97887     141   97817  3803162  38.85
2010-2011       47      0.00163  0.00162  0.50   97746     159   97667  3705345  37.91
2010-2011       48      0.00164  0.00164  0.50   97587     160   97507  3607678  36.97
2010-2011       49      0.00179  0.00179  0.50   97427     174   97340  3510171  36.03
2010-2011       50      0.00211  0.00211  0.50   97253     205   97151  3412831  35.09
2010-2011       51      0.00229  0.00229  0.50   97048     222   96937  3315681  34.17
2010-2011       52      0.00250  0.00250  0.50   96826     242   96705  3218744  33.24
2010-2011       53      0.00279  0.00279  0.50   96584     269   96449  3122039  32.32
2010-2011       54      0.00304  0.00304  0.50   96314     293   96168  3025590  31.41
2010-2011       55      0.00314  0.00314  0.50   96022     301   95871  2929422  30.51
2010-2011       56      0.00349  0.00348  0.50   95721     333   95554  2833551  29.60
2010-2011       57      0.00392  0.00392  0.50   95387     374   95201  2737997  28.70
2010-2011       58      0.00409  0.00409  0.50   95014     388   94820  2642796  27.81
2010-2011       59      0.00457  0.00456  0.50   94626     432   94410  2547977  26.93
2010-2011       60      0.00485  0.00483  0.50   94194     455   93966  2453567  26.05
2010-2011       61      0.00538  0.00537  0.50   93739     503   93487  2359601  25.17
2010-2011       62      0.00553  0.00552  0.50   93235     514   92978  2266114  24.31
2010-2011       63      0.00632  0.00630  0.50   92721     584   92429  2173135  23.44
2010-2011       64      0.00701  0.00698  0.50   92137     643   91815  2080706  22.58
2010-2011       65      0.00778  0.00775  0.50   91494     709   91139  1988891  21.74
2010-2011       66      0.00863  0.00859  0.50   90785     780   90395  1897752  20.90
2010-2011       67      0.00937  0.00933  0.50   90005     840   89585  1807357  20.08
2010-2011       68      0.01025  0.01020  0.50   89165     909   88710  1717772  19.27
2010-2011       69      0.01123  0.01116  0.50   88256     985   87763  1629062  18.46
2010-2011       70      0.01285  0.01277  0.50   87271    1114   86714  1541299  17.66
2010-2011       71      0.01365  0.01356  0.50   86156    1168   85573  1454585  16.88
2010-2011       72      0.01506  0.01495  0.50   84989    1271   84353  1369012  16.11
2010-2011       73      0.01619  0.01606  0.50   83718    1344   83046  1284659  15.35
2010-2011       74      0.01856  0.01839  0.50   82374    1515   81616  1201613  14.59
2010-2011       75      0.02005  0.01985  0.50   80859    1605   80056  1119997  13.85
2010-2011       76      0.02260  0.02235  0.50   79254    1771   78368  1039941  13.12
2010-2011       77      0.02544  0.02512  0.50   77483    1947   76509   961572  12.41
2010-2011       78      0.02903  0.02862  0.50   75536    2162   74455   885063  11.72
2010-2011       79      0.03222  0.03171  0.50   73374    2326   72211   810608  11.05
2010-2011       80      0.03644  0.03579  0.50   71048    2543   69777   738397  10.39
2010-2011       81      0.03940  0.03864  0.50   68505    2647   67182   668620   9.76
2010-2011       82      0.04562  0.04461  0.50   65858    2938   64389   601439   9.13
2010-2011       83      0.05178  0.05048  0.50   62920    3176   61332   537049   8.54
2010-2011       84      0.05791  0.05628  0.50   59744    3363   58063   475717   7.96
2010-2011       85      0.06635  0.06422  0.50   56382    3621   54571   417654   7.41
2010-2011       86      0.07445  0.07178  0.50   52761    3787   50867   363083   6.88
2010-2011       87      0.08485  0.08139  0.50   48974    3986   46981   312215   6.38
2010-2011       88      0.09734  0.09282  0.50   44988    4176   42900   265234   5.90
2010-2011       89      0.11071  0.10491  0.50   40812    4281   38671   222335   5.45
2010-2011       90      0.13018  0.12223  0.50   36530    4465   34298   183664   5.03
2010-2011       91      0.14719  0.13710  0.50   32066    4396   29867   149366   4.66
2010-2011       92      0.16073  0.14878  0.50   27669    4117   25611   119498   4.32
2010-2011       93      0.18241  0.16716  0.50   23553    3937   21584    93887   3.99
2010-2011       94      0.20421  0.18529  0.50   19616    3635   17798    72303   3.69
2010-2011       95      0.22693  0.20381  0.50   15981    3257   14352    54504   3.41
2010-2011       96      0.25252  0.22421  0.50   12724    2853   11298    40152   3.16
2010-2011       97      0.27995  0.24557  0.50    9871    2424    8659    28854   2.92
2010-2011       98      0.30912  0.26774  0.50    7447    1994    6450    20195   2.71
2010-2011       99      0.33990  0.29052  0.50    5453    1584    4661    13745   2.52
2010-2011      100      0.37209  0.31372  0.50    3869    1214    3262     9084   2.35
2010-2011      101      0.40546  0.33711  0.50    2655     895    2208     5822   2.19
2010-2011      102      0.43972  0.36047  0.50    1760     634    1443     3615   2.05
2010-2011      103      0.47457  0.38356  0.50    1126     432     910     2172   1.93
2010-2011      104      0.50967  0.40616  0.50     694     282     553     1262   1.82
2010-2011      105      0.54467  0.42809  0.50     412     176     324      709   1.72
2010-2011      106      0.57924  0.44916  0.50     236     106     183      385   1.63
2010-2011      107      0.61305  0.46922  0.50     130      61      99      202   1.56
2010-2011      108      0.64580  0.48817  0.50      69      34      52      103   1.50
2010-2011      109      0.67724  0.50592  0.50      35      18      26       51   1.45
2010-2011      110+     0.70716  1.00000  1.41      17      17      25       25   1.41
