Czechia, Life tables (period 1x10), Females	Last modified: 23 Feb 2018, MPv6 (Nov17)

  Year          Age         mx       qx    ax      lx      dx      Lx       Tx     ex
1950-1959        0      0.03259  0.03174  0.17  100000    3174   97376  7038995  70.39
1950-1959        1      0.00304  0.00303  0.50   96826     294   96679  6941619  71.69
1950-1959        2      0.00158  0.00158  0.50   96532     152   96456  6844940  70.91
1950-1959        3      0.00101  0.00101  0.50   96380      97   96331  6748484  70.02
1950-1959        4      0.00076  0.00076  0.50   96283      73   96246  6652153  69.09
1950-1959        5      0.00057  0.00057  0.50   96210      55   96182  6555906  68.14
1950-1959        6      0.00049  0.00049  0.50   96155      47   96131  6459724  67.18
1950-1959        7      0.00047  0.00047  0.50   96107      45   96085  6363593  66.21
1950-1959        8      0.00036  0.00036  0.50   96062      35   96045  6267508  65.24
1950-1959        9      0.00034  0.00034  0.50   96027      33   96011  6171463  64.27
1950-1959       10      0.00035  0.00035  0.50   95995      34   95978  6075452  63.29
1950-1959       11      0.00037  0.00037  0.50   95961      35   95943  5979475  62.31
1950-1959       12      0.00041  0.00041  0.50   95926      40   95906  5883531  61.33
1950-1959       13      0.00043  0.00043  0.50   95886      41   95865  5787626  60.36
1950-1959       14      0.00045  0.00045  0.50   95845      44   95823  5691760  59.39
1950-1959       15      0.00050  0.00050  0.50   95801      48   95777  5595937  58.41
1950-1959       16      0.00056  0.00056  0.50   95753      54   95727  5500160  57.44
1950-1959       17      0.00067  0.00067  0.50   95700      64   95667  5404434  56.47
1950-1959       18      0.00075  0.00075  0.50   95635      72   95599  5308766  55.51
1950-1959       19      0.00079  0.00079  0.50   95564      75   95526  5213167  54.55
1950-1959       20      0.00079  0.00079  0.50   95488      76   95451  5117641  53.59
1950-1959       21      0.00090  0.00090  0.50   95413      86   95370  5022190  52.64
1950-1959       22      0.00090  0.00090  0.50   95327      86   95284  4926820  51.68
1950-1959       23      0.00101  0.00101  0.50   95241      96   95193  4831536  50.73
1950-1959       24      0.00090  0.00090  0.50   95145      86   95102  4736343  49.78
1950-1959       25      0.00106  0.00106  0.50   95059     101   95009  4641241  48.82
1950-1959       26      0.00107  0.00107  0.50   94958     102   94907  4546233  47.88
1950-1959       27      0.00109  0.00109  0.50   94856     104   94805  4451326  46.93
1950-1959       28      0.00104  0.00104  0.50   94753      99   94703  4356521  45.98
1950-1959       29      0.00112  0.00112  0.50   94654     106   94601  4261818  45.03
1950-1959       30      0.00125  0.00125  0.50   94548     118   94490  4167216  44.07
1950-1959       31      0.00130  0.00130  0.50   94431     123   94369  4072727  43.13
1950-1959       32      0.00128  0.00128  0.50   94308     121   94247  3978358  42.18
1950-1959       33      0.00138  0.00138  0.50   94187     130   94122  3884110  41.24
1950-1959       34      0.00146  0.00146  0.50   94057     137   93988  3789989  40.29
1950-1959       35      0.00163  0.00163  0.50   93920     153   93844  3696000  39.35
1950-1959       36      0.00174  0.00174  0.50   93767     163   93686  3602157  38.42
1950-1959       37      0.00178  0.00178  0.50   93604     167   93521  3508471  37.48
1950-1959       38      0.00203  0.00203  0.50   93437     190   93342  3414950  36.55
1950-1959       39      0.00224  0.00224  0.50   93248     209   93143  3321608  35.62
1950-1959       40      0.00237  0.00237  0.50   93039     220   92929  3228465  34.70
1950-1959       41      0.00248  0.00248  0.50   92818     230   92703  3135536  33.78
1950-1959       42      0.00270  0.00270  0.50   92588     250   92463  3042833  32.86
1950-1959       43      0.00294  0.00294  0.50   92338     271   92202  2950370  31.95
1950-1959       44      0.00302  0.00302  0.50   92067     278   91928  2858167  31.04
1950-1959       45      0.00343  0.00342  0.50   91789     314   91632  2766239  30.14
1950-1959       46      0.00358  0.00358  0.50   91475     327   91311  2674607  29.24
1950-1959       47      0.00389  0.00389  0.50   91148     354   90970  2583296  28.34
1950-1959       48      0.00426  0.00425  0.50   90793     386   90600  2492326  27.45
1950-1959       49      0.00485  0.00483  0.50   90408     437   90189  2401725  26.57
1950-1959       50      0.00515  0.00514  0.50   89971     462   89739  2311536  25.69
1950-1959       51      0.00572  0.00570  0.50   89508     510   89253  2221797  24.82
1950-1959       52      0.00604  0.00603  0.50   88998     536   88729  2132544  23.96
1950-1959       53      0.00685  0.00683  0.50   88461     604   88159  2043814  23.10
1950-1959       54      0.00740  0.00738  0.50   87857     648   87533  1955655  22.26
1950-1959       55      0.00809  0.00805  0.50   87209     702   86858  1868122  21.42
1950-1959       56      0.00899  0.00895  0.50   86506     774   86119  1781265  20.59
1950-1959       57      0.00959  0.00954  0.50   85732     818   85323  1695145  19.77
1950-1959       58      0.01037  0.01031  0.50   84914     876   84477  1609822  18.96
1950-1959       59      0.01186  0.01179  0.50   84039     991   83543  1525345  18.15
1950-1959       60      0.01295  0.01287  0.50   83048    1069   82513  1441802  17.36
1950-1959       61      0.01466  0.01456  0.50   81979    1193   81382  1359289  16.58
1950-1959       62      0.01622  0.01609  0.50   80786    1300   80136  1277906  15.82
1950-1959       63      0.01771  0.01755  0.50   79486    1395   78788  1197771  15.07
1950-1959       64      0.02011  0.01991  0.50   78091    1555   77313  1118982  14.33
1950-1959       65      0.02278  0.02252  0.50   76536    1724   75674  1041669  13.61
1950-1959       66      0.02511  0.02480  0.50   74812    1855   73885   965995  12.91
1950-1959       67      0.02865  0.02825  0.50   72957    2061   71927   892111  12.23
1950-1959       68      0.03195  0.03145  0.50   70896    2229   69781   820184  11.57
1950-1959       69      0.03585  0.03522  0.50   68667    2418   67458   750402  10.93
1950-1959       70      0.04070  0.03989  0.50   66248    2643   64927   682945  10.31
1950-1959       71      0.04530  0.04429  0.50   63606    2817   62197   618018   9.72
1950-1959       72      0.05133  0.05005  0.50   60789    3042   59267   555820   9.14
1950-1959       73      0.05669  0.05513  0.50   57746    3183   56155   496553   8.60
1950-1959       74      0.06358  0.06162  0.50   54563    3362   52882   440398   8.07
1950-1959       75      0.07091  0.06848  0.50   51200    3506   49447   387517   7.57
1950-1959       76      0.07947  0.07643  0.50   47694    3645   45871   338069   7.09
1950-1959       77      0.08857  0.08482  0.50   44049    3736   42181   292198   6.63
1950-1959       78      0.09946  0.09475  0.50   40313    3820   38403   250017   6.20
1950-1959       79      0.11091  0.10508  0.50   36493    3835   34576   211614   5.80
1950-1959       80      0.12363  0.11643  0.50   32658    3802   30757   177039   5.42
1950-1959       81      0.13532  0.12674  0.50   28856    3657   27027   146281   5.07
1950-1959       82      0.14968  0.13926  0.50   25199    3509   23444   119254   4.73
1950-1959       83      0.16685  0.15400  0.50   21689    3340   20019    95810   4.42
1950-1959       84      0.18182  0.16667  0.50   18349    3058   16820    75791   4.13
1950-1959       85      0.19877  0.18080  0.50   15291    2765   13909    58971   3.86
1950-1959       86      0.22043  0.19854  0.50   12526    2487   11283    45062   3.60
1950-1959       87      0.23902  0.21351  0.50   10039    2143    8968    33779   3.36
1950-1959       88      0.26123  0.23105  0.50    7896    1824    6984    24811   3.14
1950-1959       89      0.29099  0.25403  0.50    6072    1542    5300    17828   2.94
1950-1959       90      0.30802  0.26691  0.50    4529    1209    3925    12527   2.77
1950-1959       91      0.33485  0.28683  0.50    3320     952    2844     8603   2.59
1950-1959       92      0.36097  0.30578  0.50    2368     724    2006     5759   2.43
1950-1959       93      0.40629  0.33769  0.50    1644     555    1366     3753   2.28
1950-1959       94      0.40799  0.33886  0.50    1089     369     904     2386   2.19
1950-1959       95      0.44549  0.36434  0.50     720     262     589     1482   2.06
1950-1959       96      0.47441  0.38346  0.50     458     175     370      893   1.95
1950-1959       97      0.50351  0.40224  0.50     282     113     225      524   1.86
1950-1959       98      0.53258  0.42058  0.50     169      71     133      298   1.77
1950-1959       99      0.56143  0.43837  0.50      98      43      76      165   1.69
1950-1959      100      0.58987  0.45552  0.50      55      25      42       89   1.62
1950-1959      101      0.61772  0.47195  0.50      30      14      23       46   1.55
1950-1959      102      0.64482  0.48761  0.50      16       8      12       24   1.50
1950-1959      103      0.67102  0.50245  0.50       8       4       6       12   1.44
1950-1959      104      0.69620  0.51643  0.50       4       2       3        6   1.40
1950-1959      105      0.72026  0.52955  0.50       2       1       1        3   1.36
1950-1959      106      0.74311  0.54180  0.50       1       0       1        1   1.32
1950-1959      107      0.76471  0.55319  0.50       0       0       0        1   1.28
1950-1959      108      0.78501  0.56374  0.50       0       0       0        0   1.26
1950-1959      109      0.80402  0.57347  0.50       0       0       0        0   1.23
1950-1959      110+     0.82172  1.00000  1.22       0       0       0        0   1.22
1960-1969        0      0.01823  0.01794  0.12  100000    1794   98416  7339331  73.39
1960-1969        1      0.00133  0.00133  0.50   98206     130   98141  7240914  73.73
1960-1969        2      0.00074  0.00074  0.50   98076      73   98039  7142774  72.83
1960-1969        3      0.00057  0.00057  0.50   98003      56   97975  7044734  71.88
1960-1969        4      0.00048  0.00048  0.50   97947      47   97923  6946759  70.92
1960-1969        5      0.00042  0.00042  0.50   97900      41   97879  6848836  69.96
1960-1969        6      0.00040  0.00040  0.50   97859      39   97840  6750956  68.99
1960-1969        7      0.00032  0.00032  0.50   97820      31   97805  6653117  68.01
1960-1969        8      0.00030  0.00030  0.50   97789      29   97774  6555312  67.04
1960-1969        9      0.00027  0.00027  0.50   97760      26   97747  6457538  66.06
1960-1969       10      0.00026  0.00026  0.50   97734      26   97721  6359791  65.07
1960-1969       11      0.00026  0.00026  0.50   97708      25   97696  6262070  64.09
1960-1969       12      0.00024  0.00024  0.50   97683      23   97671  6164374  63.11
1960-1969       13      0.00026  0.00026  0.50   97660      26   97647  6066703  62.12
1960-1969       14      0.00032  0.00032  0.50   97634      31   97619  5969056  61.14
1960-1969       15      0.00037  0.00037  0.50   97603      36   97585  5871437  60.16
1960-1969       16      0.00047  0.00047  0.50   97567      46   97544  5773852  59.18
1960-1969       17      0.00049  0.00049  0.50   97521      47   97497  5676308  58.21
1960-1969       18      0.00059  0.00058  0.50   97474      57   97445  5578811  57.23
1960-1969       19      0.00054  0.00054  0.50   97417      53   97390  5481366  56.27
1960-1969       20      0.00053  0.00053  0.50   97364      52   97338  5383976  55.30
1960-1969       21      0.00050  0.00050  0.50   97312      49   97287  5286638  54.33
1960-1969       22      0.00053  0.00053  0.50   97263      52   97237  5189351  53.35
1960-1969       23      0.00058  0.00058  0.50   97211      56   97183  5092114  52.38
1960-1969       24      0.00056  0.00056  0.50   97155      54   97127  4994931  51.41
1960-1969       25      0.00061  0.00061  0.50   97100      60   97070  4897804  50.44
1960-1969       26      0.00061  0.00061  0.50   97041      59   97011  4800733  49.47
1960-1969       27      0.00063  0.00063  0.50   96982      61   96951  4703722  48.50
1960-1969       28      0.00061  0.00061  0.50   96920      59   96891  4606771  47.53
1960-1969       29      0.00076  0.00076  0.50   96862      73   96825  4509880  46.56
1960-1969       30      0.00074  0.00074  0.50   96788      71   96753  4413055  45.59
1960-1969       31      0.00081  0.00081  0.50   96717      78   96678  4316303  44.63
1960-1969       32      0.00088  0.00088  0.50   96639      85   96597  4219625  43.66
1960-1969       33      0.00094  0.00094  0.50   96554      91   96509  4123028  42.70
1960-1969       34      0.00103  0.00103  0.50   96463      99   96414  4026519  41.74
1960-1969       35      0.00110  0.00110  0.50   96364     106   96311  3930106  40.78
1960-1969       36      0.00127  0.00127  0.50   96258     122   96197  3833795  39.83
1960-1969       37      0.00136  0.00136  0.50   96136     131   96070  3737598  38.88
1960-1969       38      0.00132  0.00132  0.50   96005     127   95942  3641528  37.93
1960-1969       39      0.00158  0.00157  0.50   95878     151   95803  3545586  36.98
1960-1969       40      0.00169  0.00169  0.50   95727     162   95646  3449783  36.04
1960-1969       41      0.00188  0.00188  0.50   95565     180   95475  3354137  35.10
1960-1969       42      0.00199  0.00199  0.50   95385     190   95290  3258662  34.16
1960-1969       43      0.00217  0.00217  0.50   95196     206   95093  3163371  33.23
1960-1969       44      0.00249  0.00249  0.50   94989     236   94871  3068279  32.30
1960-1969       45      0.00285  0.00284  0.50   94753     269   94619  2973407  31.38
1960-1969       46      0.00297  0.00297  0.50   94484     280   94344  2878788  30.47
1960-1969       47      0.00309  0.00308  0.50   94204     291   94059  2784444  29.56
1960-1969       48      0.00362  0.00361  0.50   93913     339   93744  2690386  28.65
1960-1969       49      0.00391  0.00391  0.50   93574     366   93391  2596642  27.75
1960-1969       50      0.00421  0.00420  0.50   93209     392   93013  2503251  26.86
1960-1969       51      0.00471  0.00470  0.50   92817     436   92599  2410238  25.97
1960-1969       52      0.00524  0.00522  0.50   92381     483   92139  2317639  25.09
1960-1969       53      0.00569  0.00567  0.50   91898     521   91637  2225500  24.22
1960-1969       54      0.00610  0.00608  0.50   91377     555   91099  2133862  23.35
1960-1969       55      0.00670  0.00668  0.50   90821     607   90518  2042763  22.49
1960-1969       56      0.00744  0.00741  0.50   90215     668   89880  1952245  21.64
1960-1969       57      0.00817  0.00814  0.50   89546     729   89182  1862365  20.80
1960-1969       58      0.00899  0.00895  0.50   88817     795   88420  1773183  19.96
1960-1969       59      0.01024  0.01019  0.50   88022     897   87574  1684764  19.14
1960-1969       60      0.01118  0.01112  0.50   87125     969   86641  1597190  18.33
1960-1969       61      0.01250  0.01242  0.50   86156    1070   85621  1510549  17.53
1960-1969       62      0.01370  0.01361  0.50   85086    1158   84507  1424928  16.75
1960-1969       63      0.01533  0.01521  0.50   83928    1277   83290  1340421  15.97
1960-1969       64      0.01719  0.01704  0.50   82651    1409   81947  1257131  15.21
1960-1969       65      0.01928  0.01909  0.50   81243    1551   80467  1175185  14.47
1960-1969       66      0.02192  0.02169  0.50   79691    1728   78827  1094718  13.74
1960-1969       67      0.02456  0.02426  0.50   77963    1892   77017  1015890  13.03
1960-1969       68      0.02727  0.02690  0.50   76071    2047   75048   938873  12.34
1960-1969       69      0.03071  0.03024  0.50   74025    2239   72905   863825  11.67
1960-1969       70      0.03455  0.03396  0.50   71786    2438   70567   790919  11.02
1960-1969       71      0.03932  0.03856  0.50   69348    2674   68011   720352  10.39
1960-1969       72      0.04432  0.04336  0.50   66674    2891   65228   652341   9.78
1960-1969       73      0.04911  0.04793  0.50   63783    3057   62254   587113   9.20
1960-1969       74      0.05583  0.05432  0.50   60725    3298   59076   524859   8.64
1960-1969       75      0.06326  0.06132  0.50   57427    3522   55666   465783   8.11
1960-1969       76      0.06912  0.06681  0.50   53905    3602   52105   410117   7.61
1960-1969       77      0.07897  0.07597  0.50   50304    3822   48393   358012   7.12
1960-1969       78      0.08644  0.08286  0.50   46482    3852   44557   309619   6.66
1960-1969       79      0.09712  0.09262  0.50   42631    3948   40657   265062   6.22
1960-1969       80      0.10921  0.10355  0.50   38682    4006   36679   224406   5.80
1960-1969       81      0.12246  0.11540  0.50   34677    4002   32676   187726   5.41
1960-1969       82      0.13653  0.12781  0.50   30675    3921   28715   155050   5.05
1960-1969       83      0.15121  0.14058  0.50   26754    3761   24874   126336   4.72
1960-1969       84      0.16614  0.15340  0.50   22993    3527   21230   101462   4.41
1960-1969       85      0.18462  0.16902  0.50   19466    3290   17821    80232   4.12
1960-1969       86      0.20100  0.18265  0.50   16176    2954   14699    62411   3.86
1960-1969       87      0.22136  0.19930  0.50   13222    2635   11904    47712   3.61
1960-1969       88      0.24074  0.21487  0.50   10587    2275    9449    35808   3.38
1960-1969       89      0.26255  0.23208  0.50    8312    1929    7347    26359   3.17
1960-1969       90      0.28162  0.24686  0.50    6383    1576    5595    19012   2.98
1960-1969       91      0.30135  0.26189  0.50    4807    1259    4178    13417   2.79
1960-1969       92      0.34065  0.29107  0.50    3548    1033    3032     9239   2.60
1960-1969       93      0.35994  0.30504  0.50    2515     767    2132     6207   2.47
1960-1969       94      0.37408  0.31514  0.50    1748     551    1473     4076   2.33
1960-1969       95      0.41734  0.34529  0.50    1197     413     991     2603   2.17
1960-1969       96      0.44594  0.36464  0.50     784     286     641     1612   2.06
1960-1969       97      0.47491  0.38378  0.50     498     191     402      972   1.95
1960-1969       98      0.50405  0.40259  0.50     307     124     245      569   1.85
1960-1969       99      0.53316  0.42095  0.50     183      77     145      324   1.77
1960-1969      100      0.56205  0.43875  0.50     106      47      83      179   1.69
1960-1969      101      0.59052  0.45591  0.50      60      27      46       96   1.62
1960-1969      102      0.61840  0.47235  0.50      32      15      25       50   1.55
1960-1969      103      0.64552  0.48801  0.50      17       8      13       26   1.49
1960-1969      104      0.67174  0.50285  0.50       9       4       7       13   1.44
1960-1969      105      0.69693  0.51683  0.50       4       2       3        6   1.40
1960-1969      106      0.72098  0.52994  0.50       2       1       2        3   1.35
1960-1969      107      0.74383  0.54219  0.50       1       1       1        1   1.32
1960-1969      108      0.76542  0.55357  0.50       0       0       0        1   1.29
1960-1969      109      0.78571  0.56410  0.50       0       0       0        0   1.26
1960-1969      110+     0.80470  1.00000  1.24       0       0       0        0   1.24
1970-1979        0      0.01623  0.01600  0.12  100000    1600   98585  7383452  73.83
1970-1979        1      0.00084  0.00084  0.50   98400      82   98358  7284867  74.03
1970-1979        2      0.00054  0.00054  0.50   98317      53   98291  7186508  73.10
1970-1979        3      0.00043  0.00043  0.50   98264      42   98243  7088218  72.13
1970-1979        4      0.00041  0.00041  0.50   98222      40   98202  6989975  71.16
1970-1979        5      0.00036  0.00036  0.50   98182      35   98164  6891772  70.19
1970-1979        6      0.00034  0.00034  0.50   98146      33   98130  6793608  69.22
1970-1979        7      0.00031  0.00031  0.50   98113      30   98098  6695478  68.24
1970-1979        8      0.00023  0.00023  0.50   98083      22   98072  6597380  67.26
1970-1979        9      0.00022  0.00022  0.50   98061      22   98050  6499308  66.28
1970-1979       10      0.00021  0.00021  0.50   98039      20   98029  6401258  65.29
1970-1979       11      0.00023  0.00023  0.50   98019      23   98008  6303229  64.31
1970-1979       12      0.00021  0.00021  0.50   97996      21   97986  6205222  63.32
1970-1979       13      0.00024  0.00024  0.50   97976      23   97964  6107236  62.33
1970-1979       14      0.00026  0.00026  0.50   97952      26   97939  6009272  61.35
1970-1979       15      0.00033  0.00033  0.50   97926      32   97910  5911333  60.37
1970-1979       16      0.00041  0.00041  0.50   97894      40   97874  5813423  59.38
1970-1979       17      0.00049  0.00049  0.50   97854      48   97830  5715549  58.41
1970-1979       18      0.00046  0.00046  0.50   97806      45   97783  5617719  57.44
1970-1979       19      0.00050  0.00050  0.50   97761      49   97736  5519935  56.46
1970-1979       20      0.00048  0.00048  0.50   97712      47   97688  5422199  55.49
1970-1979       21      0.00049  0.00049  0.50   97665      47   97641  5324510  54.52
1970-1979       22      0.00045  0.00045  0.50   97617      44   97596  5226869  53.54
1970-1979       23      0.00049  0.00049  0.50   97574      48   97550  5129274  52.57
1970-1979       24      0.00049  0.00049  0.50   97526      48   97502  5031724  51.59
1970-1979       25      0.00056  0.00056  0.50   97478      55   97450  4934222  50.62
1970-1979       26      0.00052  0.00052  0.50   97423      51   97398  4836772  49.65
1970-1979       27      0.00054  0.00054  0.50   97372      53   97346  4739374  48.67
1970-1979       28      0.00058  0.00058  0.50   97319      56   97291  4642028  47.70
1970-1979       29      0.00061  0.00061  0.50   97263      60   97233  4544737  46.73
1970-1979       30      0.00064  0.00064  0.50   97203      62   97172  4447504  45.75
1970-1979       31      0.00070  0.00070  0.50   97141      68   97108  4350331  44.78
1970-1979       32      0.00073  0.00073  0.50   97074      71   97038  4253224  43.81
1970-1979       33      0.00082  0.00082  0.50   97002      79   96963  4156186  42.85
1970-1979       34      0.00085  0.00085  0.50   96923      82   96882  4059223  41.88
1970-1979       35      0.00094  0.00094  0.50   96841      91   96795  3962341  40.92
1970-1979       36      0.00101  0.00101  0.50   96750      98   96701  3865545  39.95
1970-1979       37      0.00122  0.00122  0.50   96652     118   96593  3768845  38.99
1970-1979       38      0.00122  0.00122  0.50   96534     118   96475  3672252  38.04
1970-1979       39      0.00138  0.00138  0.50   96416     133   96349  3575777  37.09
1970-1979       40      0.00148  0.00148  0.50   96283     142   96212  3479427  36.14
1970-1979       41      0.00181  0.00181  0.50   96141     174   96054  3383215  35.19
1970-1979       42      0.00197  0.00197  0.50   95967     189   95872  3287162  34.25
1970-1979       43      0.00214  0.00214  0.50   95777     205   95675  3191290  33.32
1970-1979       44      0.00229  0.00229  0.50   95572     219   95463  3095615  32.39
1970-1979       45      0.00260  0.00260  0.50   95353     248   95229  3000152  31.46
1970-1979       46      0.00295  0.00294  0.50   95105     280   94965  2904923  30.54
1970-1979       47      0.00328  0.00327  0.50   94825     310   94670  2809957  29.63
1970-1979       48      0.00359  0.00358  0.50   94515     339   94346  2715287  28.73
1970-1979       49      0.00375  0.00375  0.50   94176     353   94000  2620941  27.83
1970-1979       50      0.00442  0.00441  0.50   93823     414   93617  2526941  26.93
1970-1979       51      0.00474  0.00473  0.50   93410     442   93189  2433325  26.05
1970-1979       52      0.00513  0.00511  0.50   92968     475   92730  2340136  25.17
1970-1979       53      0.00565  0.00564  0.50   92492     521   92232  2247406  24.30
1970-1979       54      0.00630  0.00628  0.50   91971     578   91682  2155175  23.43
1970-1979       55      0.00679  0.00677  0.50   91393     619   91084  2063493  22.58
1970-1979       56      0.00756  0.00753  0.50   90775     683   90433  1972409  21.73
1970-1979       57      0.00819  0.00816  0.50   90091     735   89724  1881976  20.89
1970-1979       58      0.00924  0.00919  0.50   89356     822   88945  1792252  20.06
1970-1979       59      0.01004  0.00999  0.50   88535     884   88092  1703307  19.24
1970-1979       60      0.01121  0.01115  0.50   87650     977   87162  1615214  18.43
1970-1979       61      0.01277  0.01268  0.50   86673    1099   86124  1528052  17.63
1970-1979       62      0.01338  0.01329  0.50   85574    1137   85005  1441929  16.85
1970-1979       63      0.01522  0.01511  0.50   84437    1276   83799  1356924  16.07
1970-1979       64      0.01702  0.01688  0.50   83161    1403   82459  1273125  15.31
1970-1979       65      0.01901  0.01883  0.50   81758    1540   80988  1190665  14.56
1970-1979       66      0.02133  0.02110  0.50   80218    1693   79372  1109678  13.83
1970-1979       67      0.02380  0.02352  0.50   78525    1847   77602  1030306  13.12
1970-1979       68      0.02646  0.02611  0.50   76679    2002   75678   952704  12.42
1970-1979       69      0.03033  0.02987  0.50   74677    2231   73561   877026  11.74
1970-1979       70      0.03452  0.03393  0.50   72446    2458   71217   803465  11.09
1970-1979       71      0.03841  0.03769  0.50   69987    2638   68669   732249  10.46
1970-1979       72      0.04291  0.04201  0.50   67350    2829   65935   663580   9.85
1970-1979       73      0.04821  0.04708  0.50   64520    3038   63002   597645   9.26
1970-1979       74      0.05488  0.05341  0.50   61483    3284   59841   534643   8.70
1970-1979       75      0.06159  0.05975  0.50   58199    3477   56460   474803   8.16
1970-1979       76      0.06824  0.06599  0.50   54721    3611   52916   418343   7.64
1970-1979       77      0.07751  0.07462  0.50   51110    3814   49204   365427   7.15
1970-1979       78      0.08646  0.08287  0.50   47297    3920   45337   316223   6.69
1970-1979       79      0.09699  0.09250  0.50   43377    4012   41371   270886   6.24
1970-1979       80      0.10950  0.10382  0.50   39365    4087   37321   229516   5.83
1970-1979       81      0.12074  0.11387  0.50   35278    4017   33269   192194   5.45
1970-1979       82      0.13487  0.12635  0.50   31261    3950   29286   158925   5.08
1970-1979       83      0.14765  0.13750  0.50   27311    3755   25433   129639   4.75
1970-1979       84      0.16619  0.15344  0.50   23556    3614   21748   104206   4.42
1970-1979       85      0.18018  0.16529  0.50   19941    3296   18293    82457   4.14
1970-1979       86      0.19839  0.18049  0.50   16645    3004   15143    64164   3.85
1970-1979       87      0.22284  0.20050  0.50   13641    2735   12273    49021   3.59
1970-1979       88      0.23938  0.21379  0.50   10906    2332    9740    36748   3.37
1970-1979       89      0.26057  0.23053  0.50    8574    1977    7586    27008   3.15
1970-1979       90      0.28152  0.24678  0.50    6598    1628    5784    19422   2.94
1970-1979       91      0.31294  0.27060  0.50    4969    1345    4297    13638   2.74
1970-1979       92      0.34129  0.29154  0.50    3625    1057    3096     9341   2.58
1970-1979       93      0.36803  0.31083  0.50    2568     798    2169     6245   2.43
1970-1979       94      0.38858  0.32536  0.50    1770     576    1482     4076   2.30
1970-1979       95      0.41742  0.34535  0.50    1194     412     988     2594   2.17
1970-1979       96      0.44625  0.36484  0.50     782     285     639     1606   2.05
1970-1979       97      0.47544  0.38413  0.50     496     191     401      967   1.95
1970-1979       98      0.50481  0.40307  0.50     306     123     244      566   1.85
1970-1979       99      0.53414  0.42155  0.50     183      77     144      322   1.76
1970-1979      100      0.56323  0.43947  0.50     106      46      82      178   1.68
1970-1979      101      0.59190  0.45673  0.50      59      27      46       95   1.61
1970-1979      102      0.61995  0.47326  0.50      32      15      25       50   1.55
1970-1979      103      0.64723  0.48899  0.50      17       8      13       25   1.49
1970-1979      104      0.67358  0.50388  0.50       9       4       6       12   1.44
1970-1979      105      0.69888  0.51790  0.50       4       2       3        6   1.39
1970-1979      106      0.72302  0.53104  0.50       2       1       2        3   1.35
1970-1979      107      0.74593  0.54330  0.50       1       1       1        1   1.31
1970-1979      108      0.76755  0.55468  0.50       0       0       0        1   1.28
1970-1979      109      0.78786  0.56521  0.50       0       0       0        0   1.26
1970-1979      110+     0.80684  1.00000  1.24       0       0       0        0   1.24
1980-1989        0      0.01122  0.01112  0.13  100000    1112   99028  7467797  74.68
1980-1989        1      0.00069  0.00068  0.50   98888      68   98855  7368768  74.52
1980-1989        2      0.00041  0.00041  0.50   98821      40   98801  7269914  73.57
1980-1989        3      0.00034  0.00034  0.50   98780      34   98763  7171113  72.60
1980-1989        4      0.00031  0.00031  0.50   98747      31   98731  7072350  71.62
1980-1989        5      0.00027  0.00027  0.50   98716      26   98703  6973618  70.64
1980-1989        6      0.00026  0.00026  0.50   98689      26   98676  6874916  69.66
1980-1989        7      0.00028  0.00028  0.50   98663      27   98650  6776239  68.68
1980-1989        8      0.00021  0.00021  0.50   98636      21   98625  6677590  67.70
1980-1989        9      0.00019  0.00019  0.50   98615      19   98605  6578964  66.71
1980-1989       10      0.00018  0.00018  0.50   98596      18   98587  6480359  65.73
1980-1989       11      0.00019  0.00019  0.50   98578      19   98569  6381772  64.74
1980-1989       12      0.00018  0.00018  0.50   98559      18   98551  6283203  63.75
1980-1989       13      0.00020  0.00020  0.50   98542      19   98532  6184653  62.76
1980-1989       14      0.00020  0.00020  0.50   98523      19   98513  6086120  61.77
1980-1989       15      0.00026  0.00026  0.50   98503      26   98490  5987608  60.79
1980-1989       16      0.00029  0.00029  0.50   98477      29   98463  5889117  59.80
1980-1989       17      0.00037  0.00037  0.50   98448      37   98430  5790655  58.82
1980-1989       18      0.00038  0.00038  0.50   98412      38   98393  5692225  57.84
1980-1989       19      0.00041  0.00041  0.50   98374      40   98354  5593832  56.86
1980-1989       20      0.00036  0.00036  0.50   98334      35   98316  5495478  55.89
1980-1989       21      0.00038  0.00038  0.50   98299      37   98280  5397161  54.91
1980-1989       22      0.00038  0.00038  0.50   98261      37   98243  5298881  53.93
1980-1989       23      0.00041  0.00041  0.50   98224      41   98204  5200639  52.95
1980-1989       24      0.00040  0.00040  0.50   98183      40   98163  5102435  51.97
1980-1989       25      0.00044  0.00044  0.50   98144      43   98122  5004271  50.99
1980-1989       26      0.00044  0.00044  0.50   98100      43   98078  4906150  50.01
1980-1989       27      0.00046  0.00046  0.50   98057      45   98034  4808071  49.03
1980-1989       28      0.00054  0.00054  0.50   98011      53   97985  4710037  48.06
1980-1989       29      0.00051  0.00051  0.50   97959      50   97934  4612052  47.08
1980-1989       30      0.00053  0.00053  0.50   97909      52   97883  4514118  46.11
1980-1989       31      0.00056  0.00056  0.50   97857      55   97830  4416235  45.13
1980-1989       32      0.00070  0.00070  0.50   97802      69   97768  4318405  44.15
1980-1989       33      0.00072  0.00072  0.50   97733      71   97698  4220637  43.19
1980-1989       34      0.00080  0.00080  0.50   97663      78   97624  4122939  42.22
1980-1989       35      0.00084  0.00084  0.50   97585      82   97544  4025316  41.25
1980-1989       36      0.00092  0.00092  0.50   97503      90   97458  3927772  40.28
1980-1989       37      0.00102  0.00102  0.50   97413      99   97364  3830314  39.32
1980-1989       38      0.00114  0.00114  0.50   97314     111   97259  3732951  38.36
1980-1989       39      0.00127  0.00127  0.50   97203     123   97142  3635692  37.40
1980-1989       40      0.00142  0.00142  0.50   97080     138   97011  3538550  36.45
1980-1989       41      0.00158  0.00158  0.50   96942     153   96866  3441539  35.50
1980-1989       42      0.00182  0.00182  0.50   96789     176   96701  3344674  34.56
1980-1989       43      0.00202  0.00202  0.50   96613     195   96516  3247972  33.62
1980-1989       44      0.00215  0.00215  0.50   96418     207   96314  3151457  32.69
1980-1989       45      0.00233  0.00233  0.50   96211     224   96099  3055143  31.75
1980-1989       46      0.00276  0.00275  0.50   95986     264   95854  2959044  30.83
1980-1989       47      0.00291  0.00290  0.50   95722     278   95583  2863190  29.91
1980-1989       48      0.00337  0.00337  0.50   95444     321   95284  2767607  29.00
1980-1989       49      0.00376  0.00375  0.50   95123     357   94944  2672323  28.09
1980-1989       50      0.00399  0.00398  0.50   94766     378   94577  2577379  27.20
1980-1989       51      0.00449  0.00448  0.50   94388     422   94177  2482802  26.30
1980-1989       52      0.00480  0.00479  0.50   93966     450   93741  2388624  25.42
1980-1989       53      0.00544  0.00542  0.50   93516     507   93262  2294883  24.54
1980-1989       54      0.00600  0.00598  0.50   93009     557   92730  2201621  23.67
1980-1989       55      0.00643  0.00641  0.50   92452     593   92156  2108891  22.81
1980-1989       56      0.00726  0.00723  0.50   91860     664   91527  2016735  21.95
1980-1989       57      0.00818  0.00815  0.50   91195     743   90824  1925207  21.11
1980-1989       58      0.00893  0.00889  0.50   90453     804   90051  1834383  20.28
1980-1989       59      0.00994  0.00989  0.50   89649     887   89205  1744333  19.46
1980-1989       60      0.01097  0.01091  0.50   88762     969   88278  1655127  18.65
1980-1989       61      0.01246  0.01238  0.50   87793    1087   87250  1566850  17.85
1980-1989       62      0.01359  0.01350  0.50   86706    1171   86121  1479600  17.06
1980-1989       63      0.01546  0.01535  0.50   85536    1313   84879  1393479  16.29
1980-1989       64      0.01648  0.01634  0.50   84223    1376   83535  1308600  15.54
1980-1989       65      0.01887  0.01869  0.50   82847    1549   82072  1225065  14.79
1980-1989       66      0.02093  0.02072  0.50   81298    1684   80456  1142993  14.06
1980-1989       67      0.02338  0.02311  0.50   79614    1840   78694  1062537  13.35
1980-1989       68      0.02607  0.02573  0.50   77774    2001   76773   983843  12.65
1980-1989       69      0.02936  0.02894  0.50   75773    2193   74676   907069  11.97
1980-1989       70      0.03290  0.03237  0.50   73580    2382   72389   832393  11.31
1980-1989       71      0.03648  0.03583  0.50   71198    2551   69923   760004  10.67
1980-1989       72      0.04112  0.04030  0.50   68647    2766   67264   690082  10.05
1980-1989       73      0.04672  0.04565  0.50   65881    3008   64377   622818   9.45
1980-1989       74      0.05155  0.05026  0.50   62873    3160   61293   558441   8.88
1980-1989       75      0.05863  0.05696  0.50   59713    3402   58013   497147   8.33
1980-1989       76      0.06505  0.06300  0.50   56312    3548   54538   439135   7.80
1980-1989       77      0.07406  0.07141  0.50   52764    3768   50880   384597   7.29
1980-1989       78      0.08398  0.08060  0.50   48996    3949   47022   333716   6.81
1980-1989       79      0.09310  0.08896  0.50   45047    4007   43043   286695   6.36
1980-1989       80      0.10484  0.09962  0.50   41040    4088   38996   243651   5.94
1980-1989       81      0.11624  0.10986  0.50   36952    4059   34922   204656   5.54
1980-1989       82      0.13053  0.12253  0.50   32892    4030   30877   169734   5.16
1980-1989       83      0.14447  0.13474  0.50   28862    3889   26917   138857   4.81
1980-1989       84      0.16118  0.14916  0.50   24973    3725   23110   111940   4.48
1980-1989       85      0.17937  0.16460  0.50   21248    3498   19499    88830   4.18
1980-1989       86      0.19505  0.17772  0.50   17751    3155   16173    69330   3.91
1980-1989       87      0.21536  0.19443  0.50   14596    2838   13177    53157   3.64
1980-1989       88      0.23641  0.21142  0.50   11758    2486   10515    39980   3.40
1980-1989       89      0.25720  0.22789  0.50    9272    2113    8216    29465   3.18
1980-1989       90      0.27923  0.24502  0.50    7159    1754    6282    21249   2.97
1980-1989       91      0.30910  0.26772  0.50    5405    1447    4681    14967   2.77
1980-1989       92      0.33068  0.28376  0.50    3958    1123    3396    10286   2.60
1980-1989       93      0.36717  0.31022  0.50    2835     879    2395     6889   2.43
1980-1989       94      0.38621  0.32370  0.50    1955     633    1639     4494   2.30
1980-1989       95      0.41942  0.34671  0.50    1322     459    1093     2855   2.16
1980-1989       96      0.44916  0.36679  0.50     864     317     705     1762   2.04
1980-1989       97      0.47927  0.38662  0.50     547     212     441     1057   1.93
1980-1989       98      0.50953  0.40608  0.50     336     136     267      615   1.83
1980-1989       99      0.53972  0.42503  0.50     199      85     157      348   1.75
1980-1989      100      0.56963  0.44335  0.50     115      51      89      191   1.67
1980-1989      101      0.59903  0.46096  0.50      64      29      49      102   1.59
1980-1989      102      0.62774  0.47778  0.50      34      16      26       53   1.53
1980-1989      103      0.65557  0.49373  0.50      18       9      14       26   1.47
1980-1989      104      0.68238  0.50879  0.50       9       5       7       13   1.42
1980-1989      105      0.70803  0.52291  0.50       4       2       3        6   1.38
1980-1989      106      0.73242  0.53609  0.50       2       1       2        3   1.33
1980-1989      107      0.75547  0.54834  0.50       1       1       1        1   1.30
1980-1989      108      0.77715  0.55967  0.50       0       0       0        1   1.27
1980-1989      109      0.79741  0.57011  0.50       0       0       0        0   1.24
1980-1989      110+     0.81627  1.00000  1.23       0       0       0        0   1.23
1990-1999        0      0.00694  0.00690  0.13  100000     690   99403  7674589  76.75
1990-1999        1      0.00055  0.00055  0.50   99310      55   99283  7575185  76.28
1990-1999        2      0.00036  0.00036  0.50   99256      36   99238  7475902  75.32
1990-1999        3      0.00028  0.00028  0.50   99220      28   99206  7376665  74.35
1990-1999        4      0.00019  0.00019  0.50   99192      19   99182  7277459  73.37
1990-1999        5      0.00020  0.00020  0.50   99173      19   99163  7178277  72.38
1990-1999        6      0.00019  0.00019  0.50   99153      19   99144  7079114  71.40
1990-1999        7      0.00019  0.00019  0.50   99134      19   99125  6979970  70.41
1990-1999        8      0.00019  0.00019  0.50   99116      19   99106  6880845  69.42
1990-1999        9      0.00015  0.00015  0.50   99096      15   99089  6781739  68.44
1990-1999       10      0.00017  0.00017  0.50   99081      17   99073  6682650  67.45
1990-1999       11      0.00014  0.00014  0.50   99064      14   99057  6583578  66.46
1990-1999       12      0.00017  0.00017  0.50   99050      17   99042  6484520  65.47
1990-1999       13      0.00016  0.00016  0.50   99033      15   99026  6385478  64.48
1990-1999       14      0.00018  0.00018  0.50   99018      18   99009  6286453  63.49
1990-1999       15      0.00022  0.00022  0.50   98999      22   98989  6187444  62.50
1990-1999       16      0.00030  0.00030  0.50   98978      30   98963  6088456  61.51
1990-1999       17      0.00035  0.00035  0.50   98948      35   98930  5989493  60.53
1990-1999       18      0.00037  0.00037  0.50   98913      36   98895  5890563  59.55
1990-1999       19      0.00037  0.00037  0.50   98876      36   98858  5791668  58.57
1990-1999       20      0.00037  0.00037  0.50   98840      36   98822  5692809  57.60
1990-1999       21      0.00037  0.00037  0.50   98804      36   98786  5593987  56.62
1990-1999       22      0.00035  0.00035  0.50   98767      35   98750  5495202  55.64
1990-1999       23      0.00038  0.00038  0.50   98732      37   98714  5396452  54.66
1990-1999       24      0.00039  0.00039  0.50   98695      38   98676  5297738  53.68
1990-1999       25      0.00037  0.00037  0.50   98657      36   98639  5199063  52.70
1990-1999       26      0.00039  0.00039  0.50   98621      38   98602  5100424  51.72
1990-1999       27      0.00037  0.00037  0.50   98582      36   98564  5001822  50.74
1990-1999       28      0.00042  0.00042  0.50   98546      41   98525  4903258  49.76
1990-1999       29      0.00041  0.00041  0.50   98504      40   98484  4804733  48.78
1990-1999       30      0.00047  0.00047  0.50   98464      46   98441  4706249  47.80
1990-1999       31      0.00053  0.00053  0.50   98418      52   98392  4607808  46.82
1990-1999       32      0.00056  0.00056  0.50   98366      55   98338  4509416  45.84
1990-1999       33      0.00061  0.00061  0.50   98310      60   98280  4411078  44.87
1990-1999       34      0.00071  0.00071  0.50   98251      69   98216  4312797  43.90
1990-1999       35      0.00074  0.00074  0.50   98181      73   98145  4214582  42.93
1990-1999       36      0.00088  0.00088  0.50   98108      86   98065  4116437  41.96
1990-1999       37      0.00093  0.00093  0.50   98022      91   97977  4018372  40.99
1990-1999       38      0.00101  0.00101  0.50   97931      99   97881  3920395  40.03
1990-1999       39      0.00120  0.00120  0.50   97832     117   97773  3822514  39.07
1990-1999       40      0.00122  0.00122  0.50   97715     119   97655  3724740  38.12
1990-1999       41      0.00140  0.00140  0.50   97595     137   97527  3627085  37.16
1990-1999       42      0.00156  0.00156  0.50   97459     152   97382  3529559  36.22
1990-1999       43      0.00178  0.00178  0.50   97306     173   97219  3432176  35.27
1990-1999       44      0.00195  0.00195  0.50   97133     190   97038  3334957  34.33
1990-1999       45      0.00221  0.00220  0.50   96943     214   96836  3237919  33.40
1990-1999       46      0.00238  0.00237  0.50   96730     230   96615  3141082  32.47
1990-1999       47      0.00262  0.00262  0.50   96500     252   96374  3044467  31.55
1990-1999       48      0.00291  0.00290  0.50   96248     279   96108  2948094  30.63
1990-1999       49      0.00316  0.00315  0.50   95968     303   95817  2851985  29.72
1990-1999       50      0.00346  0.00346  0.50   95666     331   95501  2756168  28.81
1990-1999       51      0.00374  0.00373  0.50   95335     356   95157  2660668  27.91
1990-1999       52      0.00396  0.00395  0.50   94980     375   94792  2565510  27.01
1990-1999       53      0.00465  0.00464  0.50   94604     439   94385  2470718  26.12
1990-1999       54      0.00498  0.00496  0.50   94165     467   93932  2376333  25.24
1990-1999       55      0.00564  0.00562  0.50   93698     527   93434  2282402  24.36
1990-1999       56      0.00599  0.00597  0.50   93171     556   92893  2188967  23.49
1990-1999       57      0.00682  0.00679  0.50   92615     629   92300  2096074  22.63
1990-1999       58      0.00729  0.00726  0.50   91986     668   91652  2003774  21.78
1990-1999       59      0.00835  0.00832  0.50   91318     760   90938  1912122  20.94
1990-1999       60      0.00922  0.00917  0.50   90558     831   90143  1821185  20.11
1990-1999       61      0.00994  0.00989  0.50   89727     887   89284  1731042  19.29
1990-1999       62      0.01134  0.01127  0.50   88840    1001   88340  1641758  18.48
1990-1999       63      0.01238  0.01230  0.50   87839    1080   87299  1553419  17.68
1990-1999       64      0.01373  0.01364  0.50   86758    1183   86167  1466120  16.90
1990-1999       65      0.01570  0.01558  0.50   85575    1333   84909  1379953  16.13
1990-1999       66      0.01734  0.01719  0.50   84243    1448   83518  1295044  15.37
1990-1999       67      0.01893  0.01875  0.50   82794    1553   82018  1211526  14.63
1990-1999       68      0.02132  0.02109  0.50   81241    1713   80385  1129508  13.90
1990-1999       69      0.02379  0.02351  0.50   79528    1870   78593  1049124  13.19
1990-1999       70      0.02691  0.02655  0.50   77658    2062   76627   970530  12.50
1990-1999       71      0.02983  0.02939  0.50   75596    2222   74485   893903  11.82
1990-1999       72      0.03344  0.03289  0.50   73374    2414   72167   819418  11.17
1990-1999       73      0.03723  0.03655  0.50   70961    2594   69664   747250  10.53
1990-1999       74      0.04127  0.04043  0.50   68367    2764   66985   677587   9.91
1990-1999       75      0.04655  0.04550  0.50   65603    2985   64111   610602   9.31
1990-1999       76      0.05295  0.05159  0.50   62618    3230   61003   546491   8.73
1990-1999       77      0.05936  0.05765  0.50   59388    3423   57676   485488   8.17
1990-1999       78      0.06744  0.06524  0.50   55964    3651   54139   427812   7.64
1990-1999       79      0.07559  0.07283  0.50   52313    3810   50408   373673   7.14
1990-1999       80      0.08589  0.08235  0.50   48503    3994   46506   323265   6.66
1990-1999       81      0.09565  0.09128  0.50   44509    4063   42477   276760   6.22
1990-1999       82      0.10753  0.10205  0.50   40446    4127   38382   234282   5.79
1990-1999       83      0.11929  0.11258  0.50   36319    4089   34274   195900   5.39
1990-1999       84      0.13283  0.12456  0.50   32230    4015   30223   161626   5.01
1990-1999       85      0.14726  0.13716  0.50   28215    3870   26280   131403   4.66
1990-1999       86      0.16678  0.15394  0.50   24345    3748   22471   105123   4.32
1990-1999       87      0.18426  0.16872  0.50   20598    3475   18860    82651   4.01
1990-1999       88      0.20559  0.18643  0.50   17122    3192   15526    63791   3.73
1990-1999       89      0.22562  0.20275  0.50   13930    2824   12518    48265   3.46
1990-1999       90      0.25269  0.22434  0.50   11106    2492    9860    35747   3.22
1990-1999       91      0.27485  0.24164  0.50    8614    2082    7574    25887   3.01
1990-1999       92      0.30072  0.26141  0.50    6533    1708    5679    18313   2.80
1990-1999       93      0.32970  0.28304  0.50    4825    1366    4142    12634   2.62
1990-1999       94      0.35662  0.30266  0.50    3459    1047    2936     8492   2.45
1990-1999       95      0.38557  0.32325  0.50    2412     780    2022     5556   2.30
1990-1999       96      0.41614  0.34446  0.50    1633     562    1351     3534   2.16
1990-1999       97      0.44737  0.36559  0.50    1070     391     875     2182   2.04
1990-1999       98      0.47902  0.38646  0.50     679     262     548     1308   1.93
1990-1999       99      0.51084  0.40691  0.50     417     170     332      760   1.82
1990-1999      100      0.54257  0.42679  0.50     247     105     194      428   1.73
1990-1999      101      0.57396  0.44597  0.50     142      63     110      234   1.65
1990-1999      102      0.60476  0.46435  0.50      78      36      60      124   1.58
1990-1999      103      0.63476  0.48183  0.50      42      20      32       64   1.51
1990-1999      104      0.66374  0.49835  0.50      22      11      16       32   1.45
1990-1999      105      0.69155  0.51387  0.50      11       6       8       15   1.40
1990-1999      106      0.71803  0.52834  0.50       5       3       4        7   1.36
1990-1999      107      0.74308  0.54178  0.50       3       1       2        3   1.32
1990-1999      108      0.76663  0.55420  0.50       1       1       1        1   1.28
1990-1999      109      0.78863  0.56560  0.50       1       0       0        1   1.25
1990-1999      110+     0.80908  1.00000  1.24       0       0       0        0   1.24
2000-2009        0      0.00305  0.00304  0.14  100000     304   99740  7932121  79.32
2000-2009        1      0.00032  0.00032  0.50   99696      32   99680  7832382  78.56
2000-2009        2      0.00021  0.00021  0.50   99664      20   99654  7732702  77.59
2000-2009        3      0.00015  0.00015  0.50   99643      15   99636  7633049  76.60
2000-2009        4      0.00012  0.00012  0.50   99629      12   99623  7533413  75.62
2000-2009        5      0.00010  0.00010  0.50   99617      10   99612  7433790  74.62
2000-2009        6      0.00013  0.00013  0.50   99607      13   99600  7334178  73.63
2000-2009        7      0.00013  0.00013  0.50   99594      13   99587  7234578  72.64
2000-2009        8      0.00009  0.00009  0.50   99581       9   99576  7134991  71.65
2000-2009        9      0.00009  0.00009  0.50   99572       9   99568  7035414  70.66
2000-2009       10      0.00013  0.00013  0.50   99563      13   99557  6935847  69.66
2000-2009       11      0.00012  0.00012  0.50   99550      12   99544  6836290  68.67
2000-2009       12      0.00010  0.00010  0.50   99538      10   99533  6736746  67.68
2000-2009       13      0.00012  0.00012  0.50   99528      12   99522  6637213  66.69
2000-2009       14      0.00016  0.00016  0.50   99516      16   99508  6537691  65.69
2000-2009       15      0.00022  0.00022  0.50   99501      22   99489  6438182  64.71
2000-2009       16      0.00019  0.00019  0.50   99478      19   99469  6338693  63.72
2000-2009       17      0.00025  0.00025  0.50   99459      25   99447  6239224  62.73
2000-2009       18      0.00028  0.00028  0.50   99434      28   99420  6139777  61.75
2000-2009       19      0.00031  0.00031  0.50   99406      31   99391  6040357  60.76
2000-2009       20      0.00030  0.00030  0.50   99375      30   99361  5940966  59.78
2000-2009       21      0.00028  0.00028  0.50   99346      28   99332  5841606  58.80
2000-2009       22      0.00027  0.00027  0.50   99318      27   99304  5742274  57.82
2000-2009       23      0.00029  0.00029  0.50   99291      29   99277  5642969  56.83
2000-2009       24      0.00030  0.00030  0.50   99263      30   99248  5543693  55.85
2000-2009       25      0.00029  0.00029  0.50   99233      29   99218  5444445  54.87
2000-2009       26      0.00029  0.00029  0.50   99203      28   99189  5345227  53.88
2000-2009       27      0.00027  0.00027  0.50   99175      27   99161  5246038  52.90
2000-2009       28      0.00032  0.00032  0.50   99148      32   99132  5146876  51.91
2000-2009       29      0.00032  0.00032  0.50   99116      31   99100  5047744  50.93
2000-2009       30      0.00036  0.00036  0.50   99084      36   99066  4948644  49.94
2000-2009       31      0.00038  0.00038  0.50   99048      38   99029  4849578  48.96
2000-2009       32      0.00040  0.00040  0.50   99010      40   98990  4750548  47.98
2000-2009       33      0.00048  0.00048  0.50   98970      47   98947  4651558  47.00
2000-2009       34      0.00052  0.00052  0.50   98923      52   98897  4552611  46.02
2000-2009       35      0.00058  0.00058  0.50   98871      57   98843  4453714  45.05
2000-2009       36      0.00061  0.00061  0.50   98814      61   98784  4354871  44.07
2000-2009       37      0.00070  0.00069  0.50   98753      69   98719  4256088  43.10
2000-2009       38      0.00079  0.00079  0.50   98685      78   98646  4157368  42.13
2000-2009       39      0.00086  0.00086  0.50   98607      85   98564  4058723  41.16
2000-2009       40      0.00103  0.00103  0.50   98521     102   98471  3960159  40.20
2000-2009       41      0.00110  0.00110  0.50   98420     108   98366  3861688  39.24
2000-2009       42      0.00131  0.00131  0.50   98312     129   98247  3763322  38.28
2000-2009       43      0.00135  0.00135  0.50   98183     132   98117  3665075  37.33
2000-2009       44      0.00154  0.00154  0.50   98051     151   97975  3566958  36.38
2000-2009       45      0.00166  0.00166  0.50   97900     163   97818  3468983  35.43
2000-2009       46      0.00190  0.00189  0.50   97737     185   97644  3371165  34.49
2000-2009       47      0.00216  0.00216  0.50   97552     211   97446  3273520  33.56
2000-2009       48      0.00243  0.00243  0.50   97341     236   97223  3176074  32.63
2000-2009       49      0.00263  0.00262  0.50   97104     255   96977  3078851  31.71
2000-2009       50      0.00290  0.00290  0.50   96850     281   96709  2981874  30.79
2000-2009       51      0.00319  0.00318  0.50   96569     308   96415  2885165  29.88
2000-2009       52      0.00345  0.00344  0.50   96261     332   96096  2788750  28.97
2000-2009       53      0.00376  0.00376  0.50   95930     360   95750  2692654  28.07
2000-2009       54      0.00405  0.00404  0.50   95569     386   95376  2596905  27.17
2000-2009       55      0.00451  0.00450  0.50   95183     429   94969  2501528  26.28
2000-2009       56      0.00500  0.00498  0.50   94755     472   94518  2406559  25.40
2000-2009       57      0.00550  0.00549  0.50   94282     517   94024  2312041  24.52
2000-2009       58      0.00604  0.00602  0.50   93765     565   93483  2218017  23.66
2000-2009       59      0.00678  0.00676  0.50   93200     630   92885  2124535  22.80
2000-2009       60      0.00716  0.00714  0.50   92570     661   92240  2031650  21.95
2000-2009       61      0.00798  0.00795  0.50   91910     731   91544  1939410  21.10
2000-2009       62      0.00837  0.00834  0.50   91179     760   90799  1847865  20.27
2000-2009       63      0.00950  0.00946  0.50   90418     855   89991  1757067  19.43
2000-2009       64      0.01034  0.01028  0.50   89563     921   89103  1667076  18.61
2000-2009       65      0.01140  0.01134  0.50   88642    1005   88140  1577973  17.80
2000-2009       66      0.01264  0.01256  0.50   87637    1101   87087  1489833  17.00
2000-2009       67      0.01402  0.01392  0.50   86537    1204   85934  1402746  16.21
2000-2009       68      0.01578  0.01565  0.50   85332    1336   84664  1316812  15.43
2000-2009       69      0.01758  0.01743  0.50   83996    1464   83264  1232148  14.67
2000-2009       70      0.01953  0.01934  0.50   82532    1597   81734  1148883  13.92
2000-2009       71      0.02187  0.02164  0.50   80936    1751   80060  1067149  13.19
2000-2009       72      0.02464  0.02434  0.50   79185    1928   78221   987089  12.47
2000-2009       73      0.02802  0.02763  0.50   77257    2135   76190   908868  11.76
2000-2009       74      0.03153  0.03104  0.50   75122    2332   73957   832678  11.08
2000-2009       75      0.03633  0.03568  0.50   72791    2597   71492   758722  10.42
2000-2009       76      0.04056  0.03975  0.50   70194    2790   68798   687229   9.79
2000-2009       77      0.04587  0.04484  0.50   67403    3023   65892   618431   9.18
2000-2009       78      0.05260  0.05126  0.50   64381    3300   62731   552539   8.58
2000-2009       79      0.05894  0.05725  0.50   61081    3497   59332   489808   8.02
2000-2009       80      0.06768  0.06546  0.50   57584    3770   55699   430476   7.48
2000-2009       81      0.07627  0.07347  0.50   53814    3954   51837   374778   6.96
2000-2009       82      0.08629  0.08272  0.50   49860    4125   47798   322941   6.48
2000-2009       83      0.09760  0.09306  0.50   45736    4256   43607   275143   6.02
2000-2009       84      0.10741  0.10194  0.50   41479    4228   39365   231535   5.58
2000-2009       85      0.12373  0.11652  0.50   37251    4341   35081   192170   5.16
2000-2009       86      0.14003  0.13086  0.50   32911    4307   30757   157089   4.77
2000-2009       87      0.15781  0.14627  0.50   28604    4184   26512   126332   4.42
2000-2009       88      0.17592  0.16170  0.50   24420    3949   22446    99820   4.09
2000-2009       89      0.19797  0.18014  0.50   20471    3688   18627    77375   3.78
2000-2009       90      0.22069  0.19876  0.50   16784    3336   15116    58747   3.50
2000-2009       91      0.24499  0.21825  0.50   13448    2935   11980    43632   3.24
2000-2009       92      0.27001  0.23790  0.50   10513    2501    9262    31651   3.01
2000-2009       93      0.29887  0.26002  0.50    8012    2083    6970    22389   2.79
2000-2009       94      0.33174  0.28454  0.50    5929    1687    5085    15419   2.60
2000-2009       95      0.35650  0.30257  0.50    4242    1283    3600    10334   2.44
2000-2009       96      0.38830  0.32517  0.50    2958     962    2477     6734   2.28
2000-2009       97      0.42108  0.34785  0.50    1996     694    1649     4257   2.13
2000-2009       98      0.45457  0.37039  0.50    1302     482    1061     2608   2.00
2000-2009       99      0.48848  0.39260  0.50     820     322     659     1547   1.89
2000-2009      100      0.52250  0.41427  0.50     498     206     395      888   1.78
2000-2009      101      0.55631  0.43524  0.50     292     127     228      493   1.69
2000-2009      102      0.58960  0.45536  0.50     165      75     127      265   1.61
2000-2009      103      0.62210  0.47450  0.50      90      43      68      138   1.54
2000-2009      104      0.65353  0.49257  0.50      47      23      36       69   1.47
2000-2009      105      0.68368  0.50951  0.50      24      12      18       34   1.41
2000-2009      106      0.71236  0.52527  0.50      12       6       9       16   1.36
2000-2009      107      0.73943  0.53984  0.50       6       3       4        7   1.32
2000-2009      108      0.76479  0.55323  0.50       3       1       2        3   1.28
2000-2009      109      0.78839  0.56548  0.50       1       1       1        1   1.25
2000-2009      110+     0.81021  1.00000  1.23       0       0       1        1   1.23
2010-2016        0      0.00222  0.00222  0.14  100000     222   99810  8124544  81.25
2010-2016        1      0.00021  0.00021  0.50   99778      21   99768  8024733  80.43
2010-2016        2      0.00012  0.00012  0.50   99757      12   99751  7924966  79.44
2010-2016        3      0.00011  0.00011  0.50   99745      11   99740  7825215  78.45
2010-2016        4      0.00010  0.00010  0.50   99734      10   99729  7725475  77.46
2010-2016        5      0.00011  0.00011  0.50   99724      11   99719  7625746  76.47
2010-2016        6      0.00008  0.00008  0.50   99714       8   99710  7526026  75.48
2010-2016        7      0.00010  0.00010  0.50   99706      10   99701  7426317  74.48
2010-2016        8      0.00009  0.00009  0.50   99696       8   99692  7326616  73.49
2010-2016        9      0.00007  0.00007  0.50   99688       7   99684  7226924  72.50
2010-2016       10      0.00006  0.00006  0.50   99680       6   99677  7127240  71.50
2010-2016       11      0.00009  0.00009  0.50   99674       9   99669  7027563  70.51
2010-2016       12      0.00008  0.00008  0.50   99665       8   99661  6927893  69.51
2010-2016       13      0.00010  0.00010  0.50   99657      10   99652  6828232  68.52
2010-2016       14      0.00014  0.00014  0.50   99648      13   99641  6728580  67.52
2010-2016       15      0.00017  0.00017  0.50   99634      16   99626  6628939  66.53
2010-2016       16      0.00019  0.00019  0.50   99618      19   99608  6529313  65.54
2010-2016       17      0.00021  0.00021  0.50   99599      21   99589  6429705  64.56
2010-2016       18      0.00020  0.00020  0.50   99578      20   99568  6330116  63.57
2010-2016       19      0.00026  0.00026  0.50   99558      26   99545  6230548  62.58
2010-2016       20      0.00024  0.00024  0.50   99532      24   99521  6131003  61.60
2010-2016       21      0.00020  0.00020  0.50   99509      20   99498  6031482  60.61
2010-2016       22      0.00023  0.00023  0.50   99488      23   99477  5931984  59.62
2010-2016       23      0.00030  0.00030  0.50   99465      30   99450  5832507  58.64
2010-2016       24      0.00024  0.00024  0.50   99435      23   99423  5733057  57.66
2010-2016       25      0.00024  0.00024  0.50   99412      24   99399  5633633  56.67
2010-2016       26      0.00025  0.00025  0.50   99387      25   99375  5534234  55.68
2010-2016       27      0.00027  0.00027  0.50   99362      27   99349  5434859  54.70
2010-2016       28      0.00029  0.00029  0.50   99336      28   99321  5335510  53.71
2010-2016       29      0.00029  0.00029  0.50   99307      29   99293  5236189  52.73
2010-2016       30      0.00031  0.00031  0.50   99278      31   99263  5136896  51.74
2010-2016       31      0.00030  0.00030  0.50   99247      30   99233  5037633  50.76
2010-2016       32      0.00040  0.00040  0.50   99218      39   99198  4938401  49.77
2010-2016       33      0.00038  0.00038  0.50   99178      38   99160  4839203  48.79
2010-2016       34      0.00043  0.00043  0.50   99141      43   99119  4740043  47.81
2010-2016       35      0.00045  0.00045  0.50   99098      45   99076  4640924  46.83
2010-2016       36      0.00053  0.00053  0.50   99053      53   99027  4541848  45.85
2010-2016       37      0.00060  0.00060  0.50   99001      59   98971  4442821  44.88
2010-2016       38      0.00061  0.00061  0.50   98941      60   98911  4343850  43.90
2010-2016       39      0.00067  0.00067  0.50   98881      67   98848  4244939  42.93
2010-2016       40      0.00080  0.00080  0.50   98814      79   98775  4146091  41.96
2010-2016       41      0.00083  0.00083  0.50   98735      82   98694  4047316  40.99
2010-2016       42      0.00095  0.00095  0.50   98653      94   98606  3948622  40.03
2010-2016       43      0.00109  0.00109  0.50   98559     107   98506  3850016  39.06
2010-2016       44      0.00122  0.00122  0.50   98452     120   98392  3751510  38.10
2010-2016       45      0.00135  0.00135  0.50   98332     132   98266  3653118  37.15
2010-2016       46      0.00156  0.00156  0.50   98200     153   98123  3554852  36.20
2010-2016       47      0.00173  0.00173  0.50   98047     169   97962  3456729  35.26
2010-2016       48      0.00183  0.00182  0.50   97877     179   97788  3358767  34.32
2010-2016       49      0.00203  0.00203  0.50   97699     199   97599  3260979  33.38
2010-2016       50      0.00221  0.00221  0.50   97500     216   97392  3163379  32.44
2010-2016       51      0.00250  0.00249  0.50   97285     243   97163  3065987  31.52
2010-2016       52      0.00263  0.00263  0.50   97042     255   96915  2968824  30.59
2010-2016       53      0.00317  0.00317  0.50   96787     306   96634  2871909  29.67
2010-2016       54      0.00326  0.00325  0.50   96481     314   96324  2775275  28.77
2010-2016       55      0.00374  0.00374  0.50   96167     359   95987  2678951  27.86
2010-2016       56      0.00395  0.00395  0.50   95808     378   95619  2582964  26.96
2010-2016       57      0.00446  0.00445  0.50   95430     424   95217  2487345  26.06
2010-2016       58      0.00501  0.00499  0.50   95005     475   94768  2392128  25.18
2010-2016       59      0.00547  0.00546  0.50   94531     516   94273  2297360  24.30
2010-2016       60      0.00606  0.00604  0.50   94015     568   93731  2203087  23.43
2010-2016       61      0.00661  0.00659  0.50   93447     616   93139  2109357  22.57
2010-2016       62      0.00724  0.00722  0.50   92831     670   92496  2016218  21.72
2010-2016       63      0.00801  0.00798  0.50   92161     735   91794  1923722  20.87
2010-2016       64      0.00875  0.00871  0.50   91426     796   91028  1831928  20.04
2010-2016       65      0.01001  0.00996  0.50   90630     902   90179  1740900  19.21
2010-2016       66      0.01081  0.01075  0.50   89728     964   89245  1650722  18.40
2010-2016       67      0.01173  0.01166  0.50   88763    1035   88246  1561476  17.59
2010-2016       68      0.01325  0.01316  0.50   87728    1154   87151  1473231  16.79
2010-2016       69      0.01451  0.01440  0.50   86573    1247   85950  1386080  16.01
2010-2016       70      0.01619  0.01606  0.50   85326    1370   84641  1300130  15.24
2010-2016       71      0.01781  0.01765  0.50   83956    1482   83215  1215489  14.48
2010-2016       72      0.01922  0.01904  0.50   82474    1570   81689  1132274  13.73
2010-2016       73      0.02187  0.02163  0.50   80904    1750   80029  1050585  12.99
2010-2016       74      0.02420  0.02391  0.50   79154    1892   78208   970556  12.26
2010-2016       75      0.02687  0.02652  0.50   77262    2049   76237   892348  11.55
2010-2016       76      0.03140  0.03092  0.50   75213    2325   74050   816111  10.85
2010-2016       77      0.03451  0.03393  0.50   72887    2473   71651   742061  10.18
2010-2016       78      0.03943  0.03867  0.50   70414    2723   69053   670410   9.52
2010-2016       79      0.04594  0.04491  0.50   67692    3040   66172   601357   8.88
2010-2016       80      0.05296  0.05159  0.50   64652    3336   62984   535185   8.28
2010-2016       81      0.06019  0.05844  0.50   61316    3583   59525   472201   7.70
2010-2016       82      0.06879  0.06650  0.50   57733    3839   55813   412677   7.15
2010-2016       83      0.08068  0.07756  0.50   53894    4180   51804   356863   6.62
2010-2016       84      0.09150  0.08750  0.50   49714    4350   47539   305060   6.14
2010-2016       85      0.10422  0.09906  0.50   45364    4494   43117   257520   5.68
2010-2016       86      0.11999  0.11320  0.50   40871    4626   38557   214403   5.25
2010-2016       87      0.13407  0.12564  0.50   36244    4554   33967   175846   4.85
2010-2016       88      0.15448  0.14340  0.50   31690    4544   29418   141878   4.48
2010-2016       89      0.17380  0.15990  0.50   27146    4341   24976   112460   4.14
2010-2016       90      0.19667  0.17906  0.50   22805    4084   20763    87485   3.84
2010-2016       91      0.21117  0.19100  0.50   18722    3576   16934    66721   3.56
2010-2016       92      0.24025  0.21448  0.50   15146    3249   13522    49788   3.29
2010-2016       93      0.26199  0.23164  0.50   11897    2756   10519    36266   3.05
2010-2016       94      0.28569  0.24998  0.50    9141    2285    7999    25747   2.82
2010-2016       95      0.32735  0.28131  0.50    6856    1929    5892    17748   2.59
2010-2016       96      0.35968  0.30486  0.50    4927    1502    4176    11856   2.41
2010-2016       97      0.39334  0.32870  0.50    3425    1126    2862     7680   2.24
2010-2016       98      0.42805  0.35259  0.50    2299     811    1894     4817   2.10
2010-2016       99      0.46347  0.37628  0.50    1489     560    1209     2923   1.96
2010-2016      100      0.49927  0.39953  0.50     929     371     743     1715   1.85
2010-2016      101      0.53508  0.42214  0.50     558     235     440      972   1.74
2010-2016      102      0.57052  0.44390  0.50     322     143     251      532   1.65
2010-2016      103      0.60526  0.46465  0.50     179      83     138      281   1.57
2010-2016      104      0.63897  0.48426  0.50      96      46      73      144   1.50
2010-2016      105      0.67136  0.50264  0.50      49      25      37       71   1.44
2010-2016      106      0.70220  0.51973  0.50      25      13      18       34   1.38
2010-2016      107      0.73131  0.53550  0.50      12       6       9       16   1.33
2010-2016      108      0.75854  0.54996  0.50       5       3       4        7   1.29
2010-2016      109      0.78384  0.56313  0.50       2       1       2        3   1.26
2010-2016      110+     0.80715  1.00000  1.24       1       1       1        1   1.24
