East Germany, Life tables (period 1x10), Females	Last modified: 26 Sep 2017;  Methods Protocol: v6 (2017)

  Year          Age         mx       qx    ax      lx      dx      Lx       Tx     ex
1956-1959        0      0.03995  0.03871  0.20  100000    3871   96910  7079859  70.80
1956-1959        1      0.00339  0.00339  0.50   96129     326   95966  6982949  72.64
1956-1959        2      0.00156  0.00156  0.50   95803     150   95729  6886983  71.89
1956-1959        3      0.00101  0.00101  0.50   95654      97   95605  6791255  71.00
1956-1959        4      0.00081  0.00081  0.50   95557      77   95518  6695649  70.07
1956-1959        5      0.00064  0.00064  0.50   95480      61   95449  6600131  69.13
1956-1959        6      0.00045  0.00045  0.50   95418      43   95397  6504682  68.17
1956-1959        7      0.00048  0.00048  0.50   95375      45   95353  6409285  67.20
1956-1959        8      0.00035  0.00035  0.50   95330      34   95313  6313932  66.23
1956-1959        9      0.00039  0.00039  0.50   95296      37   95278  6218619  65.26
1956-1959       10      0.00038  0.00038  0.50   95259      36   95241  6123341  64.28
1956-1959       11      0.00038  0.00038  0.50   95223      36   95205  6028101  63.31
1956-1959       12      0.00036  0.00036  0.50   95187      34   95170  5932896  62.33
1956-1959       13      0.00042  0.00042  0.50   95153      40   95133  5837726  61.35
1956-1959       14      0.00040  0.00040  0.50   95113      38   95094  5742593  60.38
1956-1959       15      0.00047  0.00047  0.50   95075      45   95053  5647499  59.40
1956-1959       16      0.00054  0.00054  0.50   95030      51   95005  5552446  58.43
1956-1959       17      0.00060  0.00060  0.50   94979      57   94951  5457441  57.46
1956-1959       18      0.00060  0.00060  0.50   94922      57   94894  5362490  56.49
1956-1959       19      0.00078  0.00078  0.50   94865      74   94828  5267597  55.53
1956-1959       20      0.00075  0.00075  0.50   94791      71   94756  5172768  54.57
1956-1959       21      0.00081  0.00081  0.50   94720      77   94682  5078013  53.61
1956-1959       22      0.00083  0.00083  0.50   94644      79   94604  4983331  52.65
1956-1959       23      0.00088  0.00088  0.50   94565      83   94523  4888727  51.70
1956-1959       24      0.00087  0.00087  0.50   94481      83   94440  4794204  50.74
1956-1959       25      0.00088  0.00088  0.50   94399      83   94357  4699764  49.79
1956-1959       26      0.00101  0.00101  0.50   94316      95   94268  4605406  48.83
1956-1959       27      0.00107  0.00107  0.50   94221     101   94171  4511138  47.88
1956-1959       28      0.00094  0.00094  0.50   94120      89   94076  4416967  46.93
1956-1959       29      0.00110  0.00110  0.50   94032     103   93980  4322891  45.97
1956-1959       30      0.00122  0.00122  0.50   93929     115   93871  4228911  45.02
1956-1959       31      0.00120  0.00120  0.50   93814     113   93757  4135040  44.08
1956-1959       32      0.00141  0.00140  0.50   93701     132   93635  4041282  43.13
1956-1959       33      0.00137  0.00137  0.50   93570     128   93505  3947647  42.19
1956-1959       34      0.00161  0.00161  0.50   93441     150   93366  3854141  41.25
1956-1959       35      0.00160  0.00160  0.50   93291     149   93216  3760775  40.31
1956-1959       36      0.00179  0.00179  0.50   93142     167   93058  3667559  39.38
1956-1959       37      0.00186  0.00186  0.50   92975     173   92888  3574501  38.45
1956-1959       38      0.00205  0.00205  0.50   92802     190   92707  3481612  37.52
1956-1959       39      0.00209  0.00208  0.50   92612     193   92515  3388905  36.59
1956-1959       40      0.00220  0.00220  0.50   92419     203   92317  3296390  35.67
1956-1959       41      0.00252  0.00251  0.50   92216     232   92100  3204073  34.75
1956-1959       42      0.00268  0.00268  0.50   91984     246   91861  3111973  33.83
1956-1959       43      0.00292  0.00292  0.50   91738     268   91604  3020113  32.92
1956-1959       44      0.00298  0.00298  0.50   91470     272   91334  2928509  32.02
1956-1959       45      0.00328  0.00327  0.50   91197     298   91048  2837175  31.11
1956-1959       46      0.00349  0.00349  0.50   90899     317   90741  2746127  30.21
1956-1959       47      0.00382  0.00382  0.50   90582     346   90409  2655386  29.31
1956-1959       48      0.00406  0.00405  0.50   90236     366   90053  2564977  28.43
1956-1959       49      0.00433  0.00432  0.50   89870     388   89676  2474924  27.54
1956-1959       50      0.00488  0.00486  0.50   89482     435   89264  2385248  26.66
1956-1959       51      0.00513  0.00512  0.50   89047     456   88819  2295983  25.78
1956-1959       52      0.00546  0.00544  0.50   88591     482   88350  2207165  24.91
1956-1959       53      0.00607  0.00605  0.50   88109     533   87842  2118815  24.05
1956-1959       54      0.00658  0.00656  0.50   87575     575   87288  2030973  23.19
1956-1959       55      0.00716  0.00714  0.50   87001     621   86690  1943685  22.34
1956-1959       56      0.00799  0.00795  0.50   86380     687   86036  1856995  21.50
1956-1959       57      0.00859  0.00855  0.50   85693     733   85327  1770958  20.67
1956-1959       58      0.00913  0.00909  0.50   84960     772   84574  1685632  19.84
1956-1959       59      0.01015  0.01010  0.50   84188     850   83763  1601058  19.02
1956-1959       60      0.01150  0.01143  0.50   83338     953   82862  1517294  18.21
1956-1959       61      0.01240  0.01232  0.50   82386    1015   81878  1434432  17.41
1956-1959       62      0.01390  0.01381  0.50   81371    1123   80809  1352554  16.62
1956-1959       63      0.01566  0.01554  0.50   80247    1247   79624  1271745  15.85
1956-1959       64      0.01684  0.01670  0.50   79000    1320   78340  1192121  15.09
1956-1959       65      0.01923  0.01905  0.50   77681    1480   76941  1113780  14.34
1956-1959       66      0.02137  0.02114  0.50   76201    1611   75395  1036840  13.61
1956-1959       67      0.02391  0.02363  0.50   74590    1763   73708   961444  12.89
1956-1959       68      0.02696  0.02661  0.50   72827    1938   71858   887736  12.19
1956-1959       69      0.03079  0.03033  0.50   70890    2150   69815   815878  11.51
1956-1959       70      0.03503  0.03443  0.50   68740    2367   67557   746063  10.85
1956-1959       71      0.03919  0.03844  0.50   66373    2551   65098   678506  10.22
1956-1959       72      0.04466  0.04368  0.50   63822    2788   62428   613409   9.61
1956-1959       73      0.05046  0.04921  0.50   61034    3004   59532   550981   9.03
1956-1959       74      0.05672  0.05515  0.50   58030    3201   56430   491448   8.47
1956-1959       75      0.06404  0.06205  0.50   54830    3402   53129   435018   7.93
1956-1959       76      0.07112  0.06868  0.50   51427    3532   49661   381889   7.43
1956-1959       77      0.08079  0.07765  0.50   47895    3719   46036   332228   6.94
1956-1959       78      0.08975  0.08589  0.50   44176    3794   42279   286192   6.48
1956-1959       79      0.10203  0.09708  0.50   40382    3920   38422   243913   6.04
1956-1959       80      0.11508  0.10882  0.50   36461    3968   34478   205492   5.64
1956-1959       81      0.12822  0.12050  0.50   32494    3915   30536   171014   5.26
1956-1959       82      0.14335  0.13377  0.50   28578    3823   26667   140478   4.92
1956-1959       83      0.15576  0.14451  0.50   24756    3577   22967   113811   4.60
1956-1959       84      0.17465  0.16063  0.50   21178    3402   19477    90844   4.29
1956-1959       85      0.19117  0.17449  0.50   17776    3102   16225    71367   4.01
1956-1959       86      0.21138  0.19118  0.50   14675    2805   13272    55141   3.76
1956-1959       87      0.22217  0.19996  0.50   11869    2373   10682    41870   3.53
1956-1959       88      0.25688  0.22764  0.50    9496    2162    8415    31187   3.28
1956-1959       89      0.26547  0.23436  0.50    7334    1719    6475    22772   3.10
1956-1959       90      0.29142  0.25436  0.50    5615    1428    4901    16297   2.90
1956-1959       91      0.32056  0.27628  0.50    4187    1157    3609    11396   2.72
1956-1959       92      0.33917  0.28999  0.50    3030     879    2591     7788   2.57
1956-1959       93      0.37204  0.31369  0.50    2151     675    1814     5197   2.42
1956-1959       94      0.37835  0.31817  0.50    1477     470    1242     3383   2.29
1956-1959       95      0.42870  0.35303  0.50    1007     355     829     2141   2.13
1956-1959       96      0.45738  0.37225  0.50     651     242     530     1312   2.01
1956-1959       97      0.48635  0.39122  0.50     409     160     329      782   1.91
1956-1959       98      0.51541  0.40980  0.50     249     102     198      453   1.82
1956-1959       99      0.54436  0.42790  0.50     147      63     115      255   1.74
1956-1959      100      0.57302  0.44541  0.50      84      37      65      140   1.66
1956-1959      101      0.60120  0.46225  0.50      47      22      36       74   1.59
1956-1959      102      0.62872  0.47835  0.50      25      12      19       38   1.53
1956-1959      103      0.65543  0.49365  0.50      13       6      10       19   1.47
1956-1959      104      0.68120  0.50813  0.50       7       3       5        9   1.42
1956-1959      105      0.70590  0.52175  0.50       3       2       2        4   1.38
1956-1959      106      0.72944  0.53450  0.50       2       1       1        2   1.34
1956-1959      107      0.75177  0.54639  0.50       1       0       1        1   1.30
1956-1959      108      0.77283  0.55743  0.50       0       0       0        0   1.27
1956-1959      109      0.79259  0.56764  0.50       0       0       0        0   1.25
1956-1959      110+     0.81106  1.00000  1.23       0       0       0        0   1.23
1960-1969        0      0.02423  0.02373  0.14  100000    2373   97961  7265226  72.65
1960-1969        1      0.00210  0.00210  0.50   97627     205   97524  7167266  73.41
1960-1969        2      0.00110  0.00110  0.50   97422     107   97368  7069741  72.57
1960-1969        3      0.00074  0.00074  0.50   97315      72   97279  6972373  71.65
1960-1969        4      0.00056  0.00056  0.50   97243      55   97216  6875094  70.70
1960-1969        5      0.00048  0.00048  0.50   97188      47   97165  6777878  69.74
1960-1969        6      0.00041  0.00041  0.50   97142      40   97122  6680713  68.77
1960-1969        7      0.00040  0.00040  0.50   97102      38   97082  6583592  67.80
1960-1969        8      0.00034  0.00034  0.50   97063      33   97046  6486509  66.83
1960-1969        9      0.00032  0.00032  0.50   97030      32   97014  6389463  65.85
1960-1969       10      0.00030  0.00030  0.50   96998      29   96984  6292449  64.87
1960-1969       11      0.00030  0.00030  0.50   96969      29   96955  6195465  63.89
1960-1969       12      0.00029  0.00029  0.50   96941      28   96927  6098510  62.91
1960-1969       13      0.00031  0.00031  0.50   96912      30   96897  6001583  61.93
1960-1969       14      0.00032  0.00032  0.50   96882      31   96867  5904686  60.95
1960-1969       15      0.00038  0.00038  0.50   96851      37   96833  5807819  59.97
1960-1969       16      0.00045  0.00045  0.50   96814      43   96793  5710986  58.99
1960-1969       17      0.00047  0.00047  0.50   96771      46   96748  5614194  58.02
1960-1969       18      0.00056  0.00056  0.50   96725      54   96698  5517446  57.04
1960-1969       19      0.00059  0.00059  0.50   96672      57   96643  5420747  56.07
1960-1969       20      0.00061  0.00061  0.50   96614      59   96584  5324104  55.11
1960-1969       21      0.00064  0.00064  0.50   96555      62   96524  5227520  54.14
1960-1969       22      0.00065  0.00065  0.50   96493      63   96461  5130996  53.17
1960-1969       23      0.00066  0.00066  0.50   96430      63   96398  5034535  52.21
1960-1969       24      0.00071  0.00071  0.50   96366      68   96332  4938137  51.24
1960-1969       25      0.00070  0.00070  0.50   96298      68   96264  4841805  50.28
1960-1969       26      0.00074  0.00074  0.50   96231      71   96195  4745540  49.31
1960-1969       27      0.00076  0.00076  0.50   96159      73   96123  4649345  48.35
1960-1969       28      0.00086  0.00086  0.50   96086      82   96045  4553223  47.39
1960-1969       29      0.00092  0.00092  0.50   96004      88   95960  4457178  46.43
1960-1969       30      0.00097  0.00097  0.50   95916      93   95869  4361218  45.47
1960-1969       31      0.00100  0.00100  0.50   95823      96   95775  4265349  44.51
1960-1969       32      0.00105  0.00105  0.50   95727     100   95676  4169574  43.56
1960-1969       33      0.00113  0.00113  0.50   95626     108   95572  4073898  42.60
1960-1969       34      0.00127  0.00127  0.50   95518     121   95458  3978326  41.65
1960-1969       35      0.00140  0.00140  0.50   95397     133   95330  3882868  40.70
1960-1969       36      0.00147  0.00147  0.50   95264     140   95194  3787538  39.76
1960-1969       37      0.00162  0.00161  0.50   95124     154   95047  3692344  38.82
1960-1969       38      0.00171  0.00171  0.50   94970     163   94889  3597297  37.88
1960-1969       39      0.00183  0.00183  0.50   94807     173   94721  3502408  36.94
1960-1969       40      0.00203  0.00203  0.50   94634     192   94538  3407688  36.01
1960-1969       41      0.00215  0.00214  0.50   94442     202   94341  3313149  35.08
1960-1969       42      0.00237  0.00237  0.50   94240     223   94128  3218809  34.16
1960-1969       43      0.00256  0.00256  0.50   94016     240   93896  3124681  33.24
1960-1969       44      0.00276  0.00275  0.50   93776     258   93647  3030785  32.32
1960-1969       45      0.00312  0.00311  0.50   93518     291   93372  2937138  31.41
1960-1969       46      0.00332  0.00332  0.50   93227     309   93072  2843766  30.50
1960-1969       47      0.00366  0.00365  0.50   92917     339   92748  2750694  29.60
1960-1969       48      0.00395  0.00394  0.50   92578     365   92396  2657946  28.71
1960-1969       49      0.00433  0.00432  0.50   92213     399   92014  2565551  27.82
1960-1969       50      0.00450  0.00449  0.50   91814     413   91608  2473537  26.94
1960-1969       51      0.00498  0.00497  0.50   91402     454   91175  2381929  26.06
1960-1969       52      0.00525  0.00523  0.50   90948     476   90710  2290754  25.19
1960-1969       53      0.00569  0.00568  0.50   90472     514   90215  2200044  24.32
1960-1969       54      0.00612  0.00610  0.50   89958     549   89684  2109828  23.45
1960-1969       55      0.00671  0.00669  0.50   89409     598   89110  2020144  22.59
1960-1969       56      0.00721  0.00718  0.50   88811     638   88492  1931034  21.74
1960-1969       57      0.00792  0.00789  0.50   88173     696   87825  1842542  20.90
1960-1969       58      0.00901  0.00897  0.50   87478     785   87085  1754717  20.06
1960-1969       59      0.00974  0.00969  0.50   86693     840   86273  1667632  19.24
1960-1969       60      0.01066  0.01061  0.50   85852     911   85397  1581359  18.42
1960-1969       61      0.01180  0.01173  0.50   84942     997   84443  1495962  17.61
1960-1969       62      0.01330  0.01321  0.50   83945    1109   83391  1411519  16.81
1960-1969       63      0.01472  0.01462  0.50   82836    1211   82231  1328128  16.03
1960-1969       64      0.01636  0.01623  0.50   81625    1325   80963  1245897  15.26
1960-1969       65      0.01837  0.01821  0.50   80301    1462   79570  1164934  14.51
1960-1969       66      0.02092  0.02070  0.50   78839    1632   78023  1085364  13.77
1960-1969       67      0.02311  0.02284  0.50   77207    1764   76325  1007341  13.05
1960-1969       68      0.02574  0.02541  0.50   75443    1917   74484   931017  12.34
1960-1969       69      0.02945  0.02902  0.50   73526    2134   72459   856532  11.65
1960-1969       70      0.03294  0.03241  0.50   71392    2314   70236   784073  10.98
1960-1969       71      0.03737  0.03669  0.50   69079    2534   67812   713837  10.33
1960-1969       72      0.04267  0.04178  0.50   66544    2780   65154   646026   9.71
1960-1969       73      0.04779  0.04668  0.50   63764    2976   62276   580871   9.11
1960-1969       74      0.05430  0.05286  0.50   60788    3213   59181   518595   8.53
1960-1969       75      0.06106  0.05925  0.50   57575    3411   55869   459414   7.98
1960-1969       76      0.06966  0.06732  0.50   54163    3646   52340   403545   7.45
1960-1969       77      0.07879  0.07580  0.50   50517    3829   48603   351205   6.95
1960-1969       78      0.08909  0.08529  0.50   46688    3982   44697   302602   6.48
1960-1969       79      0.10039  0.09559  0.50   42706    4082   40665   257905   6.04
1960-1969       80      0.11319  0.10713  0.50   38623    4138   36555   217241   5.62
1960-1969       81      0.12724  0.11963  0.50   34486    4126   32423   180686   5.24
1960-1969       82      0.14226  0.13281  0.50   30360    4032   28344   148263   4.88
1960-1969       83      0.15702  0.14559  0.50   26328    3833   24412   119919   4.55
1960-1969       84      0.17538  0.16124  0.50   22495    3627   20681    95507   4.25
1960-1969       85      0.19105  0.17439  0.50   18868    3290   17223    74826   3.97
1960-1969       86      0.21071  0.19062  0.50   15577    2969   14093    57603   3.70
1960-1969       87      0.23260  0.20837  0.50   12608    2627   11294    43510   3.45
1960-1969       88      0.25132  0.22327  0.50    9981    2228    8867    32216   3.23
1960-1969       89      0.27504  0.24179  0.50    7752    1874    6815    23349   3.01
1960-1969       90      0.30022  0.26103  0.50    5878    1534    5111    16534   2.81
1960-1969       91      0.32901  0.28253  0.50    4344    1227    3730    11423   2.63
1960-1969       92      0.35681  0.30279  0.50    3116     944    2645     7693   2.47
1960-1969       93      0.38682  0.32413  0.50    2173     704    1821     5048   2.32
1960-1969       94      0.40518  0.33693  0.50    1469     495    1221     3228   2.20
1960-1969       95      0.44355  0.36304  0.50     974     354     797     2007   2.06
1960-1969       96      0.47369  0.38298  0.50     620     238     501     1210   1.95
1960-1969       97      0.50401  0.40256  0.50     383     154     306      708   1.85
1960-1969       98      0.53431  0.42166  0.50     229      96     180      402   1.76
1960-1969       99      0.56436  0.44015  0.50     132      58     103      222   1.68
1960-1969      100      0.59394  0.45794  0.50      74      34      57      119   1.61
1960-1969      101      0.62285  0.47494  0.50      40      19      31       62   1.54
1960-1969      102      0.65092  0.49109  0.50      21      10      16       31   1.48
1960-1969      103      0.67797  0.50633  0.50      11       5       8       15   1.43
1960-1969      104      0.70389  0.52065  0.50       5       3       4        7   1.38
1960-1969      105      0.72855  0.53402  0.50       3       1       2        3   1.34
1960-1969      106      0.75188  0.54645  0.50       1       1       1        2   1.30
1960-1969      107      0.77383  0.55795  0.50       1       0       0        1   1.27
1960-1969      108      0.79437  0.56855  0.50       0       0       0        0   1.24
1960-1969      109      0.81350  0.57828  0.50       0       0       0        0   1.22
1960-1969      110+     0.83122  1.00000  1.20       0       0       0        0   1.20
1970-1979        0      0.01322  0.01307  0.12  100000    1307   98852  7424686  74.25
1970-1979        1      0.00109  0.00109  0.50   98693     108   98639  7325834  74.23
1970-1979        2      0.00062  0.00062  0.50   98585      61   98555  7227195  73.31
1970-1979        3      0.00048  0.00048  0.50   98524      47   98501  7128640  72.35
1970-1979        4      0.00040  0.00040  0.50   98477      40   98457  7030140  71.39
1970-1979        5      0.00035  0.00035  0.50   98438      35   98420  6931682  70.42
1970-1979        6      0.00036  0.00036  0.50   98403      36   98385  6833262  69.44
1970-1979        7      0.00031  0.00031  0.50   98367      31   98352  6734877  68.47
1970-1979        8      0.00029  0.00029  0.50   98336      29   98322  6636525  67.49
1970-1979        9      0.00025  0.00025  0.50   98307      25   98295  6538204  66.51
1970-1979       10      0.00025  0.00025  0.50   98283      24   98271  6439908  65.52
1970-1979       11      0.00022  0.00022  0.50   98259      21   98248  6341638  64.54
1970-1979       12      0.00023  0.00023  0.50   98237      22   98226  6243389  63.55
1970-1979       13      0.00022  0.00022  0.50   98215      22   98204  6145163  62.57
1970-1979       14      0.00028  0.00028  0.50   98194      27   98180  6046959  61.58
1970-1979       15      0.00038  0.00038  0.50   98166      38   98148  5948779  60.60
1970-1979       16      0.00047  0.00047  0.50   98129      46   98106  5850631  59.62
1970-1979       17      0.00043  0.00043  0.50   98083      43   98061  5752525  58.65
1970-1979       18      0.00051  0.00051  0.50   98040      50   98015  5654464  57.68
1970-1979       19      0.00055  0.00055  0.50   97990      54   97963  5556449  56.70
1970-1979       20      0.00057  0.00056  0.50   97936      55   97908  5458486  55.74
1970-1979       21      0.00050  0.00050  0.50   97881      49   97856  5360578  54.77
1970-1979       22      0.00051  0.00051  0.50   97832      50   97807  5262721  53.79
1970-1979       23      0.00056  0.00056  0.50   97781      54   97754  5164915  52.82
1970-1979       24      0.00052  0.00052  0.50   97727      50   97702  5067161  51.85
1970-1979       25      0.00057  0.00057  0.50   97677      56   97649  4969459  50.88
1970-1979       26      0.00062  0.00062  0.50   97621      61   97591  4871810  49.91
1970-1979       27      0.00062  0.00062  0.50   97560      60   97530  4774220  48.94
1970-1979       28      0.00063  0.00063  0.50   97500      61   97470  4676689  47.97
1970-1979       29      0.00074  0.00074  0.50   97439      73   97403  4579219  47.00
1970-1979       30      0.00075  0.00075  0.50   97367      73   97330  4481816  46.03
1970-1979       31      0.00081  0.00081  0.50   97293      79   97254  4384487  45.06
1970-1979       32      0.00081  0.00081  0.50   97215      79   97175  4287233  44.10
1970-1979       33      0.00092  0.00092  0.50   97136      89   97091  4190057  43.14
1970-1979       34      0.00098  0.00098  0.50   97047      95   96999  4092966  42.18
1970-1979       35      0.00106  0.00106  0.50   96952     102   96901  3995967  41.22
1970-1979       36      0.00115  0.00115  0.50   96850     111   96794  3899066  40.26
1970-1979       37      0.00123  0.00123  0.50   96739     119   96679  3802272  39.30
1970-1979       38      0.00140  0.00140  0.50   96620     135   96553  3705592  38.35
1970-1979       39      0.00142  0.00142  0.50   96485     137   96417  3609039  37.41
1970-1979       40      0.00166  0.00166  0.50   96348     160   96268  3512623  36.46
1970-1979       41      0.00185  0.00185  0.50   96188     178   96099  3416355  35.52
1970-1979       42      0.00203  0.00203  0.50   96010     195   95913  3320256  34.58
1970-1979       43      0.00235  0.00235  0.50   95816     225   95703  3224343  33.65
1970-1979       44      0.00246  0.00245  0.50   95591     234   95474  3128640  32.73
1970-1979       45      0.00260  0.00260  0.50   95356     248   95232  3033166  31.81
1970-1979       46      0.00294  0.00294  0.50   95108     279   94969  2937933  30.89
1970-1979       47      0.00322  0.00322  0.50   94829     305   94677  2842965  29.98
1970-1979       48      0.00366  0.00365  0.50   94524     345   94352  2748288  29.07
1970-1979       49      0.00400  0.00399  0.50   94179     376   93991  2653936  28.18
1970-1979       50      0.00430  0.00429  0.50   93804     402   93603  2559945  27.29
1970-1979       51      0.00463  0.00462  0.50   93402     431   93186  2466342  26.41
1970-1979       52      0.00486  0.00485  0.50   92970     451   92744  2373156  25.53
1970-1979       53      0.00551  0.00549  0.50   92519     508   92265  2280412  24.65
1970-1979       54      0.00583  0.00581  0.50   92011     535   91744  2188147  23.78
1970-1979       55      0.00641  0.00639  0.50   91476     585   91184  2096403  22.92
1970-1979       56      0.00705  0.00703  0.50   90891     639   90572  2005220  22.06
1970-1979       57      0.00796  0.00793  0.50   90253     716   89895  1914648  21.21
1970-1979       58      0.00855  0.00851  0.50   89537     762   89156  1824753  20.38
1970-1979       59      0.00908  0.00904  0.50   88774     802   88373  1735597  19.55
1970-1979       60      0.01008  0.01003  0.50   87972     882   87531  1647224  18.72
1970-1979       61      0.01145  0.01138  0.50   87090     991   86594  1559693  17.91
1970-1979       62      0.01290  0.01282  0.50   86099    1103   85547  1473099  17.11
1970-1979       63      0.01411  0.01401  0.50   84995    1191   84400  1387552  16.33
1970-1979       64      0.01566  0.01554  0.50   83804    1302   83153  1303152  15.55
1970-1979       65      0.01757  0.01741  0.50   82502    1437   81783  1219999  14.79
1970-1979       66      0.01993  0.01973  0.50   81065    1600   80265  1138216  14.04
1970-1979       67      0.02221  0.02197  0.50   79465    1746   78593  1057951  13.31
1970-1979       68      0.02497  0.02466  0.50   77720    1916   76762   979358  12.60
1970-1979       69      0.02821  0.02781  0.50   75803    2108   74749   902597  11.91
1970-1979       70      0.03178  0.03129  0.50   73695    2306   72542   827847  11.23
1970-1979       71      0.03639  0.03574  0.50   71389    2552   70114   755305  10.58
1970-1979       72      0.04105  0.04023  0.50   68838    2769   67453   685192   9.95
1970-1979       73      0.04637  0.04532  0.50   66069    2994   64572   617738   9.35
1970-1979       74      0.05222  0.05089  0.50   63075    3210   61470   553167   8.77
1970-1979       75      0.05898  0.05729  0.50   59865    3429   58150   491697   8.21
1970-1979       76      0.06640  0.06426  0.50   56435    3627   54622   433547   7.68
1970-1979       77      0.07553  0.07278  0.50   52809    3843   50887   378925   7.18
1970-1979       78      0.08400  0.08061  0.50   48965    3947   46992   328038   6.70
1970-1979       79      0.09478  0.09050  0.50   45018    4074   42981   281046   6.24
1970-1979       80      0.10778  0.10227  0.50   40944    4187   38850   238065   5.81
1970-1979       81      0.11950  0.11276  0.50   36757    4145   34684   199215   5.42
1970-1979       82      0.13361  0.12524  0.50   32612    4084   30570   164530   5.05
1970-1979       83      0.15025  0.13975  0.50   28528    3987   26534   133960   4.70
1970-1979       84      0.16558  0.15292  0.50   24541    3753   22664   107426   4.38
1970-1979       85      0.18400  0.16850  0.50   20788    3503   19037    84762   4.08
1970-1979       86      0.20233  0.18374  0.50   17285    3176   15697    65725   3.80
1970-1979       87      0.22395  0.20140  0.50   14109    2842   12688    50028   3.55
1970-1979       88      0.24536  0.21855  0.50   11268    2463   10036    37340   3.31
1970-1979       89      0.26844  0.23668  0.50    8805    2084    7763    27303   3.10
1970-1979       90      0.28716  0.25110  0.50    6721    1688    5877    19540   2.91
1970-1979       91      0.31907  0.27517  0.50    5033    1385    4341    13663   2.71
1970-1979       92      0.34348  0.29314  0.50    3648    1069    3114     9322   2.56
1970-1979       93      0.36357  0.30765  0.50    2579     793    2182     6208   2.41
1970-1979       94      0.39292  0.32840  0.50    1786     586    1492     4026   2.25
1970-1979       95      0.43024  0.35407  0.50    1199     425     987     2534   2.11
1970-1979       96      0.46032  0.37420  0.50     775     290     630     1547   2.00
1970-1979       97      0.49069  0.39402  0.50     485     191     389      917   1.89
1970-1979       98      0.52113  0.41341  0.50     294     121     233      528   1.80
1970-1979       99      0.55142  0.43224  0.50     172      74     135      295   1.71
1970-1979      100      0.58133  0.45041  0.50      98      44      76      160   1.64
1970-1979      101      0.61065  0.46781  0.50      54      25      41       84   1.57
1970-1979      102      0.63919  0.48438  0.50      29      14      22       43   1.51
1970-1979      103      0.66678  0.50007  0.50      15       7      11       21   1.45
1970-1979      104      0.69328  0.51482  0.50       7       4       5       10   1.40
1970-1979      105      0.71856  0.52863  0.50       4       2       3        5   1.36
1970-1979      106      0.74252  0.54149  0.50       2       1       1        2   1.32
1970-1979      107      0.76512  0.55341  0.50       1       0       1        1   1.28
1970-1979      108      0.78630  0.56440  0.50       0       0       0        0   1.25
1970-1979      109      0.80606  0.57451  0.50       0       0       0        0   1.23
1970-1979      110+     0.82439  1.00000  1.21       0       0       0        0   1.21
1980-1989        0      0.00846  0.00839  0.13  100000     839   99271  7546835  75.47
1980-1989        1      0.00087  0.00087  0.50   99161      86   99117  7447564  75.11
1980-1989        2      0.00050  0.00050  0.50   99074      49   99049  7348447  74.17
1980-1989        3      0.00035  0.00035  0.50   99025      34   99008  7249397  73.21
1980-1989        4      0.00030  0.00030  0.50   98991      30   98976  7150390  72.23
1980-1989        5      0.00027  0.00027  0.50   98961      27   98948  7051414  71.25
1980-1989        6      0.00022  0.00022  0.50   98934      22   98923  6952466  70.27
1980-1989        7      0.00023  0.00023  0.50   98912      23   98901  6853543  69.29
1980-1989        8      0.00023  0.00023  0.50   98889      23   98878  6754642  68.31
1980-1989        9      0.00017  0.00017  0.50   98867      17   98858  6655764  67.32
1980-1989       10      0.00017  0.00017  0.50   98849      17   98841  6556906  66.33
1980-1989       11      0.00018  0.00018  0.50   98832      18   98824  6458065  65.34
1980-1989       12      0.00016  0.00016  0.50   98815      16   98807  6359242  64.36
1980-1989       13      0.00020  0.00020  0.50   98799      19   98789  6260435  63.37
1980-1989       14      0.00021  0.00021  0.50   98779      21   98769  6161646  62.38
1980-1989       15      0.00031  0.00031  0.50   98758      30   98743  6062877  61.39
1980-1989       16      0.00041  0.00041  0.50   98728      40   98708  5964134  60.41
1980-1989       17      0.00044  0.00044  0.50   98687      44   98666  5865426  59.43
1980-1989       18      0.00049  0.00049  0.50   98644      49   98619  5766760  58.46
1980-1989       19      0.00048  0.00048  0.50   98595      47   98571  5668141  57.49
1980-1989       20      0.00047  0.00047  0.50   98548      47   98524  5569569  56.52
1980-1989       21      0.00044  0.00044  0.50   98501      43   98479  5471045  55.54
1980-1989       22      0.00048  0.00048  0.50   98458      48   98434  5372566  54.57
1980-1989       23      0.00048  0.00048  0.50   98410      47   98387  5274132  53.59
1980-1989       24      0.00052  0.00052  0.50   98363      52   98337  5175745  52.62
1980-1989       25      0.00048  0.00048  0.50   98311      47   98288  5077408  51.65
1980-1989       26      0.00054  0.00054  0.50   98264      54   98237  4979120  50.67
1980-1989       27      0.00052  0.00052  0.50   98211      51   98185  4880883  49.70
1980-1989       28      0.00056  0.00056  0.50   98159      55   98132  4782698  48.72
1980-1989       29      0.00062  0.00062  0.50   98104      61   98074  4684566  47.75
1980-1989       30      0.00065  0.00065  0.50   98043      64   98011  4586492  46.78
1980-1989       31      0.00067  0.00067  0.50   97979      66   97946  4488481  45.81
1980-1989       32      0.00075  0.00075  0.50   97913      74   97876  4390535  44.84
1980-1989       33      0.00083  0.00083  0.50   97840      81   97799  4292658  43.87
1980-1989       34      0.00086  0.00086  0.50   97759      84   97716  4194859  42.91
1980-1989       35      0.00093  0.00093  0.50   97674      91   97629  4097143  41.95
1980-1989       36      0.00102  0.00102  0.50   97583      99   97533  3999514  40.99
1980-1989       37      0.00114  0.00114  0.50   97484     111   97428  3901981  40.03
1980-1989       38      0.00121  0.00121  0.50   97373     117   97314  3804552  39.07
1980-1989       39      0.00137  0.00137  0.50   97255     133   97189  3707238  38.12
1980-1989       40      0.00146  0.00146  0.50   97122     142   97051  3610050  37.17
1980-1989       41      0.00165  0.00165  0.50   96980     160   96900  3512998  36.22
1980-1989       42      0.00189  0.00189  0.50   96820     183   96729  3416098  35.28
1980-1989       43      0.00199  0.00199  0.50   96637     192   96541  3319369  34.35
1980-1989       44      0.00216  0.00216  0.50   96445     208   96341  3222828  33.42
1980-1989       45      0.00237  0.00237  0.50   96237     228   96123  3126487  32.49
1980-1989       46      0.00260  0.00260  0.50   96009     249   95885  3030364  31.56
1980-1989       47      0.00286  0.00285  0.50   95760     273   95623  2934480  30.64
1980-1989       48      0.00319  0.00319  0.50   95487     304   95335  2838856  29.73
1980-1989       49      0.00349  0.00349  0.50   95182     332   95017  2743522  28.82
1980-1989       50      0.00387  0.00386  0.50   94851     366   94668  2648505  27.92
1980-1989       51      0.00428  0.00427  0.50   94485     403   94283  2553837  27.03
1980-1989       52      0.00472  0.00471  0.50   94081     443   93860  2459554  26.14
1980-1989       53      0.00514  0.00513  0.50   93639     480   93398  2365694  25.26
1980-1989       54      0.00554  0.00553  0.50   93158     515   92901  2272296  24.39
1980-1989       55      0.00600  0.00598  0.50   92643     554   92366  2179395  23.52
1980-1989       56      0.00657  0.00655  0.50   92089     603   91788  2087029  22.66
1980-1989       57      0.00734  0.00731  0.50   91486     669   91152  1995241  21.81
1980-1989       58      0.00792  0.00789  0.50   90817     717   90459  1904090  20.97
1980-1989       59      0.00862  0.00858  0.50   90101     773   89714  1813631  20.13
1980-1989       60      0.01001  0.00996  0.50   89327     890   88882  1723917  19.30
1980-1989       61      0.01081  0.01075  0.50   88438     951   87962  1635034  18.49
1980-1989       62      0.01228  0.01221  0.50   87487    1068   86953  1547072  17.68
1980-1989       63      0.01327  0.01318  0.50   86419    1139   85849  1460119  16.90
1980-1989       64      0.01466  0.01455  0.50   85279    1241   84659  1374270  16.11
1980-1989       65      0.01668  0.01655  0.50   84039    1391   83343  1289611  15.35
1980-1989       66      0.01822  0.01806  0.50   82648    1492   81902  1206268  14.60
1980-1989       67      0.02037  0.02017  0.50   81156    1637   80337  1124366  13.85
1980-1989       68      0.02324  0.02297  0.50   79519    1826   78606  1044029  13.13
1980-1989       69      0.02622  0.02588  0.50   77692    2011   76687   965424  12.43
1980-1989       70      0.02902  0.02861  0.50   75682    2165   74599   888736  11.74
1980-1989       71      0.03309  0.03255  0.50   73517    2393   72320   814137  11.07
1980-1989       72      0.03719  0.03651  0.50   71124    2597   69825   741817  10.43
1980-1989       73      0.04239  0.04151  0.50   68527    2845   67104   671992   9.81
1980-1989       74      0.04751  0.04641  0.50   65682    3048   64158   604887   9.21
1980-1989       75      0.05348  0.05208  0.50   62634    3262   61003   540729   8.63
1980-1989       76      0.06027  0.05850  0.50   59372    3473   57635   479726   8.08
1980-1989       77      0.06865  0.06637  0.50   55898    3710   54043   422091   7.55
1980-1989       78      0.07682  0.07397  0.50   52188    3861   50258   368048   7.05
1980-1989       79      0.08720  0.08356  0.50   48328    4038   46308   317790   6.58
1980-1989       80      0.09767  0.09312  0.50   44289    4124   42227   271482   6.13
1980-1989       81      0.10972  0.10402  0.50   40165    4178   38076   229255   5.71
1980-1989       82      0.12231  0.11526  0.50   35987    4148   33913   191178   5.31
1980-1989       83      0.13685  0.12809  0.50   31839    4078   29800   157265   4.94
1980-1989       84      0.15493  0.14379  0.50   27761    3992   25765   127464   4.59
1980-1989       85      0.16996  0.15665  0.50   23769    3723   21908   101699   4.28
1980-1989       86      0.19108  0.17442  0.50   20046    3496   18298    79791   3.98
1980-1989       87      0.20947  0.18961  0.50   16550    3138   14981    61494   3.72
1980-1989       88      0.23077  0.20690  0.50   13412    2775   12024    46513   3.47
1980-1989       89      0.25091  0.22294  0.50   10637    2371    9451    34489   3.24
1980-1989       90      0.27142  0.23899  0.50    8265    1975    7278    25038   3.03
1980-1989       91      0.29614  0.25795  0.50    6290    1622    5479    17760   2.82
1980-1989       92      0.32498  0.27955  0.50    4668    1305    4015    12281   2.63
1980-1989       93      0.35925  0.30454  0.50    3363    1024    2851     8266   2.46
1980-1989       94      0.38164  0.32048  0.50    2339     749    1964     5415   2.32
1980-1989       95      0.41524  0.34385  0.50    1589     546    1316     3452   2.17
1980-1989       96      0.44581  0.36455  0.50    1043     380     853     2136   2.05
1980-1989       97      0.47679  0.38501  0.50     663     255     535     1283   1.94
1980-1989       98      0.50795  0.40507  0.50     407     165     325      748   1.84
1980-1989       99      0.53906  0.42461  0.50     242     103     191      423   1.74
1980-1989      100      0.56986  0.44349  0.50     139      62     109      232   1.66
1980-1989      101      0.60013  0.46161  0.50      78      36      60      123   1.59
1980-1989      102      0.62965  0.47889  0.50      42      20      32       64   1.52
1980-1989      103      0.65824  0.49524  0.50      22      11      16       32   1.47
1980-1989      104      0.68572  0.51064  0.50      11       6       8       16   1.41
1980-1989      105      0.71195  0.52505  0.50       5       3       4        7   1.37
1980-1989      106      0.73684  0.53846  0.50       3       1       2        3   1.33
1980-1989      107      0.76030  0.55088  0.50       1       1       1        2   1.29
1980-1989      108      0.78229  0.56234  0.50       1       0       0        1   1.26
1980-1989      109      0.80278  0.57285  0.50       0       0       0        0   1.23
1980-1989      110+     0.82179  1.00000  1.22       0       0       0        0   1.22
1990-1999        0      0.00505  0.00503  0.14  100000     503   99567  7827917  78.28
1990-1999        1      0.00057  0.00057  0.50   99497      57   99469  7728350  77.67
1990-1999        2      0.00033  0.00033  0.50   99440      33   99424  7628882  76.72
1990-1999        3      0.00026  0.00026  0.50   99407      26   99394  7529458  75.74
1990-1999        4      0.00023  0.00023  0.50   99381      23   99369  7430064  74.76
1990-1999        5      0.00020  0.00020  0.50   99358      20   99348  7330695  73.78
1990-1999        6      0.00019  0.00019  0.50   99338      18   99328  7231347  72.80
1990-1999        7      0.00015  0.00015  0.50   99319      15   99312  7132019  71.81
1990-1999        8      0.00015  0.00015  0.50   99304      15   99297  7032707  70.82
1990-1999        9      0.00014  0.00014  0.50   99289      14   99283  6933410  69.83
1990-1999       10      0.00015  0.00015  0.50   99276      15   99268  6834127  68.84
1990-1999       11      0.00014  0.00014  0.50   99261      14   99254  6734859  67.85
1990-1999       12      0.00014  0.00014  0.50   99247      14   99240  6635605  66.86
1990-1999       13      0.00018  0.00018  0.50   99233      18   99224  6536366  65.87
1990-1999       14      0.00020  0.00020  0.50   99215      20   99204  6437142  64.88
1990-1999       15      0.00028  0.00028  0.50   99194      27   99181  6337938  63.89
1990-1999       16      0.00037  0.00037  0.50   99167      36   99149  6238757  62.91
1990-1999       17      0.00036  0.00036  0.50   99131      36   99113  6139608  61.93
1990-1999       18      0.00051  0.00051  0.50   99095      50   99070  6040495  60.96
1990-1999       19      0.00050  0.00050  0.50   99045      50   99020  5941426  59.99
1990-1999       20      0.00044  0.00044  0.50   98995      44   98973  5842406  59.02
1990-1999       21      0.00041  0.00041  0.50   98951      41   98931  5743433  58.04
1990-1999       22      0.00037  0.00037  0.50   98910      36   98892  5644502  57.07
1990-1999       23      0.00037  0.00037  0.50   98874      36   98856  5545610  56.09
1990-1999       24      0.00039  0.00039  0.50   98837      39   98818  5446755  55.11
1990-1999       25      0.00040  0.00040  0.50   98799      40   98779  5347936  54.13
1990-1999       26      0.00041  0.00041  0.50   98759      41   98739  5249158  53.15
1990-1999       27      0.00041  0.00041  0.50   98718      41   98698  5150419  52.17
1990-1999       28      0.00049  0.00049  0.50   98678      48   98654  5051721  51.19
1990-1999       29      0.00051  0.00051  0.50   98630      50   98604  4953067  50.22
1990-1999       30      0.00058  0.00058  0.50   98579      57   98551  4854463  49.24
1990-1999       31      0.00059  0.00059  0.50   98522      58   98494  4755912  48.27
1990-1999       32      0.00062  0.00062  0.50   98465      61   98434  4657418  47.30
1990-1999       33      0.00075  0.00075  0.50   98404      73   98367  4558984  46.33
1990-1999       34      0.00085  0.00085  0.50   98330      83   98289  4460617  45.36
1990-1999       35      0.00085  0.00085  0.50   98247      83   98205  4362328  44.40
1990-1999       36      0.00097  0.00097  0.50   98164      95   98116  4264123  43.44
1990-1999       37      0.00103  0.00103  0.50   98068     101   98018  4166007  42.48
1990-1999       38      0.00111  0.00111  0.50   97967     109   97913  4067989  41.52
1990-1999       39      0.00123  0.00123  0.50   97859     121   97799  3970076  40.57
1990-1999       40      0.00139  0.00139  0.50   97738     135   97671  3872277  39.62
1990-1999       41      0.00151  0.00151  0.50   97603     148   97529  3774606  38.67
1990-1999       42      0.00160  0.00160  0.50   97455     156   97377  3677078  37.73
1990-1999       43      0.00171  0.00171  0.50   97299     167   97216  3579701  36.79
1990-1999       44      0.00194  0.00194  0.50   97132     188   97038  3482485  35.85
1990-1999       45      0.00203  0.00202  0.50   96944     196   96846  3385447  34.92
1990-1999       46      0.00226  0.00226  0.50   96748     219   96639  3288601  33.99
1990-1999       47      0.00244  0.00244  0.50   96529     235   96412  3191962  33.07
1990-1999       48      0.00269  0.00269  0.50   96294     259   96164  3095551  32.15
1990-1999       49      0.00289  0.00289  0.50   96035     277   95896  2999386  31.23
1990-1999       50      0.00310  0.00309  0.50   95757     296   95609  2903490  30.32
1990-1999       51      0.00338  0.00338  0.50   95461     323   95300  2807881  29.41
1990-1999       52      0.00372  0.00372  0.50   95139     353   94962  2712581  28.51
1990-1999       53      0.00398  0.00397  0.50   94785     376   94597  2617619  27.62
1990-1999       54      0.00423  0.00422  0.50   94409     398   94210  2523022  26.72
1990-1999       55      0.00478  0.00477  0.50   94011     448   93787  2428812  25.84
1990-1999       56      0.00503  0.00502  0.50   93562     469   93328  2335026  24.96
1990-1999       57      0.00565  0.00563  0.50   93093     525   92831  2241698  24.08
1990-1999       58      0.00609  0.00607  0.50   92569     562   92288  2148867  23.21
1990-1999       59      0.00675  0.00673  0.50   92007     619   91697  2056579  22.35
1990-1999       60      0.00760  0.00758  0.50   91388     692   91041  1964882  21.50
1990-1999       61      0.00858  0.00855  0.50   90695     775   90308  1873841  20.66
1990-1999       62      0.00925  0.00921  0.50   89920     828   89506  1783533  19.83
1990-1999       63      0.01023  0.01018  0.50   89092     907   88639  1694027  19.01
1990-1999       64      0.01153  0.01147  0.50   88185    1011   87680  1605388  18.20
1990-1999       65      0.01283  0.01275  0.50   87174    1111   86618  1517709  17.41
1990-1999       66      0.01424  0.01413  0.50   86063    1216   85455  1431090  16.63
1990-1999       67      0.01572  0.01559  0.50   84846    1323   84185  1345635  15.86
1990-1999       68      0.01750  0.01735  0.50   83523    1449   82799  1261451  15.10
1990-1999       69      0.01970  0.01951  0.50   82074    1601   81273  1178652  14.36
1990-1999       70      0.02252  0.02227  0.50   80473    1792   79577  1097378  13.64
1990-1999       71      0.02462  0.02432  0.50   78680    1913   77724  1017802  12.94
1990-1999       72      0.02736  0.02699  0.50   76767    2072   75731   940078  12.25
1990-1999       73      0.03040  0.02995  0.50   74695    2237   73577   864347  11.57
1990-1999       74      0.03424  0.03366  0.50   72458    2439   71239   790770  10.91
1990-1999       75      0.03866  0.03793  0.50   70019    2656   68691   719532  10.28
1990-1999       76      0.04390  0.04296  0.50   67363    2894   65916   650840   9.66
1990-1999       77      0.04982  0.04861  0.50   64469    3134   62902   584924   9.07
1990-1999       78      0.05683  0.05526  0.50   61335    3389   59641   522022   8.51
1990-1999       79      0.06381  0.06184  0.50   57946    3583   56155   462381   7.98
1990-1999       80      0.07181  0.06932  0.50   54363    3768   52479   406226   7.47
1990-1999       81      0.08138  0.07820  0.50   50595    3957   48617   353747   6.99
1990-1999       82      0.08981  0.08595  0.50   46638    4009   44634   305131   6.54
1990-1999       83      0.09977  0.09503  0.50   42630    4051   40604   260497   6.11
1990-1999       84      0.11043  0.10465  0.50   38579    4037   36560   219892   5.70
1990-1999       85      0.12404  0.11679  0.50   34541    4034   32524   183332   5.31
1990-1999       86      0.13731  0.12849  0.50   30507    3920   28547   150808   4.94
1990-1999       87      0.15418  0.14314  0.50   26587    3806   24684   122261   4.60
1990-1999       88      0.17097  0.15751  0.50   22781    3588   20987    97577   4.28
1990-1999       89      0.18981  0.17335  0.50   19193    3327   17530    76589   3.99
1990-1999       90      0.20863  0.18892  0.50   15866    2997   14367    59060   3.72
1990-1999       91      0.22965  0.20599  0.50   12869    2651   11543    44692   3.47
1990-1999       92      0.24945  0.22178  0.50   10218    2266    9085    33149   3.24
1990-1999       93      0.27673  0.24310  0.50    7952    1933    6985    24065   3.03
1990-1999       94      0.29723  0.25877  0.50    6019    1557    5240    17080   2.84
1990-1999       95      0.32471  0.27936  0.50    4461    1246    3838    11840   2.65
1990-1999       96      0.35198  0.29930  0.50    3215     962    2734     8002   2.49
1990-1999       97      0.38024  0.31950  0.50    2253     720    1893     5268   2.34
1990-1999       98      0.40934  0.33979  0.50    1533     521    1273     3375   2.20
1990-1999       99      0.43909  0.36004  0.50    1012     364     830     2103   2.08
1990-1999      100      0.46928  0.38009  0.50     648     246     525     1273   1.97
1990-1999      101      0.49970  0.39981  0.50     401     161     321      748   1.86
1990-1999      102      0.53012  0.41905  0.50     241     101     190      427   1.77
1990-1999      103      0.56032  0.43770  0.50     140      61     109      237   1.69
1990-1999      104      0.59008  0.45565  0.50      79      36      61      127   1.62
1990-1999      105      0.61919  0.47281  0.50      43      20      33       66   1.55
1990-1999      106      0.64748  0.48913  0.50      23      11      17       34   1.49
1990-1999      107      0.67476  0.50454  0.50      12       6       9       17   1.44
1990-1999      108      0.70091  0.51902  0.50       6       3       4        8   1.39
1990-1999      109      0.72581  0.53254  0.50       3       1       2        4   1.36
1990-1999      110+     0.74938  1.00000  1.33       1       1       2        2   1.33
2000-2009        0      0.00305  0.00304  0.14  100000     304   99739  8165861  81.66
2000-2009        1      0.00032  0.00032  0.50   99696      32   99680  8066121  80.91
2000-2009        2      0.00016  0.00016  0.50   99664      16   99656  7966441  79.93
2000-2009        3      0.00013  0.00013  0.50   99648      13   99642  7866785  78.95
2000-2009        4      0.00013  0.00013  0.50   99636      13   99629  7767143  77.96
2000-2009        5      0.00008  0.00008  0.50   99622       8   99618  7667515  76.97
2000-2009        6      0.00009  0.00009  0.50   99614       9   99609  7567897  75.97
2000-2009        7      0.00009  0.00009  0.50   99605       9   99601  7468287  74.98
2000-2009        8      0.00009  0.00009  0.50   99596       9   99591  7368686  73.99
2000-2009        9      0.00007  0.00007  0.50   99587       7   99583  7269095  72.99
2000-2009       10      0.00010  0.00010  0.50   99579      10   99574  7169512  72.00
2000-2009       11      0.00009  0.00009  0.50   99569       9   99565  7069938  71.01
2000-2009       12      0.00008  0.00008  0.50   99560       8   99556  6970373  70.01
2000-2009       13      0.00012  0.00012  0.50   99552      12   99546  6870817  69.02
2000-2009       14      0.00017  0.00017  0.50   99540      17   99532  6771271  68.03
2000-2009       15      0.00020  0.00020  0.50   99523      20   99513  6671739  67.04
2000-2009       16      0.00023  0.00023  0.50   99503      23   99492  6572226  66.05
2000-2009       17      0.00026  0.00026  0.50   99480      26   99467  6472734  65.07
2000-2009       18      0.00030  0.00030  0.50   99454      30   99439  6373267  64.08
2000-2009       19      0.00032  0.00032  0.50   99424      32   99408  6273828  63.10
2000-2009       20      0.00032  0.00032  0.50   99392      32   99376  6174421  62.12
2000-2009       21      0.00027  0.00027  0.50   99359      27   99346  6075045  61.14
2000-2009       22      0.00029  0.00029  0.50   99333      28   99318  5975699  60.16
2000-2009       23      0.00030  0.00030  0.50   99304      30   99289  5876381  59.18
2000-2009       24      0.00025  0.00025  0.50   99274      25   99262  5777091  58.19
2000-2009       25      0.00027  0.00027  0.50   99250      26   99237  5677829  57.21
2000-2009       26      0.00027  0.00027  0.50   99223      27   99210  5578593  56.22
2000-2009       27      0.00031  0.00031  0.50   99197      31   99181  5479383  55.24
2000-2009       28      0.00029  0.00029  0.50   99166      29   99151  5380202  54.25
2000-2009       29      0.00030  0.00030  0.50   99137      30   99122  5281050  53.27
2000-2009       30      0.00028  0.00028  0.50   99107      28   99093  5181928  52.29
2000-2009       31      0.00037  0.00037  0.50   99079      37   99060  5082835  51.30
2000-2009       32      0.00037  0.00037  0.50   99042      37   99023  4983775  50.32
2000-2009       33      0.00039  0.00039  0.50   99005      39   98986  4884751  49.34
2000-2009       34      0.00048  0.00048  0.50   98966      48   98942  4785766  48.36
2000-2009       35      0.00054  0.00054  0.50   98919      53   98892  4686824  47.38
2000-2009       36      0.00062  0.00062  0.50   98865      61   98835  4587932  46.41
2000-2009       37      0.00067  0.00067  0.50   98804      66   98771  4489097  45.43
2000-2009       38      0.00073  0.00073  0.50   98738      73   98702  4390326  44.46
2000-2009       39      0.00083  0.00083  0.50   98666      82   98625  4291624  43.50
2000-2009       40      0.00091  0.00091  0.50   98584      90   98539  4192998  42.53
2000-2009       41      0.00105  0.00105  0.50   98494     103   98443  4094459  41.57
2000-2009       42      0.00118  0.00118  0.50   98391     116   98333  3996016  40.61
2000-2009       43      0.00128  0.00128  0.50   98275     126   98212  3897683  39.66
2000-2009       44      0.00138  0.00138  0.50   98149     136   98081  3799472  38.71
2000-2009       45      0.00150  0.00150  0.50   98013     147   97940  3701391  37.76
2000-2009       46      0.00175  0.00175  0.50   97866     171   97781  3603451  36.82
2000-2009       47      0.00187  0.00187  0.50   97695     183   97604  3505670  35.88
2000-2009       48      0.00205  0.00205  0.50   97512     200   97412  3408066  34.95
2000-2009       49      0.00230  0.00230  0.50   97312     223   97201  3310654  34.02
2000-2009       50      0.00239  0.00239  0.50   97089     232   96973  3213453  33.10
2000-2009       51      0.00261  0.00260  0.50   96857     252   96731  3116480  32.18
2000-2009       52      0.00278  0.00277  0.50   96605     268   96471  3019749  31.26
2000-2009       53      0.00290  0.00289  0.50   96337     279   96198  2923277  30.34
2000-2009       54      0.00321  0.00321  0.50   96059     308   95905  2827079  29.43
2000-2009       55      0.00337  0.00336  0.50   95751     322   95590  2731174  28.52
2000-2009       56      0.00372  0.00371  0.50   95429     354   95252  2635584  27.62
2000-2009       57      0.00398  0.00397  0.50   95074     377   94886  2540333  26.72
2000-2009       58      0.00435  0.00434  0.50   94697     411   94491  2445447  25.82
2000-2009       59      0.00469  0.00468  0.50   94286     441   94065  2350956  24.93
2000-2009       60      0.00511  0.00509  0.50   93844     478   93605  2256891  24.05
2000-2009       61      0.00569  0.00567  0.50   93366     530   93101  2163285  23.17
2000-2009       62      0.00629  0.00627  0.50   92837     582   92546  2070184  22.30
2000-2009       63      0.00668  0.00666  0.50   92255     614   91948  1977638  21.44
2000-2009       64      0.00725  0.00723  0.50   91641     662   91310  1885690  20.58
2000-2009       65      0.00820  0.00817  0.50   90979     743   90607  1794381  19.72
2000-2009       66      0.00911  0.00907  0.50   90235     818   89826  1703774  18.88
2000-2009       67      0.01011  0.01006  0.50   89417     900   88967  1613948  18.05
2000-2009       68      0.01123  0.01116  0.50   88517     988   88023  1524980  17.23
2000-2009       69      0.01262  0.01254  0.50   87529    1097   86980  1436957  16.42
2000-2009       70      0.01438  0.01428  0.50   86432    1234   85815  1349977  15.62
2000-2009       71      0.01603  0.01591  0.50   85198    1355   84520  1264162  14.84
2000-2009       72      0.01821  0.01804  0.50   83843    1513   83086  1179642  14.07
2000-2009       73      0.02068  0.02046  0.50   82330    1685   81487  1096556  13.32
2000-2009       74      0.02371  0.02343  0.50   80645    1890   79700  1015068  12.59
2000-2009       75      0.02652  0.02617  0.50   78755    2061   77724   935368  11.88
2000-2009       76      0.03033  0.02988  0.50   76694    2292   75548   857644  11.18
2000-2009       77      0.03386  0.03330  0.50   74402    2477   73164   782096  10.51
2000-2009       78      0.03899  0.03824  0.50   71925    2750   70550   708932   9.86
2000-2009       79      0.04476  0.04378  0.50   69175    3028   67660   638382   9.23
2000-2009       80      0.05167  0.05037  0.50   66146    3332   64480   570722   8.63
2000-2009       81      0.05724  0.05565  0.50   62814    3496   61066   506242   8.06
2000-2009       82      0.06573  0.06364  0.50   59318    3775   57431   445176   7.50
2000-2009       83      0.07434  0.07168  0.50   55543    3981   53553   387745   6.98
2000-2009       84      0.08331  0.07998  0.50   51562    4124   49500   334192   6.48
2000-2009       85      0.09657  0.09212  0.50   47439    4370   45254   284691   6.00
2000-2009       86      0.10889  0.10327  0.50   43068    4448   40845   239438   5.56
2000-2009       87      0.12514  0.11777  0.50   38621    4548   36347   198593   5.14
2000-2009       88      0.14185  0.13246  0.50   34073    4513   31816   162246   4.76
2000-2009       89      0.15946  0.14768  0.50   29559    4365   27377   130430   4.41
2000-2009       90      0.17451  0.16051  0.50   25194    4044   23172   103054   4.09
2000-2009       91      0.20004  0.18185  0.50   21150    3846   19227    79882   3.78
2000-2009       92      0.21953  0.19782  0.50   17304    3423   15592    60655   3.51
2000-2009       93      0.24526  0.21847  0.50   13881    3033   12365    45062   3.25
2000-2009       94      0.26997  0.23786  0.50   10848    2580    9558    32698   3.01
2000-2009       95      0.29758  0.25904  0.50    8268    2142    7197    23139   2.80
2000-2009       96      0.32714  0.28115  0.50    6126    1722    5265    15942   2.60
2000-2009       97      0.35814  0.30375  0.50    4404    1338    3735    10677   2.42
2000-2009       98      0.39038  0.32662  0.50    3066    1001    2565     6942   2.26
2000-2009       99      0.42360  0.34956  0.50    2065     722    1704     4377   2.12
2000-2009      100      0.45753  0.37235  0.50    1343     500    1093     2673   1.99
2000-2009      101      0.49185  0.39477  0.50     843     333     677     1580   1.87
2000-2009      102      0.52626  0.41663  0.50     510     213     404      904   1.77
2000-2009      103      0.56041  0.43775  0.50     298     130     232      500   1.68
2000-2009      104      0.59400  0.45798  0.50     167      77     129      267   1.60
2000-2009      105      0.62674  0.47720  0.50      91      43      69      138   1.53
2000-2009      106      0.65835  0.49531  0.50      47      23      36       69   1.46
2000-2009      107      0.68862  0.51225  0.50      24      12      18       34   1.41
2000-2009      108      0.71736  0.52798  0.50      12       6       9       16   1.36
2000-2009      109      0.74443  0.54250  0.50       6       3       4        7   1.32
2000-2009      110+     0.76973  1.00000  1.30       3       3       3        3   1.30
2010-2015        0      0.00239  0.00239  0.14  100000     239   99796  8291065  82.91
2010-2015        1      0.00030  0.00030  0.50   99761      30   99746  8191269  82.11
2010-2015        2      0.00014  0.00014  0.50   99731      14   99725  8091523  81.13
2010-2015        3      0.00012  0.00012  0.50   99718      12   99712  7991798  80.14
2010-2015        4      0.00011  0.00011  0.50   99706      11   99701  7892086  79.15
2010-2015        5      0.00009  0.00008  0.50   99695       8   99691  7792385  78.16
2010-2015        6      0.00005  0.00005  0.50   99686       5   99684  7692695  77.17
2010-2015        7      0.00005  0.00005  0.50   99681       5   99679  7593011  76.17
2010-2015        8      0.00006  0.00006  0.50   99676       6   99673  7493332  75.18
2010-2015        9      0.00007  0.00007  0.50   99670       7   99667  7393659  74.18
2010-2015       10      0.00006  0.00006  0.50   99664       6   99661  7293992  73.19
2010-2015       11      0.00005  0.00005  0.50   99658       5   99655  7194331  72.19
2010-2015       12      0.00009  0.00009  0.50   99652       9   99648  7094676  71.19
2010-2015       13      0.00009  0.00009  0.50   99644       9   99639  6995028  70.20
2010-2015       14      0.00010  0.00010  0.50   99634      10   99630  6895389  69.21
2010-2015       15      0.00013  0.00013  0.50   99625      13   99618  6795759  68.21
2010-2015       16      0.00018  0.00018  0.50   99612      17   99603  6696141  67.22
2010-2015       17      0.00016  0.00016  0.50   99594      16   99586  6596538  66.23
2010-2015       18      0.00021  0.00021  0.50   99578      21   99568  6496952  65.24
2010-2015       19      0.00024  0.00024  0.50   99557      24   99545  6397384  64.26
2010-2015       20      0.00023  0.00023  0.50   99533      23   99521  6297839  63.27
2010-2015       21      0.00022  0.00022  0.50   99510      22   99499  6198318  62.29
2010-2015       22      0.00019  0.00019  0.50   99488      19   99478  6098819  61.30
2010-2015       23      0.00028  0.00028  0.50   99469      28   99455  5999341  60.31
2010-2015       24      0.00018  0.00018  0.50   99441      18   99432  5899886  59.33
2010-2015       25      0.00021  0.00021  0.50   99423      21   99413  5800454  58.34
2010-2015       26      0.00019  0.00019  0.50   99402      19   99393  5701041  57.35
2010-2015       27      0.00030  0.00030  0.50   99384      30   99369  5601649  56.36
2010-2015       28      0.00031  0.00031  0.50   99354      31   99338  5502280  55.38
2010-2015       29      0.00030  0.00030  0.50   99323      30   99308  5402941  54.40
2010-2015       30      0.00029  0.00029  0.50   99293      29   99278  5303633  53.41
2010-2015       31      0.00037  0.00037  0.50   99264      37   99245  5204355  52.43
2010-2015       32      0.00038  0.00038  0.50   99227      38   99208  5105110  51.45
2010-2015       33      0.00042  0.00042  0.50   99189      42   99168  5005902  50.47
2010-2015       34      0.00041  0.00041  0.50   99147      40   99127  4906734  49.49
2010-2015       35      0.00044  0.00044  0.50   99107      44   99085  4807608  48.51
2010-2015       36      0.00047  0.00047  0.50   99063      46   99040  4708523  47.53
2010-2015       37      0.00050  0.00050  0.50   99016      49   98992  4609484  46.55
2010-2015       38      0.00063  0.00063  0.50   98967      62   98936  4510492  45.58
2010-2015       39      0.00074  0.00074  0.50   98905      73   98868  4411556  44.60
2010-2015       40      0.00075  0.00075  0.50   98832      74   98795  4312687  43.64
2010-2015       41      0.00089  0.00089  0.50   98758      88   98714  4213893  42.67
2010-2015       42      0.00096  0.00096  0.50   98670      95   98622  4115179  41.71
2010-2015       43      0.00099  0.00099  0.50   98575      98   98526  4016557  40.75
2010-2015       44      0.00116  0.00116  0.50   98477     115   98420  3918031  39.79
2010-2015       45      0.00124  0.00124  0.50   98363     122   98302  3819611  38.83
2010-2015       46      0.00143  0.00143  0.50   98240     141   98170  3721309  37.88
2010-2015       47      0.00177  0.00176  0.50   98100     173   98013  3623139  36.93
2010-2015       48      0.00180  0.00180  0.50   97927     177   97839  3525125  36.00
2010-2015       49      0.00203  0.00203  0.50   97750     199   97651  3427287  35.06
2010-2015       50      0.00222  0.00222  0.50   97552     217   97443  3329636  34.13
2010-2015       51      0.00240  0.00240  0.50   97335     234   97218  3232192  33.21
2010-2015       52      0.00258  0.00258  0.50   97101     250   96976  3134974  32.29
2010-2015       53      0.00291  0.00291  0.50   96851     282   96710  3037998  31.37
2010-2015       54      0.00306  0.00306  0.50   96569     295   96422  2941288  30.46
2010-2015       55      0.00338  0.00337  0.50   96274     324   96112  2844866  29.55
2010-2015       56      0.00367  0.00367  0.50   95950     352   95774  2748754  28.65
2010-2015       57      0.00377  0.00377  0.50   95598     360   95418  2652981  27.75
2010-2015       58      0.00409  0.00408  0.50   95238     389   95043  2557563  26.85
2010-2015       59      0.00454  0.00453  0.50   94849     430   94634  2462519  25.96
2010-2015       60      0.00506  0.00505  0.50   94419     477   94181  2367885  25.08
2010-2015       61      0.00527  0.00525  0.50   93942     493   93696  2273704  24.20
2010-2015       62      0.00564  0.00563  0.50   93449     526   93186  2180009  23.33
2010-2015       63      0.00627  0.00625  0.50   92923     581   92632  2086823  22.46
2010-2015       64      0.00700  0.00697  0.50   92342     644   92020  1994190  21.60
2010-2015       65      0.00714  0.00711  0.50   91698     652   91372  1902170  20.74
2010-2015       66      0.00799  0.00796  0.50   91046     725   90683  1810799  19.89
2010-2015       67      0.00849  0.00846  0.50   90321     764   89939  1720116  19.04
2010-2015       68      0.00955  0.00950  0.50   89557     851   89131  1630177  18.20
2010-2015       69      0.01020  0.01015  0.50   88706     901   88255  1541046  17.37
2010-2015       70      0.01153  0.01146  0.50   87805    1006   87302  1452790  16.55
2010-2015       71      0.01296  0.01288  0.50   86799    1118   86240  1365488  15.73
2010-2015       72      0.01382  0.01372  0.50   85681    1176   85093  1279248  14.93
2010-2015       73      0.01598  0.01585  0.50   84505    1340   83836  1194155  14.13
2010-2015       74      0.01801  0.01785  0.50   83166    1484   82424  1110319  13.35
2010-2015       75      0.02085  0.02063  0.50   81681    1685   80839  1027896  12.58
2010-2015       76      0.02438  0.02409  0.50   79996    1927   79033   947057  11.84
2010-2015       77      0.02788  0.02749  0.50   78069    2146   76996   868024  11.12
2010-2015       78      0.03202  0.03151  0.50   75923    2393   74727   791028  10.42
2010-2015       79      0.03680  0.03613  0.50   73530    2657   72202   716301   9.74
2010-2015       80      0.04306  0.04215  0.50   70873    2987   69380   644099   9.09
2010-2015       81      0.04934  0.04816  0.50   67886    3269   66251   574720   8.47
2010-2015       82      0.05777  0.05614  0.50   64617    3628   62803   508468   7.87
2010-2015       83      0.06528  0.06322  0.50   60989    3856   59061   445666   7.31
2010-2015       84      0.07512  0.07240  0.50   57133    4137   55065   386604   6.77
2010-2015       85      0.08676  0.08315  0.50   52997    4407   50793   331539   6.26
2010-2015       86      0.09980  0.09505  0.50   48590    4619   46280   280746   5.78
2010-2015       87      0.11420  0.10803  0.50   43971    4750   41596   234466   5.33
2010-2015       88      0.13019  0.12223  0.50   39221    4794   36824   192870   4.92
2010-2015       89      0.15013  0.13965  0.50   34427    4808   32023   156046   4.53
2010-2015       90      0.17071  0.15728  0.50   29619    4659   27290   124023   4.19
2010-2015       91      0.18750  0.17143  0.50   24961    4279   22821    96733   3.88
2010-2015       92      0.20941  0.18957  0.50   20682    3921   18721    73912   3.57
2010-2015       93      0.23595  0.21105  0.50   16761    3537   14992    55190   3.29
2010-2015       94      0.26110  0.23095  0.50   13224    3054   11697    40198   3.04
2010-2015       95      0.29351  0.25595  0.50   10170    2603    8868    28501   2.80
2010-2015       96      0.32498  0.27956  0.50    7567    2115    6509    19633   2.59
2010-2015       97      0.35812  0.30373  0.50    5451    1656    4624    13124   2.41
2010-2015       98      0.39267  0.32823  0.50    3796    1246    3173     8500   2.24
2010-2015       99      0.42833  0.35278  0.50    2550     900    2100     5327   2.09
2010-2015      100      0.46475  0.37712  0.50    1650     622    1339     3227   1.96
2010-2015      101      0.50155  0.40099  0.50    1028     412     822     1888   1.84
2010-2015      102      0.53834  0.42417  0.50     616     261     485     1066   1.73
2010-2015      103      0.57471  0.44643  0.50     355     158     275      581   1.64
2010-2015      104      0.61029  0.46760  0.50     196      92     150      306   1.56
2010-2015      105      0.64473  0.48756  0.50     104      51      79      155   1.49
2010-2015      106      0.67774  0.50620  0.50      54      27      40       76   1.42
2010-2015      107      0.70906  0.52347  0.50      26      14      20       36   1.37
2010-2015      108      0.73852  0.53936  0.50      13       7       9       17   1.32
2010-2015      109      0.76597  0.55385  0.50       6       3       4        7   1.29
2010-2015      110+     0.79136  1.00000  1.26       3       3       3        3   1.26
