West Germany, Life tables (period 1x10), Females	Last modified: 26 Sep 2017;  Methods Protocol: v6 (2017)

  Year          Age         mx       qx    ax      lx      dx      Lx       Tx     ex
1956-1959        0      0.03333  0.03244  0.18  100000    3244   97327  7145293  71.45
1956-1959        1      0.00225  0.00225  0.50   96756     217   96648  7047965  72.84
1956-1959        2      0.00125  0.00125  0.50   96539     121   96479  6951318  72.01
1956-1959        3      0.00089  0.00089  0.50   96418      86   96375  6854839  71.09
1956-1959        4      0.00071  0.00071  0.50   96332      68   96298  6758464  70.16
1956-1959        5      0.00061  0.00061  0.50   96264      59   96234  6662166  69.21
1956-1959        6      0.00047  0.00047  0.50   96205      45   96182  6565931  68.25
1956-1959        7      0.00043  0.00043  0.50   96160      41   96139  6469749  67.28
1956-1959        8      0.00036  0.00036  0.50   96119      35   96101  6373610  66.31
1956-1959        9      0.00033  0.00033  0.50   96084      32   96068  6277509  65.33
1956-1959       10      0.00031  0.00031  0.50   96052      30   96037  6181441  64.36
1956-1959       11      0.00030  0.00030  0.50   96022      29   96008  6085404  63.38
1956-1959       12      0.00030  0.00030  0.50   95993      29   95979  5989396  62.39
1956-1959       13      0.00030  0.00030  0.50   95965      29   95950  5893417  61.41
1956-1959       14      0.00041  0.00041  0.50   95935      39   95916  5797467  60.43
1956-1959       15      0.00046  0.00046  0.50   95896      44   95874  5701552  59.46
1956-1959       16      0.00049  0.00049  0.50   95852      47   95829  5605678  58.48
1956-1959       17      0.00052  0.00052  0.50   95805      50   95780  5509849  57.51
1956-1959       18      0.00055  0.00055  0.50   95756      53   95729  5414069  56.54
1956-1959       19      0.00058  0.00058  0.50   95703      55   95675  5318339  55.57
1956-1959       20      0.00067  0.00067  0.50   95648      64   95616  5222664  54.60
1956-1959       21      0.00063  0.00063  0.50   95584      60   95554  5127048  53.64
1956-1959       22      0.00069  0.00069  0.50   95524      66   95491  5031494  52.67
1956-1959       23      0.00073  0.00073  0.50   95458      69   95424  4936003  51.71
1956-1959       24      0.00075  0.00075  0.50   95389      71   95353  4840579  50.75
1956-1959       25      0.00083  0.00083  0.50   95317      79   95278  4745226  49.78
1956-1959       26      0.00087  0.00087  0.50   95238      83   95197  4649949  48.82
1956-1959       27      0.00094  0.00094  0.50   95155      89   95111  4554752  47.87
1956-1959       28      0.00105  0.00105  0.50   95066     100   95016  4459641  46.91
1956-1959       29      0.00108  0.00108  0.50   94967     102   94915  4364625  45.96
1956-1959       30      0.00110  0.00110  0.50   94864     104   94812  4269709  45.01
1956-1959       31      0.00116  0.00116  0.50   94760     110   94705  4174897  44.06
1956-1959       32      0.00125  0.00125  0.50   94650     118   94591  4080192  43.11
1956-1959       33      0.00127  0.00127  0.50   94532     120   94472  3985601  42.16
1956-1959       34      0.00137  0.00137  0.50   94412     129   94348  3891129  41.21
1956-1959       35      0.00143  0.00143  0.50   94283     135   94216  3796781  40.27
1956-1959       36      0.00164  0.00164  0.50   94148     154   94071  3702565  39.33
1956-1959       37      0.00169  0.00169  0.50   93994     158   93915  3608494  38.39
1956-1959       38      0.00183  0.00183  0.50   93836     172   93750  3514579  37.45
1956-1959       39      0.00197  0.00197  0.50   93664     184   93572  3420829  36.52
1956-1959       40      0.00207  0.00207  0.50   93480     194   93383  3327257  35.59
1956-1959       41      0.00238  0.00238  0.50   93286     222   93175  3233874  34.67
1956-1959       42      0.00248  0.00248  0.50   93064     231   92948  3140699  33.75
1956-1959       43      0.00263  0.00263  0.50   92833     244   92711  3047751  32.83
1956-1959       44      0.00288  0.00287  0.50   92589     266   92456  2955040  31.92
1956-1959       45      0.00313  0.00312  0.50   92323     288   92179  2862584  31.01
1956-1959       46      0.00327  0.00326  0.50   92035     300   91885  2770405  30.10
1956-1959       47      0.00357  0.00356  0.50   91735     327   91571  2678521  29.20
1956-1959       48      0.00387  0.00387  0.50   91408     353   91231  2586949  28.30
1956-1959       49      0.00433  0.00432  0.50   91054     393   90858  2495718  27.41
1956-1959       50      0.00467  0.00466  0.50   90661     423   90450  2404861  26.53
1956-1959       51      0.00509  0.00508  0.50   90238     458   90009  2314411  25.65
1956-1959       52      0.00558  0.00557  0.50   89780     500   89530  2224401  24.78
1956-1959       53      0.00600  0.00598  0.50   89281     534   89014  2134871  23.91
1956-1959       54      0.00658  0.00656  0.50   88746     582   88455  2045857  23.05
1956-1959       55      0.00713  0.00710  0.50   88164     626   87851  1957402  22.20
1956-1959       56      0.00782  0.00779  0.50   87538     682   87197  1869551  21.36
1956-1959       57      0.00855  0.00851  0.50   86856     739   86487  1782354  20.52
1956-1959       58      0.00935  0.00931  0.50   86117     802   85716  1695867  19.69
1956-1959       59      0.01024  0.01019  0.50   85315     869   84881  1610151  18.87
1956-1959       60      0.01153  0.01146  0.50   84446     968   83962  1525270  18.06
1956-1959       61      0.01265  0.01257  0.50   83478    1050   82953  1441309  17.27
1956-1959       62      0.01441  0.01430  0.50   82428    1179   81839  1358355  16.48
1956-1959       63      0.01589  0.01577  0.50   81249    1281   80609  1276517  15.71
1956-1959       64      0.01785  0.01769  0.50   79968    1415   79261  1195908  14.95
1956-1959       65      0.01993  0.01974  0.50   78554    1550   77778  1116647  14.22
1956-1959       66      0.02228  0.02204  0.50   77003    1697   76155  1038868  13.49
1956-1959       67      0.02483  0.02453  0.50   75306    1847   74383   962713  12.78
1956-1959       68      0.02842  0.02802  0.50   73459    2058   72430   888331  12.09
1956-1959       69      0.03167  0.03117  0.50   71401    2226   70288   815901  11.43
1956-1959       70      0.03610  0.03546  0.50   69175    2453   67948   745613  10.78
1956-1959       71      0.04076  0.03995  0.50   66722    2665   65389   677664  10.16
1956-1959       72      0.04560  0.04458  0.50   64056    2856   62629   612275   9.56
1956-1959       73      0.05231  0.05098  0.50   61201    3120   59641   549647   8.98
1956-1959       74      0.05856  0.05690  0.50   58081    3305   56429   490006   8.44
1956-1959       75      0.06678  0.06462  0.50   54776    3540   53007   433577   7.92
1956-1959       76      0.07443  0.07176  0.50   51237    3677   49398   380570   7.43
1956-1959       77      0.08379  0.08042  0.50   47560    3825   45648   331172   6.96
1956-1959       78      0.09307  0.08893  0.50   43735    3889   41790   285524   6.53
1956-1959       79      0.10363  0.09852  0.50   39846    3926   37883   243734   6.12
1956-1959       80      0.11361  0.10751  0.50   35920    3862   33989   205851   5.73
1956-1959       81      0.12506  0.11770  0.50   32058    3773   30172   171862   5.36
1956-1959       82      0.13837  0.12941  0.50   28285    3661   26455   141690   5.01
1956-1959       83      0.15359  0.14264  0.50   24625    3512   22868   115235   4.68
1956-1959       84      0.16849  0.15540  0.50   21112    3281   19472    92367   4.38
1956-1959       85      0.18851  0.17228  0.50   17831    3072   16295    72895   4.09
1956-1959       86      0.20516  0.18608  0.50   14759    2746   13386    56600   3.83
1956-1959       87      0.22480  0.20209  0.50   12013    2428   10799    43214   3.60
1956-1959       88      0.24369  0.21722  0.50    9585    2082    8544    32415   3.38
1956-1959       89      0.26184  0.23153  0.50    7503    1737    6635    23870   3.18
1956-1959       90      0.28293  0.24786  0.50    5766    1429    5051    17236   2.99
1956-1959       91      0.30627  0.26560  0.50    4337    1152    3761    12184   2.81
1956-1959       92      0.32997  0.28324  0.50    3185     902    2734     8423   2.64
1956-1959       93      0.34406  0.29356  0.50    2283     670    1948     5689   2.49
1956-1959       94      0.38382  0.32202  0.50    1613     519    1353     3742   2.32
1956-1959       95      0.41577  0.34421  0.50    1093     376     905     2389   2.18
1956-1959       96      0.44373  0.36316  0.50     717     260     587     1483   2.07
1956-1959       97      0.47206  0.38191  0.50     457     174     369      897   1.96
1956-1959       98      0.50056  0.40036  0.50     282     113     226      527   1.87
1956-1959       99      0.52906  0.41839  0.50     169      71     134      301   1.78
1956-1959      100      0.55738  0.43590  0.50      98      43      77      168   1.70
1956-1959      101      0.58532  0.45280  0.50      56      25      43       91   1.63
1956-1959      102      0.61273  0.46903  0.50      30      14      23       48   1.57
1956-1959      103      0.63944  0.48453  0.50      16       8      12       24   1.51
1956-1959      104      0.66532  0.49924  0.50       8       4       6       12   1.46
1956-1959      105      0.69024  0.51314  0.50       4       2       3        6   1.41
1956-1959      106      0.71410  0.52621  0.50       2       1       1        3   1.37
1956-1959      107      0.73682  0.53845  0.50       1       1       1        1   1.33
1956-1959      108      0.75835  0.54986  0.50       0       0       0        1   1.30
1956-1959      109      0.77864  0.56045  0.50       0       0       0        0   1.27
1956-1959      110+     0.79769  1.00000  1.25       0       0       0        0   1.25
1960-1969        0      0.02337  0.02291  0.14  100000    2291   98024  7310774  73.11
1960-1969        1      0.00170  0.00170  0.50   97709     166   97626  7212750  73.82
1960-1969        2      0.00093  0.00093  0.50   97543      91   97498  7115124  72.94
1960-1969        3      0.00071  0.00071  0.50   97452      69   97417  7017626  72.01
1960-1969        4      0.00061  0.00061  0.50   97383      59   97353  6920208  71.06
1960-1969        5      0.00052  0.00052  0.50   97323      50   97298  6822855  70.10
1960-1969        6      0.00046  0.00046  0.50   97273      45   97251  6725557  69.14
1960-1969        7      0.00040  0.00040  0.50   97228      39   97209  6628306  68.17
1960-1969        8      0.00034  0.00034  0.50   97190      33   97173  6531097  67.20
1960-1969        9      0.00032  0.00032  0.50   97156      31   97141  6433924  66.22
1960-1969       10      0.00028  0.00028  0.50   97126      27   97112  6336783  65.24
1960-1969       11      0.00028  0.00028  0.50   97099      27   97085  6239671  64.26
1960-1969       12      0.00028  0.00028  0.50   97072      28   97058  6142585  63.28
1960-1969       13      0.00029  0.00029  0.50   97044      28   97030  6045527  62.30
1960-1969       14      0.00034  0.00034  0.50   97016      33   97000  5948497  61.31
1960-1969       15      0.00040  0.00040  0.50   96984      39   96964  5851497  60.33
1960-1969       16      0.00048  0.00048  0.50   96945      47   96922  5754532  59.36
1960-1969       17      0.00051  0.00051  0.50   96898      50   96874  5657611  58.39
1960-1969       18      0.00059  0.00059  0.50   96849      57   96820  5560737  57.42
1960-1969       19      0.00059  0.00059  0.50   96792      57   96764  5463917  56.45
1960-1969       20      0.00057  0.00057  0.50   96735      55   96708  5367153  55.48
1960-1969       21      0.00058  0.00058  0.50   96680      56   96653  5270445  54.51
1960-1969       22      0.00060  0.00060  0.50   96625      58   96596  5173792  53.55
1960-1969       23      0.00061  0.00061  0.50   96567      59   96537  5077197  52.58
1960-1969       24      0.00064  0.00064  0.50   96508      62   96477  4980659  51.61
1960-1969       25      0.00065  0.00065  0.50   96446      63   96414  4884183  50.64
1960-1969       26      0.00070  0.00070  0.50   96383      67   96349  4787769  49.67
1960-1969       27      0.00073  0.00073  0.50   96315      70   96280  4691420  48.71
1960-1969       28      0.00077  0.00077  0.50   96245      74   96208  4595139  47.74
1960-1969       29      0.00085  0.00085  0.50   96171      81   96131  4498931  46.78
1960-1969       30      0.00087  0.00087  0.50   96090      84   96048  4402800  45.82
1960-1969       31      0.00095  0.00095  0.50   96006      91   95961  4306752  44.86
1960-1969       32      0.00102  0.00102  0.50   95916      97   95867  4210791  43.90
1960-1969       33      0.00109  0.00109  0.50   95818     105   95766  4114924  42.95
1960-1969       34      0.00117  0.00117  0.50   95713     112   95657  4019158  41.99
1960-1969       35      0.00131  0.00131  0.50   95601     125   95539  3923501  41.04
1960-1969       36      0.00135  0.00135  0.50   95476     129   95412  3827962  40.09
1960-1969       37      0.00152  0.00152  0.50   95347     145   95275  3732550  39.15
1960-1969       38      0.00167  0.00166  0.50   95203     158   95123  3637275  38.21
1960-1969       39      0.00179  0.00178  0.50   95044     170   94959  3542152  37.27
1960-1969       40      0.00193  0.00193  0.50   94875     183   94783  3447192  36.33
1960-1969       41      0.00211  0.00210  0.50   94691     199   94592  3352409  35.40
1960-1969       42      0.00229  0.00229  0.50   94492     216   94384  3257817  34.48
1960-1969       43      0.00251  0.00251  0.50   94276     237   94157  3163433  33.56
1960-1969       44      0.00263  0.00262  0.50   94039     247   93916  3069276  32.64
1960-1969       45      0.00297  0.00296  0.50   93792     278   93653  2975360  31.72
1960-1969       46      0.00326  0.00325  0.50   93514     304   93362  2881707  30.82
1960-1969       47      0.00350  0.00350  0.50   93210     326   93047  2788345  29.91
1960-1969       48      0.00386  0.00385  0.50   92884     357   92705  2695298  29.02
1960-1969       49      0.00414  0.00413  0.50   92527     382   92336  2602593  28.13
1960-1969       50      0.00444  0.00443  0.50   92145     408   91941  2510257  27.24
1960-1969       51      0.00480  0.00479  0.50   91737     439   91517  2418316  26.36
1960-1969       52      0.00524  0.00523  0.50   91297     477   91059  2326799  25.49
1960-1969       53      0.00561  0.00560  0.50   90820     508   90566  2235740  24.62
1960-1969       54      0.00612  0.00610  0.50   90312     551   90036  2145174  23.75
1960-1969       55      0.00657  0.00655  0.50   89761     588   89467  2055138  22.90
1960-1969       56      0.00719  0.00717  0.50   89173     639   88853  1965672  22.04
1960-1969       57      0.00793  0.00790  0.50   88534     699   88184  1876818  21.20
1960-1969       58      0.00874  0.00871  0.50   87834     765   87452  1788634  20.36
1960-1969       59      0.00964  0.00960  0.50   87070     836   86652  1701182  19.54
1960-1969       60      0.01077  0.01071  0.50   86234     924   85772  1614530  18.72
1960-1969       61      0.01192  0.01185  0.50   85310    1011   84805  1528758  17.92
1960-1969       62      0.01326  0.01317  0.50   84300    1110   83745  1443953  17.13
1960-1969       63      0.01469  0.01458  0.50   83190    1213   82583  1360208  16.35
1960-1969       64      0.01658  0.01645  0.50   81976    1348   81302  1277625  15.59
1960-1969       65      0.01839  0.01823  0.50   80628    1470   79893  1196323  14.84
1960-1969       66      0.02070  0.02049  0.50   79159    1622   78348  1116430  14.10
1960-1969       67      0.02308  0.02282  0.50   77537    1769   76652  1038082  13.39
1960-1969       68      0.02557  0.02524  0.50   75768    1913   74812   961429  12.69
1960-1969       69      0.02892  0.02851  0.50   73855    2106   72802   886618  12.00
1960-1969       70      0.03258  0.03206  0.50   71749    2300   70599   813815  11.34
1960-1969       71      0.03640  0.03575  0.50   69449    2482   68208   743216  10.70
1960-1969       72      0.04122  0.04039  0.50   66967    2705   65614   675008  10.08
1960-1969       73      0.04645  0.04539  0.50   64262    2917   62803   609394   9.48
1960-1969       74      0.05238  0.05105  0.50   61345    3131   59779   546591   8.91
1960-1969       75      0.05902  0.05732  0.50   58213    3337   56545   486812   8.36
1960-1969       76      0.06615  0.06403  0.50   54876    3514   53119   430267   7.84
1960-1969       77      0.07461  0.07193  0.50   51362    3694   49515   377148   7.34
1960-1969       78      0.08343  0.08009  0.50   47668    3818   45759   327633   6.87
1960-1969       79      0.09319  0.08904  0.50   43850    3905   41898   281873   6.43
1960-1969       80      0.10411  0.09896  0.50   39946    3953   37969   239975   6.01
1960-1969       81      0.11540  0.10910  0.50   35993    3927   34029   202006   5.61
1960-1969       82      0.12866  0.12088  0.50   32066    3876   30128   167976   5.24
1960-1969       83      0.14266  0.13316  0.50   28190    3754   26313   137849   4.89
1960-1969       84      0.15754  0.14603  0.50   24436    3569   22652   111536   4.56
1960-1969       85      0.17468  0.16065  0.50   20868    3352   19191    88884   4.26
1960-1969       86      0.19224  0.17539  0.50   17515    3072   15979    69692   3.98
1960-1969       87      0.21067  0.19059  0.50   14443    2753   13067    53713   3.72
1960-1969       88      0.23108  0.20714  0.50   11691    2422   10480    40646   3.48
1960-1969       89      0.25146  0.22337  0.50    9269    2070    8234    30166   3.25
1960-1969       90      0.27456  0.24142  0.50    7199    1738    6330    21933   3.05
1960-1969       91      0.29699  0.25859  0.50    5461    1412    4755    15603   2.86
1960-1969       92      0.32268  0.27785  0.50    4049    1125    3486    10848   2.68
1960-1969       93      0.34665  0.29544  0.50    2924     864    2492     7362   2.52
1960-1969       94      0.37366  0.31484  0.50    2060     649    1736     4871   2.36
1960-1969       95      0.40623  0.33765  0.50    1411     477    1173     3135   2.22
1960-1969       96      0.43498  0.35728  0.50     935     334     768     1962   2.10
1960-1969       97      0.46418  0.37674  0.50     601     226     488     1194   1.99
1960-1969       98      0.49362  0.39591  0.50     374     148     300      706   1.89
1960-1969       99      0.52310  0.41465  0.50     226      94     179      406   1.80
1960-1969      100      0.55243  0.43287  0.50     132      57     104      227   1.71
1960-1969      101      0.58140  0.45045  0.50      75      34      58      123   1.64
1960-1969      102      0.60981  0.46732  0.50      41      19      32       65   1.57
1960-1969      103      0.63750  0.48341  0.50      22      11      17       33   1.51
1960-1969      104      0.66431  0.49867  0.50      11       6       9       17   1.46
1960-1969      105      0.69009  0.51306  0.50       6       3       4        8   1.41
1960-1969      106      0.71475  0.52657  0.50       3       1       2        4   1.36
1960-1969      107      0.73819  0.53918  0.50       1       1       1        2   1.33
1960-1969      108      0.76035  0.55091  0.50       1       0       0        1   1.29
1960-1969      109      0.78119  0.56177  0.50       0       0       0        0   1.27
1960-1969      110+     0.80069  1.00000  1.25       0       0       0        0   1.25
1970-1979        0      0.01697  0.01672  0.11  100000    1672   98519  7482933  74.83
1970-1979        1      0.00114  0.00114  0.50   98328     112   98272  7384414  75.10
1970-1979        2      0.00070  0.00070  0.50   98216      69   98182  7286142  74.18
1970-1979        3      0.00058  0.00058  0.50   98147      57   98119  7187960  73.24
1970-1979        4      0.00048  0.00048  0.50   98091      47   98067  7089841  72.28
1970-1979        5      0.00043  0.00043  0.50   98043      42   98022  6991774  71.31
1970-1979        6      0.00041  0.00041  0.50   98001      40   97981  6893752  70.34
1970-1979        7      0.00036  0.00036  0.50   97961      35   97944  6795771  69.37
1970-1979        8      0.00030  0.00030  0.50   97926      29   97912  6697827  68.40
1970-1979        9      0.00027  0.00027  0.50   97897      26   97884  6599916  67.42
1970-1979       10      0.00024  0.00024  0.50   97870      23   97859  6502032  66.44
1970-1979       11      0.00024  0.00024  0.50   97847      24   97836  6404173  65.45
1970-1979       12      0.00024  0.00024  0.50   97824      24   97812  6306338  64.47
1970-1979       13      0.00026  0.00026  0.50   97800      25   97788  6208526  63.48
1970-1979       14      0.00031  0.00031  0.50   97775      31   97760  6110738  62.50
1970-1979       15      0.00043  0.00043  0.50   97744      42   97723  6012978  61.52
1970-1979       16      0.00054  0.00054  0.50   97703      53   97676  5915255  60.54
1970-1979       17      0.00057  0.00057  0.50   97650      55   97622  5817579  59.58
1970-1979       18      0.00064  0.00064  0.50   97594      62   97563  5719957  58.61
1970-1979       19      0.00062  0.00062  0.50   97532      60   97502  5622394  57.65
1970-1979       20      0.00060  0.00060  0.50   97471      59   97442  5524892  56.68
1970-1979       21      0.00058  0.00058  0.50   97413      56   97385  5427450  55.72
1970-1979       22      0.00057  0.00057  0.50   97357      55   97329  5330065  54.75
1970-1979       23      0.00058  0.00058  0.50   97301      56   97273  5232736  53.78
1970-1979       24      0.00059  0.00059  0.50   97245      58   97216  5135463  52.81
1970-1979       25      0.00059  0.00059  0.50   97187      58   97159  5038247  51.84
1970-1979       26      0.00060  0.00060  0.50   97130      58   97101  4941088  50.87
1970-1979       27      0.00064  0.00064  0.50   97072      62   97041  4843987  49.90
1970-1979       28      0.00066  0.00066  0.50   97010      64   96978  4746946  48.93
1970-1979       29      0.00069  0.00069  0.50   96946      67   96913  4649968  47.96
1970-1979       30      0.00076  0.00076  0.50   96879      74   96842  4553055  47.00
1970-1979       31      0.00080  0.00080  0.50   96806      78   96767  4456213  46.03
1970-1979       32      0.00087  0.00087  0.50   96728      84   96686  4359446  45.07
1970-1979       33      0.00093  0.00093  0.50   96644      90   96599  4262760  44.11
1970-1979       34      0.00099  0.00099  0.50   96554      95   96506  4166161  43.15
1970-1979       35      0.00109  0.00109  0.50   96459     105   96406  4069655  42.19
1970-1979       36      0.00115  0.00115  0.50   96354     111   96298  3973249  41.24
1970-1979       37      0.00125  0.00125  0.50   96243     121   96183  3876950  40.28
1970-1979       38      0.00135  0.00135  0.50   96122     130   96058  3780768  39.33
1970-1979       39      0.00150  0.00150  0.50   95993     144   95921  3684710  38.39
1970-1979       40      0.00161  0.00160  0.50   95849     154   95772  3588790  37.44
1970-1979       41      0.00179  0.00179  0.50   95695     171   95609  3493018  36.50
1970-1979       42      0.00199  0.00199  0.50   95523     190   95428  3397409  35.57
1970-1979       43      0.00222  0.00221  0.50   95333     211   95228  3301981  34.64
1970-1979       44      0.00245  0.00245  0.50   95122     233   95006  3206753  33.71
1970-1979       45      0.00266  0.00266  0.50   94889     253   94763  3111747  32.79
1970-1979       46      0.00295  0.00295  0.50   94637     279   94497  3016984  31.88
1970-1979       47      0.00321  0.00321  0.50   94358     303   94206  2922487  30.97
1970-1979       48      0.00356  0.00355  0.50   94055     334   93888  2828281  30.07
1970-1979       49      0.00384  0.00383  0.50   93720     359   93541  2734393  29.18
1970-1979       50      0.00423  0.00422  0.50   93361     394   93164  2640853  28.29
1970-1979       51      0.00455  0.00454  0.50   92967     422   92756  2547689  27.40
1970-1979       52      0.00492  0.00491  0.50   92546     454   92319  2454932  26.53
1970-1979       53      0.00525  0.00523  0.50   92092     482   91851  2362614  25.66
1970-1979       54      0.00567  0.00565  0.50   91609     518   91350  2270763  24.79
1970-1979       55      0.00612  0.00610  0.50   91091     556   90813  2179413  23.93
1970-1979       56      0.00659  0.00657  0.50   90535     594   90238  2088599  23.07
1970-1979       57      0.00722  0.00719  0.50   89941     647   89618  1998361  22.22
1970-1979       58      0.00792  0.00789  0.50   89294     704   88942  1908743  21.38
1970-1979       59      0.00865  0.00862  0.50   88590     763   88208  1819801  20.54
1970-1979       60      0.00940  0.00935  0.50   87826     822   87416  1731593  19.72
1970-1979       61      0.01034  0.01029  0.50   87005     895   86557  1644178  18.90
1970-1979       62      0.01138  0.01131  0.50   86110     974   85623  1557620  18.09
1970-1979       63      0.01259  0.01251  0.50   85135    1065   84603  1471998  17.29
1970-1979       64      0.01415  0.01405  0.50   84070    1181   83480  1387395  16.50
1970-1979       65      0.01583  0.01570  0.50   82889    1302   82239  1303915  15.73
1970-1979       66      0.01750  0.01735  0.50   81588    1415   80880  1221677  14.97
1970-1979       67      0.01962  0.01943  0.50   80173    1558   79394  1140796  14.23
1970-1979       68      0.02198  0.02174  0.50   78615    1709   77760  1061403  13.50
1970-1979       69      0.02484  0.02453  0.50   76906    1887   75962   983643  12.79
1970-1979       70      0.02790  0.02752  0.50   75019    2064   73987   907680  12.10
1970-1979       71      0.03163  0.03113  0.50   72955    2271   71819   833694  11.43
1970-1979       72      0.03539  0.03478  0.50   70683    2458   69454   761874  10.78
1970-1979       73      0.04024  0.03944  0.50   68225    2691   66880   692420  10.15
1970-1979       74      0.04542  0.04441  0.50   65534    2911   64079   625540   9.55
1970-1979       75      0.05141  0.05012  0.50   62624    3139   61054   561461   8.97
1970-1979       76      0.05750  0.05590  0.50   59485    3325   57822   500407   8.41
1970-1979       77      0.06492  0.06288  0.50   56160    3531   54394   442585   7.88
1970-1979       78      0.07255  0.07001  0.50   52628    3685   50786   388191   7.38
1970-1979       79      0.08156  0.07836  0.50   48944    3835   47026   337405   6.89
1970-1979       80      0.09109  0.08712  0.50   45108    3930   43144   290379   6.44
1970-1979       81      0.10275  0.09773  0.50   41179    4024   39166   247235   6.00
1970-1979       82      0.11509  0.10883  0.50   37154    4043   35133   208069   5.60
1970-1979       83      0.12808  0.12037  0.50   33111    3986   31118   172937   5.22
1970-1979       84      0.14329  0.13371  0.50   29125    3894   27178   141818   4.87
1970-1979       85      0.15785  0.14631  0.50   25231    3691   23385   114640   4.54
1970-1979       86      0.17429  0.16032  0.50   21540    3453   19813    91255   4.24
1970-1979       87      0.19270  0.17577  0.50   18086    3179   16497    71442   3.95
1970-1979       88      0.21312  0.19260  0.50   14907    2871   13472    54945   3.69
1970-1979       89      0.23247  0.20827  0.50   12036    2507   10783    41473   3.45
1970-1979       90      0.25394  0.22533  0.50    9529    2147    8456    30691   3.22
1970-1979       91      0.27742  0.24363  0.50    7382    1799    6483    22235   3.01
1970-1979       92      0.30064  0.26135  0.50    5584    1459    4854    15752   2.82
1970-1979       93      0.32378  0.27867  0.50    4124    1149    3550    10898   2.64
1970-1979       94      0.35099  0.29859  0.50    2975     888    2531     7348   2.47
1970-1979       95      0.38642  0.32385  0.50    2087     676    1749     4817   2.31
1970-1979       96      0.41563  0.34412  0.50    1411     486    1168     3068   2.17
1970-1979       97      0.44544  0.36430  0.50     925     337     757     1900   2.05
1970-1979       98      0.47566  0.38427  0.50     588     226     475     1143   1.94
1970-1979       99      0.50605  0.40386  0.50     362     146     289      668   1.84
1970-1979      100      0.53640  0.42296  0.50     216      91     170      379   1.75
1970-1979      101      0.56648  0.44144  0.50     125      55      97      209   1.67
1970-1979      102      0.59608  0.45921  0.50      70      32      54      111   1.60
1970-1979      103      0.62499  0.47619  0.50      38      18      29       58   1.54
1970-1979      104      0.65304  0.49230  0.50      20      10      15       29   1.48
1970-1979      105      0.68007  0.50750  0.50      10       5       7       14   1.43
1970-1979      106      0.70594  0.52177  0.50       5       3       4        7   1.38
1970-1979      107      0.73054  0.53509  0.50       2       1       2        3   1.34
1970-1979      108      0.75381  0.54747  0.50       1       1       1        1   1.30
1970-1979      109      0.77568  0.55891  0.50       0       0       0        1   1.27
1970-1979      110+     0.79614  1.00000  1.26       0       0       0        0   1.26
1980-1989        0      0.00842  0.00836  0.13  100000     836   99275  7788106  77.88
1980-1989        1      0.00070  0.00070  0.50   99164      69   99130  7688831  77.54
1980-1989        2      0.00043  0.00043  0.50   99095      42   99074  7589701  76.59
1980-1989        3      0.00034  0.00034  0.50   99053      33   99036  7490627  75.62
1980-1989        4      0.00026  0.00026  0.50   99020      26   99007  7391591  74.65
1980-1989        5      0.00024  0.00024  0.50   98994      24   98982  7292584  73.67
1980-1989        6      0.00022  0.00022  0.50   98970      22   98959  7193602  72.68
1980-1989        7      0.00020  0.00020  0.50   98948      20   98938  7094643  71.70
1980-1989        8      0.00018  0.00018  0.50   98928      18   98919  6995705  70.72
1980-1989        9      0.00017  0.00017  0.50   98910      17   98901  6896786  69.73
1980-1989       10      0.00016  0.00016  0.50   98893      16   98885  6797885  68.74
1980-1989       11      0.00016  0.00016  0.50   98877      16   98869  6699000  67.75
1980-1989       12      0.00016  0.00016  0.50   98861      16   98853  6600131  66.76
1980-1989       13      0.00017  0.00017  0.50   98845      17   98837  6501277  65.77
1980-1989       14      0.00021  0.00021  0.50   98828      21   98818  6402441  64.78
1980-1989       15      0.00027  0.00027  0.50   98807      27   98794  6303623  63.80
1980-1989       16      0.00034  0.00034  0.50   98780      34   98764  6204829  62.81
1980-1989       17      0.00039  0.00039  0.50   98747      38   98727  6106066  61.84
1980-1989       18      0.00045  0.00045  0.50   98708      45   98686  6007338  60.86
1980-1989       19      0.00045  0.00045  0.50   98664      44   98642  5908652  59.89
1980-1989       20      0.00042  0.00042  0.50   98620      41   98599  5810011  58.91
1980-1989       21      0.00042  0.00042  0.50   98578      41   98558  5711412  57.94
1980-1989       22      0.00040  0.00040  0.50   98537      39   98517  5612854  56.96
1980-1989       23      0.00041  0.00041  0.50   98498      40   98478  5514337  55.98
1980-1989       24      0.00042  0.00042  0.50   98458      41   98437  5415859  55.01
1980-1989       25      0.00043  0.00043  0.50   98416      42   98395  5317422  54.03
1980-1989       26      0.00045  0.00045  0.50   98374      44   98352  5219027  53.05
1980-1989       27      0.00048  0.00048  0.50   98330      47   98307  5120674  52.08
1980-1989       28      0.00050  0.00050  0.50   98283      50   98258  5022368  51.10
1980-1989       29      0.00052  0.00052  0.50   98233      51   98208  4924110  50.13
1980-1989       30      0.00057  0.00057  0.50   98182      56   98154  4825902  49.15
1980-1989       31      0.00062  0.00062  0.50   98126      61   98096  4727748  48.18
1980-1989       32      0.00067  0.00067  0.50   98065      66   98032  4629652  47.21
1980-1989       33      0.00071  0.00071  0.50   97999      70   97964  4531620  46.24
1980-1989       34      0.00076  0.00076  0.50   97930      74   97892  4433656  45.27
1980-1989       35      0.00085  0.00085  0.50   97855      83   97814  4335763  44.31
1980-1989       36      0.00094  0.00094  0.50   97772      92   97726  4237950  43.35
1980-1989       37      0.00101  0.00101  0.50   97680      99   97631  4140224  42.39
1980-1989       38      0.00113  0.00113  0.50   97582     110   97527  4042593  41.43
1980-1989       39      0.00120  0.00120  0.50   97472     117   97413  3945066  40.47
1980-1989       40      0.00133  0.00133  0.50   97354     130   97290  3847653  39.52
1980-1989       41      0.00143  0.00143  0.50   97225     139   97155  3750364  38.57
1980-1989       42      0.00157  0.00157  0.50   97086     153   97010  3653208  37.63
1980-1989       43      0.00171  0.00170  0.50   96933     165   96851  3556199  36.69
1980-1989       44      0.00186  0.00186  0.50   96768     180   96678  3459348  35.75
1980-1989       45      0.00205  0.00205  0.50   96588     198   96489  3362669  34.81
1980-1989       46      0.00222  0.00222  0.50   96390     214   96283  3266180  33.88
1980-1989       47      0.00241  0.00240  0.50   96176     231   96060  3169897  32.96
1980-1989       48      0.00266  0.00265  0.50   95945     254   95818  3073837  32.04
1980-1989       49      0.00291  0.00290  0.50   95690     278   95551  2978019  31.12
1980-1989       50      0.00321  0.00320  0.50   95412     305   95260  2882468  30.21
1980-1989       51      0.00347  0.00346  0.50   95107     329   94942  2787208  29.31
1980-1989       52      0.00378  0.00377  0.50   94778     357   94599  2692265  28.41
1980-1989       53      0.00417  0.00416  0.50   94421     393   94224  2597666  27.51
1980-1989       54      0.00453  0.00452  0.50   94028     425   93815  2503442  26.62
1980-1989       55      0.00490  0.00489  0.50   93603     458   93374  2409627  25.74
1980-1989       56      0.00550  0.00549  0.50   93145     511   92889  2316253  24.87
1980-1989       57      0.00579  0.00577  0.50   92634     535   92366  2223364  24.00
1980-1989       58      0.00650  0.00647  0.50   92099     596   91801  2130997  23.14
1980-1989       59      0.00699  0.00696  0.50   91503     637   91184  2039196  22.29
1980-1989       60      0.00788  0.00785  0.50   90866     713   90509  1948012  21.44
1980-1989       61      0.00855  0.00852  0.50   90153     768   89769  1857503  20.60
1980-1989       62      0.00930  0.00925  0.50   89385     827   88971  1767734  19.78
1980-1989       63      0.01020  0.01014  0.50   88558     898   88109  1678763  18.96
1980-1989       64      0.01121  0.01114  0.50   87660     977   87171  1590654  18.15
1980-1989       65      0.01247  0.01240  0.50   86683    1074   86145  1503483  17.34
1980-1989       66      0.01376  0.01367  0.50   85608    1170   85023  1417337  16.56
1980-1989       67      0.01538  0.01526  0.50   84438    1289   83794  1332314  15.78
1980-1989       68      0.01717  0.01702  0.50   83149    1415   82442  1248520  15.02
1980-1989       69      0.01930  0.01912  0.50   81734    1563   80953  1166078  14.27
1980-1989       70      0.02138  0.02116  0.50   80172    1696   79323  1085126  13.54
1980-1989       71      0.02428  0.02399  0.50   78475    1883   77534  1005802  12.82
1980-1989       72      0.02726  0.02689  0.50   76593    2060   75563   928268  12.12
1980-1989       73      0.03064  0.03018  0.50   74533    2250   73408   852705  11.44
1980-1989       74      0.03460  0.03401  0.50   72284    2458   71054   779297  10.78
1980-1989       75      0.03924  0.03849  0.50   69825    2687   68481   708243  10.14
1980-1989       76      0.04440  0.04343  0.50   67138    2916   65680   639762   9.53
1980-1989       77      0.05010  0.04887  0.50   64222    3139   62652   574082   8.94
1980-1989       78      0.05678  0.05521  0.50   61083    3373   59397   511430   8.37
1980-1989       79      0.06407  0.06208  0.50   57710    3583   55919   452033   7.83
1980-1989       80      0.07256  0.07002  0.50   54128    3790   52233   396114   7.32
1980-1989       81      0.08242  0.07916  0.50   50337    3985   48345   343881   6.83
1980-1989       82      0.09213  0.08808  0.50   46353    4083   44312   295536   6.38
1980-1989       83      0.10380  0.09868  0.50   42270    4171   40185   251225   5.94
1980-1989       84      0.11630  0.10991  0.50   38099    4187   36005   211040   5.54
1980-1989       85      0.13010  0.12216  0.50   33912    4143   31840   175035   5.16
1980-1989       86      0.14417  0.13448  0.50   29769    4003   27767   143194   4.81
1980-1989       87      0.16058  0.14864  0.50   25766    3830   23851   115427   4.48
1980-1989       88      0.17804  0.16349  0.50   21936    3586   20143    91576   4.17
1980-1989       89      0.19588  0.17841  0.50   18350    3274   16713    71433   3.89
1980-1989       90      0.21593  0.19489  0.50   15076    2938   13607    54721   3.63
1980-1989       91      0.23651  0.21150  0.50   12138    2567   10854    41114   3.39
1980-1989       92      0.25845  0.22887  0.50    9571    2190    8475    30259   3.16
1980-1989       93      0.28164  0.24687  0.50    7380    1822    6469    21784   2.95
1980-1989       94      0.30614  0.26550  0.50    5558    1476    4820    15315   2.76
1980-1989       95      0.33737  0.28868  0.50    4083    1179    3493    10494   2.57
1980-1989       96      0.36556  0.30907  0.50    2904     898    2455     7001   2.41
1980-1989       97      0.39469  0.32964  0.50    2006     661    1676     4546   2.27
1980-1989       98      0.42459  0.35024  0.50    1345     471    1110     2870   2.13
1980-1989       99      0.45506  0.37071  0.50     874     324     712     1761   2.01
1980-1989      100      0.48586  0.39090  0.50     550     215     442     1049   1.91
1980-1989      101      0.51678  0.41067  0.50     335     138     266      606   1.81
1980-1989      102      0.54756  0.42987  0.50     197      85     155      340   1.72
1980-1989      103      0.57799  0.44840  0.50     113      50      87      185   1.64
1980-1989      104      0.60783  0.46616  0.50      62      29      48       98   1.57
1980-1989      105      0.63689  0.48306  0.50      33      16      25       50   1.51
1980-1989      106      0.66499  0.49905  0.50      17       9      13       25   1.45
1980-1989      107      0.69196  0.51409  0.50       9       4       6       12   1.41
1980-1989      108      0.71768  0.52816  0.50       4       2       3        6   1.36
1980-1989      109      0.74205  0.54124  0.50       2       1       1        3   1.33
1980-1989      110+     0.76501  1.00000  1.31       1       1       1        1   1.31
1990-1999        0      0.00486  0.00484  0.14  100000     484   99584  7992021  79.92
1990-1999        1      0.00047  0.00047  0.50   99516      47   99493  7892438  79.31
1990-1999        2      0.00026  0.00026  0.50   99470      26   99457  7792945  78.34
1990-1999        3      0.00022  0.00022  0.50   99444      21   99433  7693488  77.37
1990-1999        4      0.00018  0.00018  0.50   99422      18   99413  7594055  76.38
1990-1999        5      0.00014  0.00014  0.50   99405      14   99398  7494641  75.40
1990-1999        6      0.00014  0.00014  0.50   99391      14   99384  7395244  74.41
1990-1999        7      0.00014  0.00014  0.50   99376      13   99370  7295860  73.42
1990-1999        8      0.00012  0.00012  0.50   99363      12   99357  7196490  72.43
1990-1999        9      0.00011  0.00011  0.50   99351      11   99346  7097133  71.43
1990-1999       10      0.00011  0.00011  0.50   99340      11   99335  6997787  70.44
1990-1999       11      0.00012  0.00012  0.50   99329      11   99324  6898453  69.45
1990-1999       12      0.00012  0.00012  0.50   99318      12   99312  6799129  68.46
1990-1999       13      0.00012  0.00012  0.50   99306      12   99300  6699817  67.47
1990-1999       14      0.00015  0.00015  0.50   99293      15   99286  6600518  66.47
1990-1999       15      0.00020  0.00020  0.50   99279      20   99269  6501231  65.48
1990-1999       16      0.00024  0.00024  0.50   99259      24   99247  6401963  64.50
1990-1999       17      0.00027  0.00027  0.50   99235      27   99221  6302716  63.51
1990-1999       18      0.00037  0.00037  0.50   99208      36   99190  6203494  62.53
1990-1999       19      0.00037  0.00037  0.50   99172      37   99153  6104304  61.55
1990-1999       20      0.00035  0.00035  0.50   99135      35   99117  6005151  60.58
1990-1999       21      0.00033  0.00033  0.50   99100      33   99083  5906034  59.60
1990-1999       22      0.00034  0.00034  0.50   99067      33   99050  5806951  58.62
1990-1999       23      0.00032  0.00032  0.50   99033      32   99017  5707900  57.64
1990-1999       24      0.00035  0.00035  0.50   99001      34   98984  5608883  56.65
1990-1999       25      0.00036  0.00036  0.50   98967      35   98949  5509899  55.67
1990-1999       26      0.00035  0.00035  0.50   98932      35   98914  5410949  54.69
1990-1999       27      0.00036  0.00036  0.50   98897      36   98879  5312035  53.71
1990-1999       28      0.00039  0.00039  0.50   98862      39   98842  5213156  52.73
1990-1999       29      0.00043  0.00043  0.50   98823      42   98802  5114314  51.75
1990-1999       30      0.00045  0.00045  0.50   98781      44   98758  5015512  50.77
1990-1999       31      0.00047  0.00047  0.50   98736      46   98713  4916754  49.80
1990-1999       32      0.00053  0.00053  0.50   98690      52   98664  4818041  48.82
1990-1999       33      0.00057  0.00057  0.50   98638      56   98610  4719377  47.85
1990-1999       34      0.00064  0.00063  0.50   98582      63   98551  4620767  46.87
1990-1999       35      0.00070  0.00070  0.50   98519      69   98485  4522216  45.90
1990-1999       36      0.00077  0.00077  0.50   98451      76   98413  4423731  44.93
1990-1999       37      0.00087  0.00087  0.50   98375      86   98332  4325318  43.97
1990-1999       38      0.00093  0.00093  0.50   98289      92   98243  4226987  43.01
1990-1999       39      0.00102  0.00102  0.50   98197     100   98147  4128744  42.05
1990-1999       40      0.00115  0.00115  0.50   98097     113   98040  4030597  41.09
1990-1999       41      0.00127  0.00127  0.50   97984     125   97921  3932557  40.13
1990-1999       42      0.00140  0.00140  0.50   97859     137   97790  3834636  39.19
1990-1999       43      0.00156  0.00156  0.50   97722     153   97646  3736845  38.24
1990-1999       44      0.00169  0.00169  0.50   97569     164   97487  3639200  37.30
1990-1999       45      0.00187  0.00187  0.50   97405     182   97314  3541713  36.36
1990-1999       46      0.00203  0.00203  0.50   97223     198   97124  3444399  35.43
1990-1999       47      0.00219  0.00219  0.50   97025     213   96919  3347275  34.50
1990-1999       48      0.00243  0.00243  0.50   96812     235   96695  3250356  33.57
1990-1999       49      0.00257  0.00256  0.50   96577     248   96453  3153661  32.65
1990-1999       50      0.00282  0.00282  0.50   96329     272   96194  3057208  31.74
1990-1999       51      0.00309  0.00308  0.50   96058     296   95910  2961014  30.83
1990-1999       52      0.00328  0.00327  0.50   95762     313   95605  2865105  29.92
1990-1999       53      0.00352  0.00351  0.50   95449     335   95281  2769499  29.02
1990-1999       54      0.00386  0.00385  0.50   95113     367   94930  2674219  28.12
1990-1999       55      0.00409  0.00408  0.50   94747     387   94554  2579288  27.22
1990-1999       56      0.00439  0.00438  0.50   94360     414   94153  2484735  26.33
1990-1999       57      0.00480  0.00479  0.50   93947     450   93722  2390582  25.45
1990-1999       58      0.00520  0.00519  0.50   93497     485   93254  2296860  24.57
1990-1999       59      0.00576  0.00574  0.50   93012     534   92745  2203606  23.69
1990-1999       60      0.00635  0.00633  0.50   92478     585   92185  2110861  22.83
1990-1999       61      0.00698  0.00696  0.50   91893     639   91573  2018675  21.97
1990-1999       62      0.00773  0.00770  0.50   91253     703   90902  1927102  21.12
1990-1999       63      0.00857  0.00853  0.50   90551     772   90164  1836200  20.28
1990-1999       64      0.00946  0.00941  0.50   89778     845   89355  1746036  19.45
1990-1999       65      0.01042  0.01037  0.50   88933     922   88472  1656681  18.63
1990-1999       66      0.01150  0.01143  0.50   88011    1006   87508  1568209  17.82
1990-1999       67      0.01275  0.01267  0.50   87005    1103   86454  1480701  17.02
1990-1999       68      0.01424  0.01414  0.50   85902    1214   85295  1394248  16.23
1990-1999       69      0.01590  0.01577  0.50   84688    1336   84020  1308953  15.46
1990-1999       70      0.01781  0.01765  0.50   83352    1471   82617  1224933  14.70
1990-1999       71      0.01971  0.01952  0.50   81881    1598   81082  1142316  13.95
1990-1999       72      0.02216  0.02191  0.50   80283    1759   79403  1061234  13.22
1990-1999       73      0.02474  0.02444  0.50   78524    1919   77564   981830  12.50
1990-1999       74      0.02774  0.02736  0.50   76605    2096   75557   904266  11.80
1990-1999       75      0.03140  0.03091  0.50   74509    2303   73357   828709  11.12
1990-1999       76      0.03541  0.03480  0.50   72205    2512   70949   755352  10.46
1990-1999       77      0.04009  0.03930  0.50   69693    2739   68323   684403   9.82
1990-1999       78      0.04579  0.04476  0.50   66954    2997   65455   616080   9.20
1990-1999       79      0.05183  0.05052  0.50   63957    3231   62341   550624   8.61
1990-1999       80      0.05852  0.05686  0.50   60725    3453   58999   488283   8.04
1990-1999       81      0.06743  0.06523  0.50   57273    3736   55405   429284   7.50
1990-1999       82      0.07622  0.07342  0.50   53537    3931   51572   373879   6.98
1990-1999       83      0.08594  0.08240  0.50   49606    4087   47563   322308   6.50
1990-1999       84      0.09729  0.09278  0.50   45519    4223   43407   274745   6.04
1990-1999       85      0.10965  0.10395  0.50   41296    4293   39149   231338   5.60
1990-1999       86      0.12380  0.11659  0.50   37003    4314   34846   192188   5.19
1990-1999       87      0.13942  0.13034  0.50   32689    4261   30559   157342   4.81
1990-1999       88      0.15700  0.14558  0.50   28429    4139   26359   126783   4.46
1990-1999       89      0.17439  0.16040  0.50   24290    3896   22342   100424   4.13
1990-1999       90      0.19656  0.17897  0.50   20394    3650   18569    78082   3.83
1990-1999       91      0.21818  0.19672  0.50   16744    3294   15097    59513   3.55
1990-1999       92      0.24084  0.21495  0.50   13450    2891   12004    44416   3.30
1990-1999       93      0.26405  0.23326  0.50   10559    2463    9327    32412   3.07
1990-1999       94      0.29101  0.25404  0.50    8096    2057    7068    23084   2.85
1990-1999       95      0.32050  0.27623  0.50    6039    1668    5205    16017   2.65
1990-1999       96      0.35039  0.29815  0.50    4371    1303    3719    10812   2.47
1990-1999       97      0.38150  0.32038  0.50    3068     983    2576     7092   2.31
1990-1999       98      0.41361  0.34273  0.50    2085     715    1728     4516   2.17
1990-1999       99      0.44648  0.36499  0.50    1370     500    1120     2788   2.03
1990-1999      100      0.47981  0.38698  0.50     870     337     702     1668   1.92
1990-1999      101      0.51333  0.40849  0.50     533     218     424      966   1.81
1990-1999      102      0.54673  0.42936  0.50     316     135     248      542   1.72
1990-1999      103      0.57972  0.44944  0.50     180      81     140      294   1.63
1990-1999      104      0.61201  0.46861  0.50      99      46      76      155   1.56
1990-1999      105      0.64334  0.48676  0.50      53      26      40       79   1.49
1990-1999      106      0.67349  0.50383  0.50      27      14      20       39   1.43
1990-1999      107      0.70228  0.51977  0.50      13       7      10       19   1.38
1990-1999      108      0.72954  0.53455  0.50       6       3       5        9   1.34
1990-1999      109      0.75518  0.54819  0.50       3       2       2        4   1.31
1990-1999      110+     0.77913  1.00000  1.28       1       1       2        2   1.28
2000-2009        0      0.00364  0.00362  0.14  100000     362   99689  8187334  81.87
2000-2009        1      0.00033  0.00033  0.50   99638      33   99621  8087645  81.17
2000-2009        2      0.00020  0.00020  0.50   99605      19   99595  7988024  80.20
2000-2009        3      0.00016  0.00016  0.50   99585      15   99578  7888429  79.21
2000-2009        4      0.00012  0.00012  0.50   99570      12   99564  7788851  78.23
2000-2009        5      0.00011  0.00011  0.50   99558      11   99552  7689287  77.23
2000-2009        6      0.00010  0.00010  0.50   99547      10   99542  7589735  76.24
2000-2009        7      0.00009  0.00009  0.50   99537       9   99533  7490193  75.25
2000-2009        8      0.00008  0.00008  0.50   99529       8   99525  7390660  74.26
2000-2009        9      0.00007  0.00007  0.50   99521       7   99517  7291135  73.26
2000-2009       10      0.00008  0.00008  0.50   99514       8   99510  7191618  72.27
2000-2009       11      0.00009  0.00009  0.50   99505       9   99501  7092108  71.27
2000-2009       12      0.00009  0.00009  0.50   99496       9   99492  6992608  70.28
2000-2009       13      0.00011  0.00011  0.50   99488      10   99482  6893116  69.29
2000-2009       14      0.00012  0.00012  0.50   99477      12   99471  6793634  68.29
2000-2009       15      0.00016  0.00016  0.50   99465      16   99457  6694163  67.30
2000-2009       16      0.00017  0.00017  0.50   99449      17   99441  6594706  66.31
2000-2009       17      0.00020  0.00020  0.50   99432      20   99422  6495265  65.32
2000-2009       18      0.00027  0.00027  0.50   99412      27   99399  6395843  64.34
2000-2009       19      0.00026  0.00026  0.50   99386      26   99373  6296444  63.35
2000-2009       20      0.00027  0.00027  0.50   99360      26   99346  6197071  62.37
2000-2009       21      0.00024  0.00024  0.50   99333      24   99321  6097725  61.39
2000-2009       22      0.00025  0.00025  0.50   99310      25   99297  5998403  60.40
2000-2009       23      0.00025  0.00025  0.50   99285      25   99272  5899106  59.42
2000-2009       24      0.00025  0.00025  0.50   99260      25   99247  5799834  58.43
2000-2009       25      0.00024  0.00024  0.50   99234      24   99222  5700587  57.45
2000-2009       26      0.00027  0.00027  0.50   99211      27   99197  5601364  56.46
2000-2009       27      0.00028  0.00028  0.50   99184      28   99170  5502167  55.47
2000-2009       28      0.00028  0.00028  0.50   99156      28   99142  5402998  54.49
2000-2009       29      0.00030  0.00030  0.50   99128      30   99113  5303856  53.51
2000-2009       30      0.00032  0.00032  0.50   99098      32   99082  5204743  52.52
2000-2009       31      0.00035  0.00035  0.50   99066      35   99049  5105661  51.54
2000-2009       32      0.00037  0.00037  0.50   99031      37   99013  5006612  50.56
2000-2009       33      0.00041  0.00041  0.50   98995      40   98975  4907599  49.57
2000-2009       34      0.00045  0.00045  0.50   98954      45   98932  4808624  48.59
2000-2009       35      0.00050  0.00050  0.50   98910      50   98885  4709692  47.62
2000-2009       36      0.00055  0.00055  0.50   98860      54   98833  4610807  46.64
2000-2009       37      0.00061  0.00061  0.50   98806      60   98776  4511974  45.67
2000-2009       38      0.00067  0.00067  0.50   98746      66   98713  4413199  44.69
2000-2009       39      0.00077  0.00077  0.50   98680      76   98642  4314486  43.72
2000-2009       40      0.00082  0.00082  0.50   98604      81   98563  4215844  42.76
2000-2009       41      0.00093  0.00093  0.50   98522      92   98476  4117281  41.79
2000-2009       42      0.00106  0.00106  0.50   98431     105   98378  4018805  40.83
2000-2009       43      0.00121  0.00120  0.50   98326     118   98267  3920427  39.87
2000-2009       44      0.00130  0.00130  0.50   98207     128   98144  3822160  38.92
2000-2009       45      0.00153  0.00153  0.50   98080     150   98005  3724016  37.97
2000-2009       46      0.00169  0.00169  0.50   97930     166   97847  3626011  37.03
2000-2009       47      0.00188  0.00188  0.50   97764     184   97673  3528164  36.09
2000-2009       48      0.00204  0.00204  0.50   97581     199   97481  3430492  35.16
2000-2009       49      0.00229  0.00229  0.50   97382     223   97271  3333010  34.23
2000-2009       50      0.00251  0.00251  0.50   97159     244   97037  3235740  33.30
2000-2009       51      0.00269  0.00269  0.50   96916     261   96785  3138702  32.39
2000-2009       52      0.00299  0.00298  0.50   96655     288   96511  3041917  31.47
2000-2009       53      0.00322  0.00322  0.50   96367     310   96212  2945406  30.56
2000-2009       54      0.00344  0.00343  0.50   96057     330   95892  2849195  29.66
2000-2009       55      0.00378  0.00377  0.50   95727     361   95547  2753303  28.76
2000-2009       56      0.00406  0.00406  0.50   95366     387   95173  2657756  27.87
2000-2009       57      0.00445  0.00444  0.50   94980     422   94769  2562583  26.98
2000-2009       58      0.00483  0.00482  0.50   94558     456   94330  2467814  26.10
2000-2009       59      0.00504  0.00503  0.50   94102     473   93865  2373484  25.22
2000-2009       60      0.00559  0.00557  0.50   93628     522   93368  2279619  24.35
2000-2009       61      0.00598  0.00596  0.50   93107     555   92829  2186252  23.48
2000-2009       62      0.00643  0.00641  0.50   92552     593   92255  2093422  22.62
2000-2009       63      0.00693  0.00691  0.50   91959     635   91641  2001167  21.76
2000-2009       64      0.00744  0.00742  0.50   91323     677   90985  1909526  20.91
2000-2009       65      0.00812  0.00809  0.50   90646     733   90279  1818541  20.06
2000-2009       66      0.00888  0.00884  0.50   89913     795   89516  1728262  19.22
2000-2009       67      0.00973  0.00968  0.50   89118     863   88687  1638746  18.39
2000-2009       68      0.01072  0.01067  0.50   88255     941   87784  1550060  17.56
2000-2009       69      0.01204  0.01197  0.50   87314    1045   86791  1462275  16.75
2000-2009       70      0.01336  0.01327  0.50   86269    1145   85696  1375484  15.94
2000-2009       71      0.01506  0.01495  0.50   85124    1272   84488  1289788  15.15
2000-2009       72      0.01710  0.01696  0.50   83851    1422   83140  1205300  14.37
2000-2009       73      0.01922  0.01904  0.50   82430    1569   81645  1122160  13.61
2000-2009       74      0.02148  0.02126  0.50   80860    1719   80001  1040515  12.87
2000-2009       75      0.02470  0.02440  0.50   79141    1931   78176   960514  12.14
2000-2009       76      0.02802  0.02763  0.50   77210    2134   76143   882338  11.43
2000-2009       77      0.03161  0.03112  0.50   75077    2336   73909   806195  10.74
2000-2009       78      0.03609  0.03545  0.50   72741    2579   71451   732286  10.07
2000-2009       79      0.04123  0.04039  0.50   70162    2834   68745   660835   9.42
2000-2009       80      0.04821  0.04707  0.50   67328    3169   65743   592090   8.79
2000-2009       81      0.05471  0.05325  0.50   64159    3417   62450   526347   8.20
2000-2009       82      0.06185  0.05999  0.50   60742    3644   58920   463897   7.64
2000-2009       83      0.07106  0.06862  0.50   57098    3918   55139   404977   7.09
2000-2009       84      0.08026  0.07717  0.50   53180    4104   51128   349838   6.58
2000-2009       85      0.09263  0.08853  0.50   49076    4345   46904   298710   6.09
2000-2009       86      0.10554  0.10025  0.50   44731    4484   42489   251806   5.63
2000-2009       87      0.12095  0.11405  0.50   40247    4590   37952   209317   5.20
2000-2009       88      0.13698  0.12820  0.50   35657    4571   33372   171365   4.81
2000-2009       89      0.15517  0.14400  0.50   31086    4476   28848   137993   4.44
2000-2009       90      0.17310  0.15931  0.50   26610    4239   24490   109146   4.10
2000-2009       91      0.19700  0.17933  0.50   22370    4012   20364    84656   3.78
2000-2009       92      0.22028  0.19843  0.50   18359    3643   16537    64291   3.50
2000-2009       93      0.24235  0.21616  0.50   14716    3181   13125    47754   3.25
2000-2009       94      0.26903  0.23713  0.50   11535    2735   10167    34629   3.00
2000-2009       95      0.29851  0.25974  0.50    8800    2286    7657    24461   2.78
2000-2009       96      0.32916  0.28264  0.50    6514    1841    5593    16805   2.58
2000-2009       97      0.36135  0.30605  0.50    4673    1430    3958    11211   2.40
2000-2009       98      0.39482  0.32973  0.50    3243    1069    2708     7253   2.24
2000-2009       99      0.42932  0.35345  0.50    2173     768    1789     4545   2.09
2000-2009      100      0.46451  0.37696  0.50    1405     530    1140     2756   1.96
2000-2009      101      0.50006  0.40004  0.50     876     350     700     1616   1.85
2000-2009      102      0.53561  0.42247  0.50     525     222     414      915   1.74
2000-2009      103      0.57081  0.44407  0.50     303     135     236      501   1.65
2000-2009      104      0.60530  0.46467  0.50     169      78     129      265   1.57
2000-2009      105      0.63877  0.48414  0.50      90      44      68      135   1.50
2000-2009      106      0.67095  0.50240  0.50      47      23      35       67   1.44
2000-2009      107      0.70160  0.51940  0.50      23      12      17       32   1.38
2000-2009      108      0.73054  0.53509  0.50      11       6       8       15   1.34
2000-2009      109      0.75764  0.54949  0.50       5       3       4        7   1.30
2000-2009      110+     0.78283  1.00000  1.28       2       2       3        3   1.28
2010-2015        0      0.00324  0.00323  0.14  100000     323   99723  8293408  82.93
2010-2015        1      0.00024  0.00024  0.50   99677      24   99665  8193684  82.20
2010-2015        2      0.00013  0.00013  0.50   99653      13   99647  8094019  81.22
2010-2015        3      0.00011  0.00011  0.50   99640      11   99634  7994372  80.23
2010-2015        4      0.00010  0.00010  0.50   99629      10   99624  7894738  79.24
2010-2015        5      0.00009  0.00009  0.50   99619       9   99615  7795114  78.25
2010-2015        6      0.00007  0.00007  0.50   99610       7   99606  7695499  77.26
2010-2015        7      0.00007  0.00007  0.50   99603       7   99599  7595893  76.26
2010-2015        8      0.00008  0.00008  0.50   99596       8   99592  7496294  75.27
2010-2015        9      0.00006  0.00006  0.50   99588       6   99585  7396702  74.27
2010-2015       10      0.00006  0.00006  0.50   99582       6   99579  7297117  73.28
2010-2015       11      0.00007  0.00007  0.50   99576       7   99572  7197538  72.28
2010-2015       12      0.00008  0.00008  0.50   99569       8   99565  7097966  71.29
2010-2015       13      0.00008  0.00008  0.50   99561       8   99557  6998401  70.29
2010-2015       14      0.00010  0.00010  0.50   99553      10   99549  6898844  69.30
2010-2015       15      0.00012  0.00012  0.50   99544      12   99538  6799295  68.30
2010-2015       16      0.00014  0.00014  0.50   99531      14   99525  6699757  67.31
2010-2015       17      0.00015  0.00015  0.50   99518      15   99510  6600233  66.32
2010-2015       18      0.00022  0.00022  0.50   99503      22   99492  6500723  65.33
2010-2015       19      0.00019  0.00019  0.50   99481      19   99472  6401231  64.35
2010-2015       20      0.00019  0.00019  0.50   99462      19   99453  6301759  63.36
2010-2015       21      0.00019  0.00019  0.50   99443      19   99434  6202307  62.37
2010-2015       22      0.00019  0.00019  0.50   99424      19   99415  6102873  61.38
2010-2015       23      0.00022  0.00022  0.50   99405      21   99395  6003458  60.39
2010-2015       24      0.00020  0.00020  0.50   99384      20   99374  5904063  59.41
2010-2015       25      0.00021  0.00021  0.50   99364      21   99353  5804690  58.42
2010-2015       26      0.00021  0.00021  0.50   99343      21   99332  5705336  57.43
2010-2015       27      0.00023  0.00023  0.50   99321      23   99310  5606004  56.44
2010-2015       28      0.00024  0.00024  0.50   99299      24   99287  5506694  55.46
2010-2015       29      0.00027  0.00027  0.50   99275      27   99261  5407407  54.47
2010-2015       30      0.00028  0.00028  0.50   99248      27   99234  5308146  53.48
2010-2015       31      0.00029  0.00029  0.50   99220      29   99206  5208912  52.50
2010-2015       32      0.00032  0.00032  0.50   99191      32   99175  5109707  51.51
2010-2015       33      0.00037  0.00037  0.50   99160      37   99141  5010531  50.53
2010-2015       34      0.00040  0.00040  0.50   99123      39   99103  4911390  49.55
2010-2015       35      0.00042  0.00042  0.50   99083      42   99062  4812287  48.57
2010-2015       36      0.00047  0.00047  0.50   99041      47   99018  4713225  47.59
2010-2015       37      0.00049  0.00049  0.50   98995      49   98970  4614207  46.61
2010-2015       38      0.00055  0.00055  0.50   98946      55   98919  4515237  45.63
2010-2015       39      0.00063  0.00063  0.50   98891      62   98860  4416319  44.66
2010-2015       40      0.00068  0.00068  0.50   98829      67   98796  4317458  43.69
2010-2015       41      0.00076  0.00076  0.50   98762      75   98725  4218663  42.72
2010-2015       42      0.00086  0.00086  0.50   98687      85   98645  4119938  41.75
2010-2015       43      0.00096  0.00096  0.50   98602      94   98555  4021294  40.78
2010-2015       44      0.00106  0.00106  0.50   98508     105   98456  3922739  39.82
2010-2015       45      0.00115  0.00115  0.50   98403     113   98347  3824283  38.86
2010-2015       46      0.00132  0.00132  0.50   98290     130   98225  3725936  37.91
2010-2015       47      0.00150  0.00150  0.50   98160     147   98087  3627711  36.96
2010-2015       48      0.00164  0.00163  0.50   98014     160   97933  3529624  36.01
2010-2015       49      0.00188  0.00188  0.50   97853     184   97761  3431691  35.07
2010-2015       50      0.00208  0.00207  0.50   97669     202   97568  3333929  34.13
2010-2015       51      0.00235  0.00235  0.50   97467     229   97352  3236361  33.20
2010-2015       52      0.00263  0.00263  0.50   97238     256   97110  3139009  32.28
2010-2015       53      0.00291  0.00291  0.50   96982     282   96841  3041899  31.37
2010-2015       54      0.00314  0.00313  0.50   96700     303   96549  2945057  30.46
2010-2015       55      0.00346  0.00345  0.50   96397     333   96231  2848509  29.55
2010-2015       56      0.00375  0.00374  0.50   96065     359   95885  2752278  28.65
2010-2015       57      0.00406  0.00406  0.50   95705     388   95511  2656393  27.76
2010-2015       58      0.00445  0.00444  0.50   95317     423   95106  2560881  26.87
2010-2015       59      0.00489  0.00488  0.50   94894     463   94663  2465776  25.98
2010-2015       60      0.00541  0.00540  0.50   94431     510   94176  2371113  25.11
2010-2015       61      0.00583  0.00581  0.50   93922     546   93649  2276937  24.24
2010-2015       62      0.00628  0.00626  0.50   93376     585   93083  2183288  23.38
2010-2015       63      0.00685  0.00682  0.50   92791     633   92474  2090205  22.53
2010-2015       64      0.00748  0.00745  0.50   92157     687   91814  1997731  21.68
2010-2015       65      0.00816  0.00813  0.50   91471     743   91099  1905916  20.84
2010-2015       66      0.00895  0.00891  0.50   90728     808   90323  1814817  20.00
2010-2015       67      0.00959  0.00955  0.50   89919     859   89490  1724494  19.18
2010-2015       68      0.01033  0.01028  0.50   89061     915   88603  1635004  18.36
2010-2015       69      0.01103  0.01097  0.50   88145     967   87662  1546401  17.54
2010-2015       70      0.01216  0.01209  0.50   87178    1054   86651  1458739  16.73
2010-2015       71      0.01306  0.01298  0.50   86124    1117   85566  1372087  15.93
2010-2015       72      0.01442  0.01432  0.50   85007    1217   84398  1286522  15.13
2010-2015       73      0.01587  0.01575  0.50   83790    1319   83130  1202123  14.35
2010-2015       74      0.01764  0.01749  0.50   82470    1442   81749  1118994  13.57
2010-2015       75      0.02034  0.02014  0.50   81028    1632   80212  1037245  12.80
2010-2015       76      0.02303  0.02277  0.50   79396    1808   78493   957033  12.05
2010-2015       77      0.02622  0.02588  0.50   77589    2008   76585   878540  11.32
2010-2015       78      0.03036  0.02991  0.50   75581    2260   74451   801955  10.61
2010-2015       79      0.03503  0.03443  0.50   73321    2524   72059   727504   9.92
2010-2015       80      0.04044  0.03964  0.50   70796    2807   69393   655446   9.26
2010-2015       81      0.04654  0.04548  0.50   67990    3092   66444   586053   8.62
2010-2015       82      0.05416  0.05273  0.50   64898    3422   63187   519609   8.01
2010-2015       83      0.06247  0.06058  0.50   61475    3724   59613   456422   7.42
2010-2015       84      0.07230  0.06977  0.50   57751    4030   55736   396809   6.87
2010-2015       85      0.08325  0.07993  0.50   53722    4294   51575   341072   6.35
2010-2015       86      0.09641  0.09197  0.50   49428    4546   47155   289497   5.86
2010-2015       87      0.11032  0.10455  0.50   44882    4692   42536   242343   5.40
2010-2015       88      0.12688  0.11931  0.50   40189    4795   37792   199807   4.97
2010-2015       89      0.14483  0.13505  0.50   35394    4780   33004   162015   4.58
2010-2015       90      0.16701  0.15414  0.50   30614    4719   28255   129011   4.21
2010-2015       91      0.18597  0.17015  0.50   25895    4406   23692   100756   3.89
2010-2015       92      0.20931  0.18948  0.50   21489    4072   19453    77064   3.59
2010-2015       93      0.23432  0.20975  0.50   17417    3653   15591    57611   3.31
2010-2015       94      0.25700  0.22773  0.50   13764    3135   12197    42020   3.05
2010-2015       95      0.29179  0.25464  0.50   10630    2707    9276    29823   2.81
2010-2015       96      0.32395  0.27879  0.50    7923    2209    6818    20547   2.59
2010-2015       97      0.35785  0.30354  0.50    5714    1734    4847    13728   2.40
2010-2015       98      0.39324  0.32863  0.50    3980    1308    3326     8882   2.23
2010-2015       99      0.42979  0.35377  0.50    2672     945    2199     5556   2.08
2010-2015      100      0.46712  0.37867  0.50    1727     654    1400     3357   1.94
2010-2015      101      0.50482  0.40308  0.50    1073     432     857     1957   1.82
2010-2015      102      0.54246  0.42672  0.50     640     273     504     1100   1.72
2010-2015      103      0.57963  0.44939  0.50     367     165     285      597   1.63
2010-2015      104      0.61592  0.47090  0.50     202      95     155      312   1.54
2010-2015      105      0.65095  0.49111  0.50     107      53      81      157   1.47
2010-2015      106      0.68444  0.50993  0.50      54      28      41       77   1.41
2010-2015      107      0.71611  0.52730  0.50      27      14      20       36   1.36
2010-2015      108      0.74578  0.54322  0.50      13       7       9       17   1.31
2010-2015      109      0.77333  0.55769  0.50       6       3       4        7   1.27
2010-2015      110+     0.79870  1.00000  1.25       3       3       3        3   1.25
