Estonia, Life tables (period 1x10), Females	Last modified: 26 Sep 2017;  Methods Protocol: v6 (2017)

  Year          Age         mx       qx    ax      lx      dx      Lx       Tx     ex
1960-1969        0      0.02025  0.01990  0.13  100000    1990   98260  7391174  73.91
1960-1969        1      0.00211  0.00211  0.50   98010     206   97907  7292915  74.41
1960-1969        2      0.00101  0.00101  0.50   97804      99   97755  7195008  73.57
1960-1969        3      0.00072  0.00072  0.50   97705      70   97670  7097253  72.64
1960-1969        4      0.00048  0.00048  0.50   97635      47   97612  6999583  71.69
1960-1969        5      0.00053  0.00053  0.50   97588      51   97563  6901971  70.73
1960-1969        6      0.00047  0.00047  0.50   97537      46   97514  6804408  69.76
1960-1969        7      0.00050  0.00050  0.50   97491      49   97466  6706895  68.80
1960-1969        8      0.00038  0.00038  0.50   97441      37   97423  6609429  67.83
1960-1969        9      0.00036  0.00036  0.50   97404      36   97386  6512006  66.86
1960-1969       10      0.00028  0.00028  0.50   97369      28   97355  6414619  65.88
1960-1969       11      0.00041  0.00041  0.50   97341      40   97321  6317264  64.90
1960-1969       12      0.00024  0.00024  0.50   97301      24   97289  6219943  63.92
1960-1969       13      0.00037  0.00037  0.50   97277      36   97259  6122654  62.94
1960-1969       14      0.00044  0.00044  0.50   97241      43   97220  6025395  61.96
1960-1969       15      0.00045  0.00045  0.50   97198      44   97176  5928175  60.99
1960-1969       16      0.00054  0.00054  0.50   97154      53   97128  5830999  60.02
1960-1969       17      0.00059  0.00059  0.50   97102      58   97073  5733871  59.05
1960-1969       18      0.00068  0.00068  0.50   97044      66   97011  5636798  58.09
1960-1969       19      0.00068  0.00068  0.50   96978      66   96945  5539787  57.12
1960-1969       20      0.00069  0.00069  0.50   96912      66   96879  5442842  56.16
1960-1969       21      0.00078  0.00078  0.50   96845      75   96808  5345964  55.20
1960-1969       22      0.00081  0.00081  0.50   96770      78   96731  5249156  54.24
1960-1969       23      0.00073  0.00073  0.50   96692      71   96656  5152425  53.29
1960-1969       24      0.00080  0.00080  0.50   96621      78   96582  5055769  52.33
1960-1969       25      0.00103  0.00103  0.50   96543      99   96494  4959187  51.37
1960-1969       26      0.00091  0.00091  0.50   96444      88   96401  4862693  50.42
1960-1969       27      0.00088  0.00088  0.50   96357      85   96314  4766292  49.47
1960-1969       28      0.00080  0.00080  0.50   96272      77   96233  4669978  48.51
1960-1969       29      0.00086  0.00085  0.50   96195      82   96154  4573745  47.55
1960-1969       30      0.00080  0.00080  0.50   96113      77   96074  4477591  46.59
1960-1969       31      0.00108  0.00108  0.50   96036     104   95984  4381517  45.62
1960-1969       32      0.00097  0.00097  0.50   95932      93   95885  4285533  44.67
1960-1969       33      0.00124  0.00123  0.50   95839     118   95780  4189648  43.72
1960-1969       34      0.00132  0.00132  0.50   95721     126   95658  4093868  42.77
1960-1969       35      0.00129  0.00129  0.50   95595     123   95533  3998211  41.82
1960-1969       36      0.00131  0.00131  0.50   95472     125   95409  3902678  40.88
1960-1969       37      0.00129  0.00129  0.50   95347     123   95285  3807268  39.93
1960-1969       38      0.00166  0.00166  0.50   95224     158   95145  3711983  38.98
1960-1969       39      0.00173  0.00173  0.50   95066     164   94983  3616839  38.05
1960-1969       40      0.00165  0.00165  0.50   94901     157   94823  3521855  37.11
1960-1969       41      0.00205  0.00204  0.50   94745     194   94648  3427032  36.17
1960-1969       42      0.00192  0.00192  0.50   94551     181   94460  3332384  35.24
1960-1969       43      0.00250  0.00250  0.50   94370     236   94252  3237924  34.31
1960-1969       44      0.00270  0.00270  0.50   94134     254   94007  3143672  33.40
1960-1969       45      0.00287  0.00286  0.50   93880     269   93745  3049666  32.48
1960-1969       46      0.00296  0.00296  0.50   93611     277   93472  2955920  31.58
1960-1969       47      0.00302  0.00302  0.50   93334     282   93193  2862448  30.67
1960-1969       48      0.00381  0.00381  0.50   93052     354   92875  2769255  29.76
1960-1969       49      0.00367  0.00366  0.50   92698     340   92528  2676380  28.87
1960-1969       50      0.00464  0.00463  0.50   92359     428   92145  2583851  27.98
1960-1969       51      0.00441  0.00440  0.50   91931     404   91728  2491707  27.10
1960-1969       52      0.00454  0.00453  0.50   91526     414   91319  2399978  26.22
1960-1969       53      0.00563  0.00561  0.50   91112     511   90856  2308659  25.34
1960-1969       54      0.00553  0.00551  0.50   90601     499   90351  2217803  24.48
1960-1969       55      0.00626  0.00624  0.50   90101     563   89820  2127452  23.61
1960-1969       56      0.00693  0.00691  0.50   89539     619   89229  2037632  22.76
1960-1969       57      0.00725  0.00722  0.50   88920     642   88599  1948402  21.91
1960-1969       58      0.00733  0.00730  0.50   88278     645   87955  1859803  21.07
1960-1969       59      0.00878  0.00874  0.50   87633     766   87250  1771848  20.22
1960-1969       60      0.01000  0.00995  0.50   86867     864   86435  1684598  19.39
1960-1969       61      0.01125  0.01118  0.50   86003     962   85522  1598163  18.58
1960-1969       62      0.01219  0.01212  0.50   85041    1031   84526  1512641  17.79
1960-1969       63      0.01356  0.01346  0.50   84010    1131   83445  1428116  17.00
1960-1969       64      0.01428  0.01417  0.50   82879    1175   82292  1344671  16.22
1960-1969       65      0.01696  0.01682  0.50   81704    1374   81017  1262379  15.45
1960-1969       66      0.01931  0.01912  0.50   80330    1536   79562  1181362  14.71
1960-1969       67      0.02102  0.02081  0.50   78794    1639   77975  1101799  13.98
1960-1969       68      0.02280  0.02254  0.50   77155    1739   76285  1023825  13.27
1960-1969       69      0.02634  0.02600  0.50   75416    1961   74436   947539  12.56
1960-1969       70      0.03000  0.02955  0.50   73455    2171   72370   873103  11.89
1960-1969       71      0.03338  0.03283  0.50   71284    2340   70114   800733  11.23
1960-1969       72      0.03779  0.03709  0.50   68944    2557   67666   730619  10.60
1960-1969       73      0.04302  0.04211  0.50   66387    2796   64989   662954   9.99
1960-1969       74      0.04628  0.04523  0.50   63591    2876   62153   597965   9.40
1960-1969       75      0.05416  0.05273  0.50   60715    3202   59114   535811   8.83
1960-1969       76      0.06025  0.05849  0.50   57513    3364   55831   476697   8.29
1960-1969       77      0.06678  0.06462  0.50   54150    3499   52400   420866   7.77
1960-1969       78      0.07804  0.07511  0.50   50650    3805   48748   368466   7.27
1960-1969       79      0.08629  0.08273  0.50   46846    3875   44908   319718   6.82
1960-1969       80      0.09521  0.09088  0.50   42970    3905   41018   274810   6.40
1960-1969       81      0.10443  0.09924  0.50   39065    3877   37127   233792   5.98
1960-1969       82      0.11626  0.10988  0.50   35188    3866   33255   196665   5.59
1960-1969       83      0.12900  0.12118  0.50   31322    3796   29424   163410   5.22
1960-1969       84      0.14049  0.13127  0.50   27526    3613   25720   133986   4.87
1960-1969       85      0.16195  0.14982  0.50   23913    3583   22122   108267   4.53
1960-1969       86      0.17807  0.16351  0.50   20330    3324   18668    86145   4.24
1960-1969       87      0.19680  0.17917  0.50   17006    3047   15483    67477   3.97
1960-1969       88      0.21353  0.19293  0.50   13959    2693   12613    51995   3.72
1960-1969       89      0.22882  0.20533  0.50   11266    2313   10109    39382   3.50
1960-1969       90      0.25133  0.22327  0.50    8953    1999    7953    29273   3.27
1960-1969       91      0.27307  0.24027  0.50    6954    1671    6118    21319   3.07
1960-1969       92      0.28731  0.25122  0.50    5283    1327    4619    15201   2.88
1960-1969       93      0.32809  0.28185  0.50    3956    1115    3398    10581   2.67
1960-1969       94      0.34733  0.29593  0.50    2841     841    2421     7183   2.53
1960-1969       95      0.37401  0.31509  0.50    2000     630    1685     4762   2.38
1960-1969       96      0.40149  0.33437  0.50    1370     458    1141     3077   2.25
1960-1969       97      0.42960  0.35364  0.50     912     322     751     1936   2.12
1960-1969       98      0.45817  0.37277  0.50     589     220     480     1186   2.01
1960-1969       99      0.48701  0.39165  0.50     370     145     297      706   1.91
1960-1969      100      0.51595  0.41014  0.50     225      92     179      409   1.82
1960-1969      101      0.54478  0.42815  0.50     133      57     104      230   1.74
1960-1969      102      0.57331  0.44558  0.50      76      34      59      126   1.66
1960-1969      103      0.60136  0.46234  0.50      42      19      32       67   1.59
1960-1969      104      0.62876  0.47837  0.50      23      11      17       35   1.53
1960-1969      105      0.65536  0.49361  0.50      12       6       9       17   1.48
1960-1969      106      0.68101  0.50803  0.50       6       3       4        9   1.43
1960-1969      107      0.70562  0.52160  0.50       3       2       2        4   1.38
1960-1969      108      0.72908  0.53431  0.50       1       1       1        2   1.35
1960-1969      109      0.75133  0.54616  0.50       1       0       0        1   1.31
1960-1969      110+     0.77233  1.00000  1.29       0       0       0        0   1.29
1970-1979        0      0.01457  0.01439  0.12  100000    1439   98733  7459750  74.60
1970-1979        1      0.00160  0.00160  0.50   98561     157   98483  7361017  74.68
1970-1979        2      0.00099  0.00099  0.50   98404      97   98356  7262534  73.80
1970-1979        3      0.00062  0.00062  0.50   98307      61   98276  7164179  72.88
1970-1979        4      0.00060  0.00060  0.50   98246      59   98216  7065902  71.92
1970-1979        5      0.00047  0.00047  0.50   98187      46   98164  6967686  70.96
1970-1979        6      0.00045  0.00045  0.50   98141      44   98119  6869523  70.00
1970-1979        7      0.00034  0.00034  0.50   98096      34   98080  6771404  69.03
1970-1979        8      0.00035  0.00035  0.50   98063      35   98046  6673325  68.05
1970-1979        9      0.00026  0.00026  0.50   98028      26   98015  6575279  67.08
1970-1979       10      0.00035  0.00035  0.50   98002      34   97985  6477264  66.09
1970-1979       11      0.00033  0.00033  0.50   97968      32   97953  6379278  65.12
1970-1979       12      0.00029  0.00029  0.50   97937      29   97922  6281326  64.14
1970-1979       13      0.00035  0.00035  0.50   97908      35   97891  6183404  63.16
1970-1979       14      0.00029  0.00029  0.50   97873      28   97859  6085513  62.18
1970-1979       15      0.00036  0.00036  0.50   97845      35   97827  5987654  61.20
1970-1979       16      0.00048  0.00048  0.50   97810      47   97786  5889827  60.22
1970-1979       17      0.00047  0.00047  0.50   97763      46   97740  5792040  59.25
1970-1979       18      0.00069  0.00069  0.50   97717      68   97683  5694301  58.27
1970-1979       19      0.00060  0.00060  0.50   97649      59   97620  5596618  57.31
1970-1979       20      0.00063  0.00063  0.50   97590      62   97559  5498998  56.35
1970-1979       21      0.00065  0.00065  0.50   97529      64   97497  5401439  55.38
1970-1979       22      0.00067  0.00067  0.50   97465      65   97432  5303942  54.42
1970-1979       23      0.00053  0.00053  0.50   97400      52   97374  5206510  53.46
1970-1979       24      0.00068  0.00068  0.50   97348      66   97315  5109136  52.48
1970-1979       25      0.00057  0.00057  0.50   97282      55   97254  5011821  51.52
1970-1979       26      0.00066  0.00066  0.50   97226      64   97194  4914567  50.55
1970-1979       27      0.00081  0.00080  0.50   97162      78   97123  4817373  49.58
1970-1979       28      0.00071  0.00071  0.50   97084      69   97049  4720250  48.62
1970-1979       29      0.00071  0.00071  0.50   97015      69   96981  4623201  47.65
1970-1979       30      0.00101  0.00101  0.50   96946      98   96897  4526220  46.69
1970-1979       31      0.00095  0.00095  0.50   96848      92   96802  4429323  45.73
1970-1979       32      0.00100  0.00100  0.50   96755      97   96707  4332522  44.78
1970-1979       33      0.00110  0.00110  0.50   96658     106   96605  4235815  43.82
1970-1979       34      0.00124  0.00124  0.50   96552     120   96492  4139210  42.87
1970-1979       35      0.00121  0.00121  0.50   96432     116   96374  4042718  41.92
1970-1979       36      0.00130  0.00130  0.50   96316     125   96253  3946344  40.97
1970-1979       37      0.00133  0.00133  0.50   96191     128   96127  3850090  40.03
1970-1979       38      0.00139  0.00139  0.50   96063     134   95996  3753963  39.08
1970-1979       39      0.00173  0.00173  0.50   95929     166   95846  3657967  38.13
1970-1979       40      0.00175  0.00175  0.50   95763     168   95679  3562121  37.20
1970-1979       41      0.00204  0.00204  0.50   95596     195   95498  3466442  36.26
1970-1979       42      0.00198  0.00198  0.50   95401     189   95307  3370943  35.33
1970-1979       43      0.00234  0.00233  0.50   95212     222   95101  3275637  34.40
1970-1979       44      0.00272  0.00272  0.50   94990     258   94861  3180535  33.48
1970-1979       45      0.00264  0.00264  0.50   94732     250   94607  3085674  32.57
1970-1979       46      0.00337  0.00337  0.50   94482     318   94323  2991068  31.66
1970-1979       47      0.00314  0.00314  0.50   94164     295   94016  2896745  30.76
1970-1979       48      0.00346  0.00345  0.50   93868     324   93707  2802729  29.86
1970-1979       49      0.00413  0.00412  0.50   93545     385   93352  2709022  28.96
1970-1979       50      0.00482  0.00481  0.50   93159     448   92935  2615670  28.08
1970-1979       51      0.00535  0.00534  0.50   92711     495   92464  2522735  27.21
1970-1979       52      0.00492  0.00491  0.50   92216     453   91990  2430271  26.35
1970-1979       53      0.00591  0.00589  0.50   91764     541   91493  2338281  25.48
1970-1979       54      0.00616  0.00614  0.50   91223     560   90943  2246788  24.63
1970-1979       55      0.00661  0.00659  0.50   90663     598   90364  2155845  23.78
1970-1979       56      0.00753  0.00750  0.50   90065     675   89728  2065481  22.93
1970-1979       57      0.00789  0.00786  0.50   89390     702   89039  1975753  22.10
1970-1979       58      0.00775  0.00772  0.50   88688     685   88345  1886714  21.27
1970-1979       59      0.00924  0.00920  0.50   88003     809   87598  1798369  20.44
1970-1979       60      0.00956  0.00951  0.50   87193     829   86779  1710771  19.62
1970-1979       61      0.01053  0.01048  0.50   86364     905   85912  1623993  18.80
1970-1979       62      0.01176  0.01169  0.50   85459     999   84960  1538081  18.00
1970-1979       63      0.01285  0.01277  0.50   84460    1078   83921  1453121  17.20
1970-1979       64      0.01504  0.01492  0.50   83382    1244   82759  1369201  16.42
1970-1979       65      0.01625  0.01612  0.50   82137    1324   81475  1286441  15.66
1970-1979       66      0.01737  0.01722  0.50   80813    1392   80117  1204966  14.91
1970-1979       67      0.02018  0.01998  0.50   79421    1587   78628  1124849  14.16
1970-1979       68      0.02263  0.02238  0.50   77835    1742   76964  1046221  13.44
1970-1979       69      0.02620  0.02586  0.50   76093    1968   75109   969257  12.74
1970-1979       70      0.02910  0.02868  0.50   74125    2126   73062   894149  12.06
1970-1979       71      0.03230  0.03178  0.50   71999    2288   70855   821087  11.40
1970-1979       72      0.03681  0.03614  0.50   69710    2520   68450   750232  10.76
1970-1979       73      0.04027  0.03948  0.50   67191    2652   65864   681782  10.15
1970-1979       74      0.04706  0.04598  0.50   64538    2968   63054   615917   9.54
1970-1979       75      0.05278  0.05142  0.50   61571    3166   59988   552863   8.98
1970-1979       76      0.05862  0.05695  0.50   58405    3326   56741   492875   8.44
1970-1979       77      0.06762  0.06541  0.50   55078    3602   53277   436134   7.92
1970-1979       78      0.07282  0.07027  0.50   51476    3617   49667   382857   7.44
1970-1979       79      0.08409  0.08070  0.50   47859    3862   45928   333190   6.96
1970-1979       80      0.09381  0.08961  0.50   43997    3942   42025   287262   6.53
1970-1979       81      0.10248  0.09749  0.50   40054    3905   38102   245236   6.12
1970-1979       82      0.11795  0.11138  0.50   36149    4026   34136   207134   5.73
1970-1979       83      0.12790  0.12021  0.50   32123    3862   30192   172998   5.39
1970-1979       84      0.13859  0.12961  0.50   28261    3663   26430   142806   5.05
1970-1979       85      0.14990  0.13945  0.50   24599    3430   22883   116376   4.73
1970-1979       86      0.16865  0.15553  0.50   21168    3292   19522    93492   4.42
1970-1979       87      0.18386  0.16838  0.50   17876    3010   16371    73970   4.14
1970-1979       88      0.19867  0.18072  0.50   14866    2687   13523    57599   3.87
1970-1979       89      0.22389  0.20135  0.50   12179    2452   10953    44077   3.62
1970-1979       90      0.24030  0.21453  0.50    9727    2087    8684    33123   3.41
1970-1979       91      0.26442  0.23355  0.50    7640    1784    6748    24440   3.20
1970-1979       92      0.28645  0.25056  0.50    5856    1467    5122    17691   3.02
1970-1979       93      0.30162  0.26210  0.50    4389    1150    3814    12569   2.86
1970-1979       94      0.31480  0.27199  0.50    3238     881    2798     8756   2.70
1970-1979       95      0.34996  0.29784  0.50    2358     702    2007     5957   2.53
1970-1979       96      0.37521  0.31594  0.50    1655     523    1394     3951   2.39
1970-1979       97      0.40116  0.33414  0.50    1132     378     943     2557   2.26
1970-1979       98      0.42768  0.35234  0.50     754     266     621     1614   2.14
1970-1979       99      0.45462  0.37042  0.50     488     181     398      993   2.03
1970-1979      100      0.48183  0.38829  0.50     307     119     248      595   1.93
1970-1979      101      0.50915  0.40584  0.50     188      76     150      347   1.84
1970-1979      102      0.53641  0.42297  0.50     112      47      88      197   1.76
1970-1979      103      0.56346  0.43961  0.50      64      28      50      109   1.69
1970-1979      104      0.59013  0.45568  0.50      36      16      28       59   1.62
1970-1979      105      0.61629  0.47112  0.50      20       9      15       31   1.56
1970-1979      106      0.64179  0.48587  0.50      10       5       8       16   1.51
1970-1979      107      0.66651  0.49991  0.50       5       3       4        8   1.46
1970-1979      108      0.69035  0.51320  0.50       3       1       2        4   1.42
1970-1979      109      0.71321  0.52573  0.50       1       1       1        2   1.38
1970-1979      110+     0.73504  1.00000  1.36       1       1       1        1   1.36
1980-1989        0      0.01329  0.01314  0.12  100000    1314   98846  7467960  74.68
1980-1989        1      0.00157  0.00157  0.50   98686     155   98609  7369113  74.67
1980-1989        2      0.00098  0.00098  0.50   98531      97   98483  7270505  73.79
1980-1989        3      0.00061  0.00061  0.50   98434      60   98404  7172022  72.86
1980-1989        4      0.00047  0.00047  0.50   98375      46   98352  7073617  71.90
1980-1989        5      0.00055  0.00055  0.50   98329      54   98302  6975266  70.94
1980-1989        6      0.00048  0.00048  0.50   98275      47   98251  6876964  69.98
1980-1989        7      0.00047  0.00047  0.50   98227      46   98204  6778713  69.01
1980-1989        8      0.00048  0.00048  0.50   98181      47   98158  6680509  68.04
1980-1989        9      0.00026  0.00026  0.50   98134      25   98121  6582351  67.08
1980-1989       10      0.00026  0.00026  0.50   98109      25   98096  6484230  66.09
1980-1989       11      0.00029  0.00029  0.50   98083      28   98069  6386134  65.11
1980-1989       12      0.00023  0.00023  0.50   98055      22   98044  6288065  64.13
1980-1989       13      0.00041  0.00041  0.50   98033      40   98013  6190021  63.14
1980-1989       14      0.00033  0.00033  0.50   97993      32   97976  6092008  62.17
1980-1989       15      0.00033  0.00033  0.50   97960      33   97944  5994032  61.19
1980-1989       16      0.00054  0.00054  0.50   97928      53   97901  5896088  60.21
1980-1989       17      0.00051  0.00051  0.50   97875      49   97850  5798187  59.24
1980-1989       18      0.00059  0.00059  0.50   97825      58   97796  5700337  58.27
1980-1989       19      0.00061  0.00061  0.50   97767      60   97737  5602541  57.31
1980-1989       20      0.00070  0.00070  0.50   97707      68   97673  5504804  56.34
1980-1989       21      0.00059  0.00059  0.50   97639      58   97610  5407130  55.38
1980-1989       22      0.00060  0.00060  0.50   97581      59   97552  5309520  54.41
1980-1989       23      0.00052  0.00052  0.50   97522      51   97497  5211969  53.44
1980-1989       24      0.00078  0.00078  0.50   97472      76   97434  5114472  52.47
1980-1989       25      0.00058  0.00058  0.50   97396      57   97367  5017038  51.51
1980-1989       26      0.00083  0.00083  0.50   97339      81   97298  4919671  50.54
1980-1989       27      0.00076  0.00076  0.50   97258      74   97221  4822372  49.58
1980-1989       28      0.00079  0.00079  0.50   97184      77   97146  4725151  48.62
1980-1989       29      0.00073  0.00073  0.50   97107      71   97071  4628006  47.66
1980-1989       30      0.00076  0.00076  0.50   97036      74   96999  4530934  46.69
1980-1989       31      0.00097  0.00097  0.50   96962      94   96915  4433935  45.73
1980-1989       32      0.00102  0.00102  0.50   96868      99   96818  4337020  44.77
1980-1989       33      0.00109  0.00109  0.50   96769     105   96716  4240202  43.82
1980-1989       34      0.00112  0.00112  0.50   96663     109   96609  4143486  42.87
1980-1989       35      0.00120  0.00120  0.50   96555     116   96497  4046877  41.91
1980-1989       36      0.00122  0.00122  0.50   96439     118   96380  3950380  40.96
1980-1989       37      0.00126  0.00126  0.50   96321     121   96260  3854000  40.01
1980-1989       38      0.00140  0.00140  0.50   96200     135   96132  3757740  39.06
1980-1989       39      0.00173  0.00173  0.50   96065     166   95982  3661608  38.12
1980-1989       40      0.00202  0.00202  0.50   95899     194   95802  3565626  37.18
1980-1989       41      0.00198  0.00198  0.50   95705     190   95611  3469824  36.26
1980-1989       42      0.00209  0.00209  0.50   95516     199   95416  3374213  35.33
1980-1989       43      0.00226  0.00226  0.50   95316     215   95209  3278797  34.40
1980-1989       44      0.00262  0.00262  0.50   95101     249   94977  3183588  33.48
1980-1989       45      0.00288  0.00287  0.50   94852     273   94716  3088611  32.56
1980-1989       46      0.00325  0.00324  0.50   94580     307   94426  2993895  31.65
1980-1989       47      0.00330  0.00330  0.50   94273     311   94117  2899469  30.76
1980-1989       48      0.00351  0.00351  0.50   93962     329   93797  2805352  29.86
1980-1989       49      0.00380  0.00380  0.50   93633     356   93455  2711554  28.96
1980-1989       50      0.00416  0.00415  0.50   93277     387   93083  2618100  28.07
1980-1989       51      0.00485  0.00484  0.50   92890     449   92665  2525016  27.18
1980-1989       52      0.00534  0.00532  0.50   92440     492   92194  2432351  26.31
1980-1989       53      0.00583  0.00581  0.50   91948     534   91681  2340157  25.45
1980-1989       54      0.00629  0.00627  0.50   91414     573   91127  2248476  24.60
1980-1989       55      0.00691  0.00689  0.50   90841     626   90528  2157348  23.75
1980-1989       56      0.00745  0.00743  0.50   90215     670   89880  2066820  22.91
1980-1989       57      0.00792  0.00789  0.50   89545     706   89192  1976940  22.08
1980-1989       58      0.00853  0.00850  0.50   88839     755   88461  1887748  21.25
1980-1989       59      0.00971  0.00967  0.50   88084     851   87658  1799287  20.43
1980-1989       60      0.01065  0.01059  0.50   87232     924   86770  1711629  19.62
1980-1989       61      0.01124  0.01117  0.50   86308     964   85826  1624859  18.83
1980-1989       62      0.01311  0.01302  0.50   85344    1111   84788  1539033  18.03
1980-1989       63      0.01421  0.01411  0.50   84233    1189   83638  1454244  17.26
1980-1989       64      0.01618  0.01605  0.50   83044    1333   82378  1370606  16.50
1980-1989       65      0.01784  0.01769  0.50   81711    1445   80989  1288228  15.77
1980-1989       66      0.01941  0.01922  0.50   80266    1543   79495  1207240  15.04
1980-1989       67      0.02085  0.02064  0.50   78723    1625   77911  1127745  14.33
1980-1989       68      0.02394  0.02365  0.50   77099    1824   76187  1049834  13.62
1980-1989       69      0.02482  0.02451  0.50   75275    1845   74353   973647  12.93
1980-1989       70      0.02857  0.02817  0.50   73430    2069   72396   899295  12.25
1980-1989       71      0.03109  0.03062  0.50   71361    2185   70269   826899  11.59
1980-1989       72      0.03553  0.03491  0.50   69177    2415   67969   756630  10.94
1980-1989       73      0.04013  0.03934  0.50   66762    2626   65448   688661  10.32
1980-1989       74      0.04535  0.04435  0.50   64135    2844   62713   623212   9.72
1980-1989       75      0.05008  0.04886  0.50   61291    2994   59794   560499   9.14
1980-1989       76      0.05553  0.05403  0.50   58297    3150   56722   500706   8.59
1980-1989       77      0.06407  0.06208  0.50   55147    3424   53435   443984   8.05
1980-1989       78      0.07208  0.06957  0.50   51724    3598   49924   390548   7.55
1980-1989       79      0.08081  0.07767  0.50   48125    3738   46256   340624   7.08
1980-1989       80      0.08887  0.08509  0.50   44387    3777   42499   294368   6.63
1980-1989       81      0.10225  0.09728  0.50   40610    3951   38635   251869   6.20
1980-1989       82      0.10951  0.10383  0.50   36660    3806   34757   213234   5.82
1980-1989       83      0.12289  0.11578  0.50   32854    3804   30952   178477   5.43
1980-1989       84      0.14040  0.13119  0.50   29050    3811   27144   147526   5.08
1980-1989       85      0.15305  0.14217  0.50   25239    3588   23445   120381   4.77
1980-1989       86      0.16902  0.15585  0.50   21651    3374   19964    96936   4.48
1980-1989       87      0.18116  0.16611  0.50   18277    3036   16759    76973   4.21
1980-1989       88      0.19546  0.17806  0.50   15241    2714   13884    60214   3.95
1980-1989       89      0.21444  0.19367  0.50   12527    2426   11314    46331   3.70
1980-1989       90      0.23087  0.20698  0.50   10101    2091    9055    35017   3.47
1980-1989       91      0.25323  0.22477  0.50    8010    1800    7110    25961   3.24
1980-1989       92      0.26997  0.23786  0.50    6210    1477    5471    18851   3.04
1980-1989       93      0.30243  0.26270  0.50    4733    1243    4111    13380   2.83
1980-1989       94      0.33440  0.28650  0.50    3489    1000    2989     9269   2.66
1980-1989       95      0.34982  0.29774  0.50    2490     741    2119     6280   2.52
1980-1989       96      0.37565  0.31625  0.50    1748     553    1472     4161   2.38
1980-1989       97      0.40220  0.33486  0.50    1195     400     995     2689   2.25
1980-1989       98      0.42934  0.35346  0.50     795     281     655     1694   2.13
1980-1989       99      0.45691  0.37194  0.50     514     191     418     1039   2.02
1980-1989      100      0.48475  0.39018  0.50     323     126     260      621   1.92
1980-1989      101      0.51268  0.40808  0.50     197      80     157      361   1.83
1980-1989      102      0.54054  0.42553  0.50     117      50      92      204   1.75
1980-1989      103      0.56814  0.44245  0.50      67      30      52      112   1.68
1980-1989      104      0.59532  0.45877  0.50      37      17      29       60   1.61
1980-1989      105      0.62194  0.47441  0.50      20      10      15       31   1.55
1980-1989      106      0.64784  0.48933  0.50      11       5       8       16   1.49
1980-1989      107      0.67289  0.50349  0.50       5       3       4        8   1.44
1980-1989      108      0.69700  0.51687  0.50       3       1       2        4   1.40
1980-1989      109      0.72007  0.52945  0.50       1       1       1        2   1.37
1980-1989      110+     0.74204  1.00000  1.35       1       1       1        1   1.35
1990-1999        0      0.01093  0.01083  0.13  100000    1083   99054  7488882  74.89
1990-1999        1      0.00125  0.00125  0.50   98917     123   98855  7389828  74.71
1990-1999        2      0.00062  0.00062  0.50   98793      62   98763  7290973  73.80
1990-1999        3      0.00064  0.00064  0.50   98732      63   98700  7192211  72.85
1990-1999        4      0.00040  0.00040  0.50   98669      39   98650  7093510  71.89
1990-1999        5      0.00037  0.00037  0.50   98630      36   98612  6994861  70.92
1990-1999        6      0.00028  0.00028  0.50   98593      27   98580  6896249  69.95
1990-1999        7      0.00036  0.00036  0.50   98566      35   98548  6797669  68.97
1990-1999        8      0.00035  0.00035  0.50   98531      35   98514  6699121  67.99
1990-1999        9      0.00029  0.00029  0.50   98496      29   98482  6600607  67.01
1990-1999       10      0.00027  0.00027  0.50   98468      26   98454  6502125  66.03
1990-1999       11      0.00024  0.00024  0.50   98441      24   98429  6403671  65.05
1990-1999       12      0.00027  0.00027  0.50   98417      27   98404  6305242  64.07
1990-1999       13      0.00022  0.00022  0.50   98391      21   98380  6206837  63.08
1990-1999       14      0.00031  0.00031  0.50   98369      30   98354  6108458  62.10
1990-1999       15      0.00053  0.00053  0.50   98339      52   98313  6010103  61.12
1990-1999       16      0.00039  0.00039  0.50   98287      39   98267  5911790  60.15
1990-1999       17      0.00051  0.00051  0.50   98248      50   98223  5813523  59.17
1990-1999       18      0.00067  0.00067  0.50   98198      66   98165  5715300  58.20
1990-1999       19      0.00064  0.00064  0.50   98132      63   98101  5617135  57.24
1990-1999       20      0.00071  0.00071  0.50   98069      70   98034  5519034  56.28
1990-1999       21      0.00061  0.00061  0.50   97999      59   97969  5421000  55.32
1990-1999       22      0.00070  0.00070  0.50   97940      68   97905  5323030  54.35
1990-1999       23      0.00074  0.00074  0.50   97871      73   97835  5225125  53.39
1990-1999       24      0.00069  0.00069  0.50   97799      68   97765  5127290  52.43
1990-1999       25      0.00063  0.00063  0.50   97731      62   97700  5029525  51.46
1990-1999       26      0.00078  0.00078  0.50   97669      76   97631  4931825  50.50
1990-1999       27      0.00075  0.00075  0.50   97593      73   97557  4834193  49.53
1990-1999       28      0.00075  0.00075  0.50   97520      74   97483  4736637  48.57
1990-1999       29      0.00070  0.00070  0.50   97446      68   97412  4639154  47.61
1990-1999       30      0.00088  0.00088  0.50   97378      86   97335  4541741  46.64
1990-1999       31      0.00088  0.00088  0.50   97292      86   97250  4444406  45.68
1990-1999       32      0.00091  0.00091  0.50   97207      89   97162  4347156  44.72
1990-1999       33      0.00116  0.00116  0.50   97118     113   97062  4249994  43.76
1990-1999       34      0.00109  0.00109  0.50   97006     105   96953  4152932  42.81
1990-1999       35      0.00141  0.00141  0.50   96900     136   96832  4055979  41.86
1990-1999       36      0.00158  0.00158  0.50   96764     153   96687  3959147  40.92
1990-1999       37      0.00191  0.00191  0.50   96611     184   96519  3862460  39.98
1990-1999       38      0.00184  0.00184  0.50   96427     177   96338  3765941  39.05
1990-1999       39      0.00214  0.00214  0.50   96249     206   96146  3669602  38.13
1990-1999       40      0.00234  0.00233  0.50   96043     224   95931  3573456  37.21
1990-1999       41      0.00259  0.00258  0.50   95819     248   95696  3477524  36.29
1990-1999       42      0.00240  0.00240  0.50   95572     229   95457  3381829  35.39
1990-1999       43      0.00278  0.00277  0.50   95342     264   95210  3286372  34.47
1990-1999       44      0.00309  0.00309  0.50   95078     294   94931  3191161  33.56
1990-1999       45      0.00346  0.00345  0.50   94785     327   94621  3096230  32.67
1990-1999       46      0.00392  0.00391  0.50   94457     370   94272  3001609  31.78
1990-1999       47      0.00376  0.00375  0.50   94087     353   93911  2907337  30.90
1990-1999       48      0.00431  0.00430  0.50   93735     403   93533  2813426  30.01
1990-1999       49      0.00446  0.00445  0.50   93332     416   93124  2719893  29.14
1990-1999       50      0.00510  0.00509  0.50   92916     473   92679  2626769  28.27
1990-1999       51      0.00565  0.00564  0.50   92443     521   92182  2534089  27.41
1990-1999       52      0.00602  0.00600  0.50   91922     551   91646  2441907  26.57
1990-1999       53      0.00634  0.00632  0.50   91370     577   91082  2350261  25.72
1990-1999       54      0.00657  0.00655  0.50   90793     595   90496  2259179  24.88
1990-1999       55      0.00768  0.00765  0.50   90198     690   89853  2168684  24.04
1990-1999       56      0.00788  0.00785  0.50   89508     703   89157  2078830  23.23
1990-1999       57      0.00847  0.00843  0.50   88805     749   88431  1989674  22.40
1990-1999       58      0.00948  0.00944  0.50   88056     831   87641  1901243  21.59
1990-1999       59      0.00966  0.00961  0.50   87225     838   86806  1813602  20.79
1990-1999       60      0.01097  0.01091  0.50   86387     943   85915  1726797  19.99
1990-1999       61      0.01281  0.01273  0.50   85444    1088   84900  1640881  19.20
1990-1999       62      0.01313  0.01304  0.50   84356    1100   83806  1555981  18.45
1990-1999       63      0.01477  0.01466  0.50   83256    1221   82646  1472175  17.68
1990-1999       64      0.01555  0.01543  0.50   82035    1266   81402  1389529  16.94
1990-1999       65      0.01716  0.01702  0.50   80769    1374   80082  1308127  16.20
1990-1999       66      0.01874  0.01856  0.50   79395    1474   78658  1228045  15.47
1990-1999       67      0.02056  0.02035  0.50   77921    1585   77128  1149387  14.75
1990-1999       68      0.02241  0.02217  0.50   76336    1692   75490  1072259  14.05
1990-1999       69      0.02476  0.02445  0.50   74644    1825   73731   996769  13.35
1990-1999       70      0.02769  0.02731  0.50   72818    1988   71824   923038  12.68
1990-1999       71      0.03091  0.03044  0.50   70830    2156   69752   851214  12.02
1990-1999       72      0.03441  0.03383  0.50   68674    2323   67512   781462  11.38
1990-1999       73      0.03668  0.03602  0.50   66351    2390   65156   713950  10.76
1990-1999       74      0.04251  0.04163  0.50   63961    2662   62630   648794  10.14
1990-1999       75      0.04727  0.04617  0.50   61299    2830   59884   586164   9.56
1990-1999       76      0.05075  0.04950  0.50   58468    2894   57021   526281   9.00
1990-1999       77      0.05746  0.05586  0.50   55574    3104   54022   469259   8.44
1990-1999       78      0.06619  0.06407  0.50   52470    3362   50789   415237   7.91
1990-1999       79      0.07067  0.06826  0.50   49108    3352   47432   364448   7.42
1990-1999       80      0.08125  0.07808  0.50   45756    3573   43970   317016   6.93
1990-1999       81      0.09512  0.09081  0.50   42183    3830   40268   273046   6.47
1990-1999       82      0.10026  0.09547  0.50   38353    3662   36522   232778   6.07
1990-1999       83      0.11369  0.10758  0.50   34691    3732   32825   196256   5.66
1990-1999       84      0.12514  0.11777  0.50   30959    3646   29136   163431   5.28
1990-1999       85      0.14162  0.13226  0.50   27313    3612   25507   134294   4.92
1990-1999       86      0.15547  0.14426  0.50   23701    3419   21991   108787   4.59
1990-1999       87      0.17111  0.15763  0.50   20282    3197   18683    86796   4.28
1990-1999       88      0.18987  0.17341  0.50   17085    2963   15604    68112   3.99
1990-1999       89      0.20468  0.18568  0.50   14122    2622   12811    52509   3.72
1990-1999       90      0.23281  0.20854  0.50   11500    2398   10301    39698   3.45
1990-1999       91      0.25734  0.22800  0.50    9102    2075    8064    29397   3.23
1990-1999       92      0.27046  0.23824  0.50    7027    1674    6190    21332   3.04
1990-1999       93      0.29781  0.25921  0.50    5353    1387    4659    15143   2.83
1990-1999       94      0.32279  0.27793  0.50    3965    1102    3414    10484   2.64
1990-1999       95      0.35556  0.30189  0.50    2863     864    2431     7070   2.47
1990-1999       96      0.38389  0.32207  0.50    1999     644    1677     4639   2.32
1990-1999       97      0.41303  0.34233  0.50    1355     464    1123     2962   2.19
1990-1999       98      0.44279  0.36253  0.50     891     323     730     1839   2.06
1990-1999       99      0.47297  0.38251  0.50     568     217     459     1109   1.95
1990-1999      100      0.50335  0.40214  0.50     351     141     280      650   1.85
1990-1999      101      0.53371  0.42128  0.50     210      88     166      369   1.76
1990-1999      102      0.56381  0.43982  0.50     121      53      95      204   1.68
1990-1999      103      0.59346  0.45766  0.50      68      31      52      109   1.61
1990-1999      104      0.62243  0.47470  0.50      37      18      28       57   1.54
1990-1999      105      0.65056  0.49089  0.50      19      10      15       29   1.48
1990-1999      106      0.67768  0.50617  0.50      10       5       7       14   1.43
1990-1999      107      0.70365  0.52052  0.50       5       3       4        7   1.38
1990-1999      108      0.72837  0.53392  0.50       2       1       2        3   1.35
1990-1999      109      0.75175  0.54638  0.50       1       1       1        1   1.31
1990-1999      110+     0.77375  1.00000  1.29       0       0       1        1   1.29
2000-2009        0      0.00509  0.00506  0.14  100000     506   99564  7805513  78.06
2000-2009        1      0.00054  0.00054  0.50   99494      54   99467  7705949  77.45
2000-2009        2      0.00036  0.00036  0.50   99440      36   99422  7606482  76.49
2000-2009        3      0.00027  0.00027  0.50   99404      27   99391  7507061  75.52
2000-2009        4      0.00031  0.00031  0.50   99377      30   99362  7407670  74.54
2000-2009        5      0.00036  0.00036  0.50   99347      35   99329  7308308  73.56
2000-2009        6      0.00019  0.00019  0.50   99312      19   99302  7208978  72.59
2000-2009        7      0.00019  0.00019  0.50   99292      19   99283  7109676  71.60
2000-2009        8      0.00018  0.00018  0.50   99274      18   99264  7010393  70.62
2000-2009        9      0.00012  0.00012  0.50   99255      12   99249  6911129  69.63
2000-2009       10      0.00007  0.00007  0.50   99244       7   99240  6811879  68.64
2000-2009       11      0.00016  0.00016  0.50   99237      16   99229  6712639  67.64
2000-2009       12      0.00012  0.00012  0.50   99221      12   99215  6613411  66.65
2000-2009       13      0.00024  0.00024  0.50   99208      24   99197  6514196  65.66
2000-2009       14      0.00027  0.00027  0.50   99185      27   99171  6414999  64.68
2000-2009       15      0.00029  0.00029  0.50   99158      28   99143  6315828  63.69
2000-2009       16      0.00033  0.00033  0.50   99129      33   99113  6216685  62.71
2000-2009       17      0.00017  0.00017  0.50   99096      16   99088  6117572  61.73
2000-2009       18      0.00046  0.00046  0.50   99080      46   99057  6018484  60.74
2000-2009       19      0.00041  0.00041  0.50   99034      40   99014  5919427  59.77
2000-2009       20      0.00061  0.00061  0.50   98994      61   98963  5820413  58.80
2000-2009       21      0.00043  0.00043  0.50   98933      43   98911  5721449  57.83
2000-2009       22      0.00053  0.00053  0.50   98890      53   98864  5622538  56.86
2000-2009       23      0.00067  0.00067  0.50   98837      66   98804  5523674  55.89
2000-2009       24      0.00058  0.00058  0.50   98771      57   98742  5424870  54.92
2000-2009       25      0.00060  0.00060  0.50   98714      60   98684  5326128  53.96
2000-2009       26      0.00054  0.00054  0.50   98654      54   98627  5227444  52.99
2000-2009       27      0.00057  0.00057  0.50   98600      56   98572  5128817  52.02
2000-2009       28      0.00041  0.00041  0.50   98544      40   98524  5030245  51.05
2000-2009       29      0.00058  0.00058  0.50   98504      57   98476  4931720  50.07
2000-2009       30      0.00068  0.00068  0.50   98447      67   98414  4833245  49.09
2000-2009       31      0.00056  0.00056  0.50   98381      55   98353  4734831  48.13
2000-2009       32      0.00082  0.00082  0.50   98325      80   98285  4636478  47.15
2000-2009       33      0.00085  0.00085  0.50   98245      84   98203  4538193  46.19
2000-2009       34      0.00100  0.00100  0.50   98161      98   98112  4439990  45.23
2000-2009       35      0.00114  0.00114  0.50   98063     112   98007  4341878  44.28
2000-2009       36      0.00099  0.00099  0.50   97952      97   97903  4243870  43.33
2000-2009       37      0.00112  0.00112  0.50   97855     110   97800  4145967  42.37
2000-2009       38      0.00143  0.00143  0.50   97745     140   97675  4048167  41.42
2000-2009       39      0.00130  0.00130  0.50   97605     127   97542  3950492  40.47
2000-2009       40      0.00169  0.00169  0.50   97478     165   97396  3852950  39.53
2000-2009       41      0.00188  0.00188  0.50   97313     183   97222  3755554  38.59
2000-2009       42      0.00193  0.00193  0.50   97130     187   97037  3658333  37.66
2000-2009       43      0.00214  0.00213  0.50   96943     207   96840  3561296  36.74
2000-2009       44      0.00242  0.00241  0.50   96736     233   96619  3464456  35.81
2000-2009       45      0.00288  0.00287  0.50   96503     277   96364  3367837  34.90
2000-2009       46      0.00290  0.00290  0.50   96226     279   96086  3271473  34.00
2000-2009       47      0.00328  0.00327  0.50   95947     314   95790  3175386  33.10
2000-2009       48      0.00354  0.00353  0.50   95633     338   95464  3079596  32.20
2000-2009       49      0.00389  0.00388  0.50   95295     370   95110  2984132  31.31
2000-2009       50      0.00448  0.00447  0.50   94925     425   94713  2889022  30.43
2000-2009       51      0.00466  0.00465  0.50   94500     440   94281  2794310  29.57
2000-2009       52      0.00516  0.00515  0.50   94061     484   93819  2700029  28.71
2000-2009       53      0.00530  0.00528  0.50   93577     494   93329  2606210  27.85
2000-2009       54      0.00559  0.00558  0.50   93082     519   92823  2512881  27.00
2000-2009       55      0.00640  0.00638  0.50   92563     591   92268  2420058  26.14
2000-2009       56      0.00660  0.00658  0.50   91973     605   91670  2327790  25.31
2000-2009       57      0.00747  0.00744  0.50   91367     680   91028  2236120  24.47
2000-2009       58      0.00831  0.00828  0.50   90688     751   90312  2145093  23.65
2000-2009       59      0.00844  0.00840  0.50   89937     756   89559  2054780  22.85
2000-2009       60      0.00881  0.00877  0.50   89182     782   88791  1965221  22.04
2000-2009       61      0.00918  0.00914  0.50   88399     808   87995  1876430  21.23
2000-2009       62      0.00980  0.00975  0.50   87592     854   87164  1788435  20.42
2000-2009       63      0.01063  0.01058  0.50   86737     918   86279  1701270  19.61
2000-2009       64      0.01101  0.01095  0.50   85820     939   85350  1614992  18.82
2000-2009       65      0.01280  0.01272  0.50   84880    1079   84341  1529642  18.02
2000-2009       66      0.01338  0.01329  0.50   83801    1114   83244  1445301  17.25
2000-2009       67      0.01451  0.01441  0.50   82687    1191   82092  1362057  16.47
2000-2009       68      0.01656  0.01642  0.50   81496    1338   80827  1279965  15.71
2000-2009       69      0.01730  0.01715  0.50   80158    1375   79470  1199138  14.96
2000-2009       70      0.01989  0.01970  0.50   78783    1552   78007  1119668  14.21
2000-2009       71      0.02245  0.02220  0.50   77231    1714   76374  1041661  13.49
2000-2009       72      0.02524  0.02493  0.50   75516    1882   74575   965287  12.78
2000-2009       73      0.02808  0.02769  0.50   73634    2039   72615   890712  12.10
2000-2009       74      0.03081  0.03034  0.50   71595    2172   70509   818098  11.43
2000-2009       75      0.03590  0.03527  0.50   69423    2448   68198   747589  10.77
2000-2009       76      0.04038  0.03958  0.50   66974    2651   65649   679390  10.14
2000-2009       77      0.04412  0.04317  0.50   64323    2777   62935   613742   9.54
2000-2009       78      0.05059  0.04934  0.50   61546    3037   60028   550807   8.95
2000-2009       79      0.05391  0.05250  0.50   58509    3071   56973   490779   8.39
2000-2009       80      0.06385  0.06187  0.50   55438    3430   53723   433806   7.83
2000-2009       81      0.07156  0.06909  0.50   52008    3593   50211   380083   7.31
2000-2009       82      0.08281  0.07952  0.50   48415    3850   46490   329872   6.81
2000-2009       83      0.08807  0.08436  0.50   44565    3759   42685   283382   6.36
2000-2009       84      0.10221  0.09724  0.50   40805    3968   38821   240697   5.90
2000-2009       85      0.11450  0.10830  0.50   36837    3990   34843   201876   5.48
2000-2009       86      0.13019  0.12224  0.50   32848    4015   30840   167033   5.09
2000-2009       87      0.14868  0.13839  0.50   28833    3990   26838   136193   4.72
2000-2009       88      0.15704  0.14560  0.50   24843    3617   23034   109355   4.40
2000-2009       89      0.17807  0.16351  0.50   21225    3471   19490    86321   4.07
2000-2009       90      0.20263  0.18399  0.50   17755    3267   16121    66831   3.76
2000-2009       91      0.22381  0.20129  0.50   14488    2916   13030    50710   3.50
2000-2009       92      0.24585  0.21894  0.50   11572    2533   10305    37680   3.26
2000-2009       93      0.28323  0.24810  0.50    9038    2242    7917    27375   3.03
2000-2009       94      0.28325  0.24811  0.50    6796    1686    5953    19458   2.86
2000-2009       95      0.32341  0.27839  0.50    5110    1423    4399    13505   2.64
2000-2009       96      0.35250  0.29968  0.50    3687    1105    3135     9107   2.47
2000-2009       97      0.38272  0.32124  0.50    2582     830    2167     5972   2.31
2000-2009       98      0.41387  0.34291  0.50    1753     601    1452     3804   2.17
2000-2009       99      0.44573  0.36450  0.50    1152     420     942     2352   2.04
2000-2009      100      0.47805  0.38583  0.50     732     282     591     1410   1.93
2000-2009      101      0.51055  0.40672  0.50     450     183     358      820   1.82
2000-2009      102      0.54296  0.42703  0.50     267     114     210      461   1.73
2000-2009      103      0.57501  0.44661  0.50     153      68     119      252   1.65
2000-2009      104      0.60644  0.46534  0.50      85      39      65      133   1.57
2000-2009      105      0.63701  0.48313  0.50      45      22      34       68   1.51
2000-2009      106      0.66652  0.49992  0.50      23      12      18       34   1.45
2000-2009      107      0.69477  0.51564  0.50      12       6       9       16   1.40
2000-2009      108      0.72163  0.53029  0.50       6       3       4        8   1.35
2000-2009      109      0.74699  0.54386  0.50       3       1       2        4   1.32
2000-2009      110+     0.77078  1.00000  1.30       1       1       2        2   1.30
2010-2014        0      0.00273  0.00273  0.14  100000     273   99767  8112842  81.13
2010-2014        1      0.00044  0.00044  0.50   99727      44   99706  8013076  80.35
2010-2014        2      0.00021  0.00021  0.50   99684      21   99673  7913370  79.38
2010-2014        3      0.00016  0.00016  0.50   99663      16   99655  7813697  78.40
2010-2014        4      0.00019  0.00019  0.50   99647      19   99638  7714042  77.41
2010-2014        5      0.00019  0.00019  0.50   99628      19   99619  7614404  76.43
2010-2014        6      0.00017  0.00017  0.50   99609      17   99600  7514786  75.44
2010-2014        7      0.00009  0.00009  0.50   99592       9   99587  7415185  74.46
2010-2014        8      0.00009  0.00009  0.50   99583       9   99578  7315598  73.46
2010-2014        9      0.00003  0.00003  0.50   99574       3   99572  7216020  72.47
2010-2014       10      0.00020  0.00020  0.50   99570      20   99561  7116448  71.47
2010-2014       11      0.00007  0.00007  0.50   99551       7   99548  7016887  70.49
2010-2014       12      0.00014  0.00014  0.50   99544      14   99537  6917339  69.49
2010-2014       13      0.00010  0.00010  0.50   99530      10   99525  6817802  68.50
2010-2014       14      0.00027  0.00027  0.50   99520      27   99506  6718277  67.51
2010-2014       15      0.00037  0.00037  0.50   99493      37   99474  6618770  66.53
2010-2014       16      0.00013  0.00013  0.50   99456      13   99449  6519296  65.55
2010-2014       17      0.00025  0.00025  0.50   99443      25   99430  6419847  64.56
2010-2014       18      0.00035  0.00035  0.50   99418      35   99401  6320417  63.57
2010-2014       19      0.00024  0.00024  0.50   99383      24   99371  6221016  62.60
2010-2014       20      0.00030  0.00030  0.50   99359      30   99344  6121645  61.61
2010-2014       21      0.00032  0.00032  0.50   99329      32   99313  6022301  60.63
2010-2014       22      0.00022  0.00022  0.50   99297      22   99286  5922987  59.65
2010-2014       23      0.00042  0.00042  0.50   99276      42   99255  5823701  58.66
2010-2014       24      0.00025  0.00025  0.50   99234      25   99221  5724446  57.69
2010-2014       25      0.00040  0.00040  0.50   99209      39   99189  5625225  56.70
2010-2014       26      0.00046  0.00046  0.50   99169      46   99146  5526036  55.72
2010-2014       27      0.00049  0.00049  0.50   99124      49   99099  5426889  54.75
2010-2014       28      0.00048  0.00048  0.50   99075      47   99051  5327790  53.78
2010-2014       29      0.00065  0.00065  0.50   99028      65   98995  5228739  52.80
2010-2014       30      0.00060  0.00060  0.50   98963      59   98934  5129743  51.83
2010-2014       31      0.00083  0.00083  0.50   98904      82   98863  5030810  50.87
2010-2014       32      0.00061  0.00061  0.50   98822      60   98792  4931946  49.91
2010-2014       33      0.00057  0.00057  0.50   98762      56   98734  4833154  48.94
2010-2014       34      0.00072  0.00072  0.50   98706      72   98670  4734420  47.96
2010-2014       35      0.00072  0.00072  0.50   98635      71   98599  4635750  47.00
2010-2014       36      0.00090  0.00090  0.50   98563      88   98519  4537151  46.03
2010-2014       37      0.00094  0.00094  0.50   98475      92   98429  4438632  45.07
2010-2014       38      0.00093  0.00093  0.50   98383      91   98337  4340203  44.12
2010-2014       39      0.00099  0.00099  0.50   98291      97   98243  4241866  43.16
2010-2014       40      0.00113  0.00113  0.50   98194     111   98139  4143623  42.20
2010-2014       41      0.00142  0.00141  0.50   98083     139   98014  4045484  41.25
2010-2014       42      0.00086  0.00086  0.50   97945      84   97903  3947470  40.30
2010-2014       43      0.00125  0.00125  0.50   97861     123   97800  3849567  39.34
2010-2014       44      0.00153  0.00153  0.50   97738     149   97664  3751768  38.39
2010-2014       45      0.00170  0.00170  0.50   97589     166   97506  3654104  37.44
2010-2014       46      0.00188  0.00188  0.50   97423     183   97332  3556598  36.51
2010-2014       47      0.00199  0.00199  0.50   97240     194   97143  3459266  35.57
2010-2014       48      0.00224  0.00224  0.50   97046     217   96938  3362123  34.64
2010-2014       49      0.00239  0.00238  0.50   96829     231   96714  3265186  33.72
2010-2014       50      0.00317  0.00317  0.50   96598     306   96445  3168472  32.80
2010-2014       51      0.00284  0.00284  0.50   96292     274   96156  3072026  31.90
2010-2014       52      0.00322  0.00322  0.50   96019     309   95864  2975871  30.99
2010-2014       53      0.00305  0.00304  0.50   95710     291   95564  2880006  30.09
2010-2014       54      0.00376  0.00375  0.50   95419     358   95240  2784442  29.18
2010-2014       55      0.00385  0.00384  0.50   95061     365   94878  2689202  28.29
2010-2014       56      0.00479  0.00478  0.50   94695     453   94469  2594324  27.40
2010-2014       57      0.00462  0.00461  0.50   94243     435   94025  2499855  26.53
2010-2014       58      0.00512  0.00510  0.50   93808     479   93569  2405830  25.65
2010-2014       59      0.00621  0.00620  0.50   93329     578   93040  2312261  24.78
2010-2014       60      0.00645  0.00643  0.50   92751     596   92453  2219221  23.93
2010-2014       61      0.00702  0.00700  0.50   92155     645   91832  2126768  23.08
2010-2014       62      0.00703  0.00701  0.50   91510     641   91189  2034936  22.24
2010-2014       63      0.00872  0.00868  0.50   90868     789   90474  1943747  21.39
2010-2014       64      0.00894  0.00890  0.50   90080     801   89679  1853273  20.57
2010-2014       65      0.01046  0.01040  0.50   89278     929   88814  1763594  19.75
2010-2014       66      0.01092  0.01086  0.50   88350     959   87870  1674780  18.96
2010-2014       67      0.01103  0.01097  0.50   87390     959   86911  1586910  18.16
2010-2014       68      0.01210  0.01203  0.50   86432    1040   85912  1499999  17.35
2010-2014       69      0.01363  0.01354  0.50   85392    1156   84814  1414087  16.56
2010-2014       70      0.01488  0.01477  0.50   84236    1244   83614  1329273  15.78
2010-2014       71      0.01736  0.01721  0.50   82992    1428   82278  1245659  15.01
2010-2014       72      0.01874  0.01856  0.50   81564    1514   80807  1163381  14.26
2010-2014       73      0.02068  0.02047  0.50   80049    1638   79230  1082575  13.52
2010-2014       74      0.02225  0.02201  0.50   78411    1726   77548  1003344  12.80
2010-2014       75      0.02586  0.02553  0.50   76686    1957   75707   925796  12.07
2010-2014       76      0.02859  0.02818  0.50   74728    2106   73675   850089  11.38
2010-2014       77      0.03235  0.03183  0.50   72622    2312   71466   776414  10.69
2010-2014       78      0.03758  0.03689  0.50   70310    2594   69013   704948  10.03
2010-2014       79      0.04496  0.04397  0.50   67716    2977   66228   635935   9.39
2010-2014       80      0.04856  0.04741  0.50   64739    3069   63205   569707   8.80
2010-2014       81      0.05667  0.05511  0.50   61670    3399   59971   506502   8.21
2010-2014       82      0.06462  0.06260  0.50   58271    3648   56448   446532   7.66
2010-2014       83      0.07048  0.06808  0.50   54624    3719   52764   390084   7.14
2010-2014       84      0.08414  0.08075  0.50   50905    4110   48850   337320   6.63
2010-2014       85      0.09028  0.08638  0.50   46795    4042   44774   288470   6.16
2010-2014       86      0.11071  0.10490  0.50   42753    4485   40510   243697   5.70
2010-2014       87      0.11870  0.11205  0.50   38268    4288   36124   203187   5.31
2010-2014       88      0.13238  0.12416  0.50   33980    4219   31870   167063   4.92
2010-2014       89      0.15474  0.14362  0.50   29761    4274   27624   135193   4.54
2010-2014       90      0.16262  0.15039  0.50   25486    3833   23570   107569   4.22
2010-2014       91      0.19770  0.17992  0.50   21654    3896   19706    83999   3.88
2010-2014       92      0.20366  0.18484  0.50   17758    3282   16117    64294   3.62
2010-2014       93      0.24084  0.21496  0.50   14475    3112   12920    48177   3.33
2010-2014       94      0.25992  0.23003  0.50   11364    2614   10057    35257   3.10
2010-2014       95      0.28702  0.25100  0.50    8750    2196    7652    25201   2.88
2010-2014       96      0.31572  0.27268  0.50    6554    1787    5660    17549   2.68
2010-2014       97      0.34591  0.29491  0.50    4767    1406    4064    11889   2.49
2010-2014       98      0.37740  0.31749  0.50    3361    1067    2827     7825   2.33
2010-2014       99      0.40995  0.34021  0.50    2294     780    1904     4998   2.18
2010-2014      100      0.44331  0.36288  0.50    1513     549    1239     3094   2.04
2010-2014      101      0.47719  0.38527  0.50     964     371     779     1855   1.92
2010-2014      102      0.51128  0.40719  0.50     593     241     472     1077   1.82
2010-2014      103      0.54527  0.42846  0.50     351     151     276      604   1.72
2010-2014      104      0.57884  0.44891  0.50     201      90     156      328   1.63
2010-2014      105      0.61169  0.46843  0.50     111      52      85      173   1.56
2010-2014      106      0.64357  0.48689  0.50      59      29      45       88   1.49
2010-2014      107      0.67422  0.50423  0.50      30      15      23       43   1.43
2010-2014      108      0.70344  0.52041  0.50      15       8      11       21   1.39
2010-2014      109      0.73110  0.53539  0.50       7       4       5       10   1.35
2010-2014      110+     0.75706  1.00000  1.32       3       3       4        4   1.32
