Greece, Life tables (period 1x10), Females	Last modified: 17 Apr 2018;  Methods Protocol: v6 (2017)

  Year          Age         mx       qx    ax      lx      dx      Lx       Tx     ex
1981-1989        0      0.01154  0.01143  0.13  100000    1143   99000  7861104  78.61
1981-1989        1      0.00054  0.00054  0.50   98857      54   98830  7762104  78.52
1981-1989        2      0.00038  0.00038  0.50   98803      38   98785  7663273  77.56
1981-1989        3      0.00029  0.00029  0.50   98766      29   98751  7564489  76.59
1981-1989        4      0.00023  0.00023  0.50   98737      23   98725  7465738  75.61
1981-1989        5      0.00022  0.00022  0.50   98714      22   98703  7367012  74.63
1981-1989        6      0.00021  0.00021  0.50   98692      20   98682  7268310  73.65
1981-1989        7      0.00019  0.00019  0.50   98672      19   98662  7169628  72.66
1981-1989        8      0.00017  0.00017  0.50   98652      16   98644  7070966  71.68
1981-1989        9      0.00018  0.00018  0.50   98636      18   98627  6972322  70.69
1981-1989       10      0.00018  0.00018  0.50   98618      17   98610  6873694  69.70
1981-1989       11      0.00015  0.00015  0.50   98601      15   98593  6775085  68.71
1981-1989       12      0.00015  0.00015  0.50   98586      14   98579  6676491  67.72
1981-1989       13      0.00018  0.00018  0.50   98571      18   98563  6577913  66.73
1981-1989       14      0.00021  0.00021  0.50   98554      20   98544  6479350  65.74
1981-1989       15      0.00027  0.00027  0.50   98533      27   98520  6380806  64.76
1981-1989       16      0.00031  0.00031  0.50   98506      30   98491  6282286  63.78
1981-1989       17      0.00031  0.00031  0.50   98476      31   98461  6183795  62.79
1981-1989       18      0.00036  0.00036  0.50   98445      35   98428  6085334  61.81
1981-1989       19      0.00035  0.00035  0.50   98410      35   98393  5986906  60.84
1981-1989       20      0.00038  0.00038  0.50   98376      37   98357  5888513  59.86
1981-1989       21      0.00041  0.00041  0.50   98339      40   98318  5790156  58.88
1981-1989       22      0.00040  0.00040  0.50   98298      39   98279  5691838  57.90
1981-1989       23      0.00043  0.00043  0.50   98259      43   98238  5593559  56.93
1981-1989       24      0.00035  0.00035  0.50   98216      34   98199  5495321  55.95
1981-1989       25      0.00039  0.00039  0.50   98182      39   98163  5397122  54.97
1981-1989       26      0.00040  0.00040  0.50   98144      40   98124  5298959  53.99
1981-1989       27      0.00040  0.00040  0.50   98104      39   98085  5200835  53.01
1981-1989       28      0.00046  0.00046  0.50   98065      45   98043  5102750  52.03
1981-1989       29      0.00045  0.00045  0.50   98020      44   97998  5004708  51.06
1981-1989       30      0.00049  0.00049  0.50   97976      48   97952  4906710  50.08
1981-1989       31      0.00047  0.00047  0.50   97928      46   97905  4808758  49.11
1981-1989       32      0.00055  0.00055  0.50   97882      54   97855  4710853  48.13
1981-1989       33      0.00052  0.00052  0.50   97828      51   97802  4612998  47.15
1981-1989       34      0.00061  0.00061  0.50   97777      60   97747  4515196  46.18
1981-1989       35      0.00071  0.00071  0.50   97717      69   97682  4417449  45.21
1981-1989       36      0.00068  0.00068  0.50   97647      67   97614  4319767  44.24
1981-1989       37      0.00072  0.00072  0.50   97581      71   97546  4222153  43.27
1981-1989       38      0.00080  0.00080  0.50   97510      78   97471  4124607  42.30
1981-1989       39      0.00079  0.00079  0.50   97432      77   97394  4027136  41.33
1981-1989       40      0.00097  0.00097  0.50   97355      95   97308  3929742  40.37
1981-1989       41      0.00103  0.00103  0.50   97260     100   97210  3832434  39.40
1981-1989       42      0.00105  0.00105  0.50   97160     102   97109  3735224  38.44
1981-1989       43      0.00124  0.00124  0.50   97058     120   96998  3638115  37.48
1981-1989       44      0.00134  0.00134  0.50   96938     129   96873  3541116  36.53
1981-1989       45      0.00142  0.00142  0.50   96809     137   96740  3444243  35.58
1981-1989       46      0.00162  0.00162  0.50   96671     157   96593  3347503  34.63
1981-1989       47      0.00169  0.00169  0.50   96515     163   96433  3250910  33.68
1981-1989       48      0.00181  0.00180  0.50   96352     174   96265  3154477  32.74
1981-1989       49      0.00205  0.00205  0.50   96178     197   96079  3058211  31.80
1981-1989       50      0.00240  0.00239  0.50   95981     230   95866  2962132  30.86
1981-1989       51      0.00250  0.00249  0.50   95751     239   95632  2866266  29.93
1981-1989       52      0.00286  0.00285  0.50   95512     273   95376  2770635  29.01
1981-1989       53      0.00300  0.00299  0.50   95240     285   95097  2675259  28.09
1981-1989       54      0.00333  0.00333  0.50   94954     316   94796  2580162  27.17
1981-1989       55      0.00390  0.00389  0.50   94639     368   94454  2485365  26.26
1981-1989       56      0.00408  0.00407  0.50   94270     384   94078  2390911  25.36
1981-1989       57      0.00447  0.00446  0.50   93887     419   93677  2296833  24.46
1981-1989       58      0.00481  0.00480  0.50   93467     449   93243  2203155  23.57
1981-1989       59      0.00548  0.00547  0.50   93019     509   92765  2109912  22.68
1981-1989       60      0.00615  0.00613  0.50   92510     567   92227  2017148  21.80
1981-1989       61      0.00670  0.00668  0.50   91944     614   91636  1924921  20.94
1981-1989       62      0.00768  0.00765  0.50   91329     699   90980  1833284  20.07
1981-1989       63      0.00856  0.00852  0.50   90631     772   90245  1742304  19.22
1981-1989       64      0.00968  0.00963  0.50   89859     865   89426  1652060  18.39
1981-1989       65      0.01129  0.01122  0.50   88993     999   88494  1562634  17.56
1981-1989       66      0.01253  0.01246  0.50   87995    1096   87447  1474140  16.75
1981-1989       67      0.01394  0.01384  0.50   86899    1203   86297  1386693  15.96
1981-1989       68      0.01599  0.01586  0.50   85696    1359   85016  1300396  15.17
1981-1989       69      0.01810  0.01794  0.50   84336    1513   83580  1215380  14.41
1981-1989       70      0.02056  0.02035  0.50   82823    1685   81981  1131800  13.67
1981-1989       71      0.02416  0.02387  0.50   81138    1937   80170  1049819  12.94
1981-1989       72      0.02680  0.02645  0.50   79201    2095   78154   969650  12.24
1981-1989       73      0.03037  0.02992  0.50   77106    2307   75953   891496  11.56
1981-1989       74      0.03449  0.03391  0.50   74800    2536   73531   815543  10.90
1981-1989       75      0.03950  0.03874  0.50   72263    2799   70864   742012  10.27
1981-1989       76      0.04486  0.04388  0.50   69464    3048   67940   671148   9.66
1981-1989       77      0.05036  0.04912  0.50   66416    3263   64785   603208   9.08
1981-1989       78      0.05907  0.05737  0.50   63153    3623   61342   538423   8.53
1981-1989       79      0.06437  0.06236  0.50   59530    3712   57674   477082   8.01
1981-1989       80      0.07520  0.07248  0.50   55818    4046   53795   419408   7.51
1981-1989       81      0.08152  0.07832  0.50   51772    4055   49745   365613   7.06
1981-1989       82      0.09062  0.08669  0.50   47717    4137   45649   315868   6.62
1981-1989       83      0.10226  0.09729  0.50   43580    4240   41461   270219   6.20
1981-1989       84      0.11203  0.10609  0.50   39341    4173   37254   228758   5.81
1981-1989       85      0.12563  0.11820  0.50   35167    4157   33089   191504   5.45
1981-1989       86      0.13958  0.13048  0.50   31010    4046   28987   158416   5.11
1981-1989       87      0.15299  0.14212  0.50   26964    3832   25048   129429   4.80
1981-1989       88      0.16814  0.15510  0.50   23132    3588   21338   104380   4.51
1981-1989       89      0.18752  0.17145  0.50   19544    3351   17869    83042   4.25
1981-1989       90      0.20437  0.18542  0.50   16194    3003   14692    65173   4.02
1981-1989       91      0.21757  0.19623  0.50   13191    2588   11897    50481   3.83
1981-1989       92      0.22225  0.20003  0.50   10602    2121    9542    38584   3.64
1981-1989       93      0.24309  0.21675  0.50    8482    1838    7563    29042   3.42
1981-1989       94      0.24363  0.21718  0.50    6643    1443    5922    21480   3.23
1981-1989       95      0.28538  0.24975  0.50    5201    1299    4551    15558   2.99
1981-1989       96      0.30716  0.26627  0.50    3902    1039    3382    11007   2.82
1981-1989       97      0.32983  0.28314  0.50    2863     811    2458     7625   2.66
1981-1989       98      0.35333  0.30028  0.50    2052     616    1744     5167   2.52
1981-1989       99      0.37755  0.31760  0.50    1436     456    1208     3423   2.38
1981-1989      100      0.40240  0.33500  0.50     980     328     816     2215   2.26
1981-1989      101      0.42776  0.35239  0.50     652     230     537     1399   2.15
1981-1989      102      0.45351  0.36968  0.50     422     156     344      862   2.04
1981-1989      103      0.47951  0.38678  0.50     266     103     215      518   1.95
1981-1989      104      0.50562  0.40359  0.50     163      66     130      304   1.86
1981-1989      105      0.53170  0.42003  0.50      97      41      77      173   1.78
1981-1989      106      0.55761  0.43604  0.50      56      25      44       97   1.71
1981-1989      107      0.58321  0.45154  0.50      32      14      25       52   1.65
1981-1989      108      0.60836  0.46647  0.50      17       8      13       28   1.59
1981-1989      109      0.63296  0.48080  0.50       9       4       7       14   1.55
1981-1989      110+     0.65688  1.00000  1.52       5       5       7        7   1.52
1990-1999        0      0.00732  0.00728  0.13  100000     728   99370  8035945  80.36
1990-1999        1      0.00036  0.00036  0.50   99272      35   99255  7936575  79.95
1990-1999        2      0.00023  0.00023  0.50   99237      23   99226  7837320  78.98
1990-1999        3      0.00019  0.00019  0.50   99214      19   99205  7738095  77.99
1990-1999        4      0.00021  0.00021  0.50   99196      21   99185  7638890  77.01
1990-1999        5      0.00014  0.00014  0.50   99175      14   99168  7539705  76.02
1990-1999        6      0.00015  0.00015  0.50   99161      15   99153  7440537  75.04
1990-1999        7      0.00014  0.00014  0.50   99146      14   99139  7341384  74.05
1990-1999        8      0.00012  0.00012  0.50   99131      12   99126  7242246  73.06
1990-1999        9      0.00012  0.00012  0.50   99120      12   99114  7143120  72.07
1990-1999       10      0.00014  0.00014  0.50   99108      14   99101  7044007  71.07
1990-1999       11      0.00013  0.00013  0.50   99094      13   99087  6944906  70.08
1990-1999       12      0.00013  0.00013  0.50   99081      13   99074  6845819  69.09
1990-1999       13      0.00014  0.00014  0.50   99067      14   99060  6746745  68.10
1990-1999       14      0.00018  0.00018  0.50   99054      18   99045  6647685  67.11
1990-1999       15      0.00018  0.00018  0.50   99036      18   99027  6548640  66.12
1990-1999       16      0.00023  0.00023  0.50   99018      23   99006  6449613  65.14
1990-1999       17      0.00028  0.00028  0.50   98995      28   98981  6350607  64.15
1990-1999       18      0.00031  0.00031  0.50   98967      31   98951  6251626  63.17
1990-1999       19      0.00032  0.00032  0.50   98936      32   98920  6152675  62.19
1990-1999       20      0.00033  0.00033  0.50   98904      33   98887  6053755  61.21
1990-1999       21      0.00035  0.00035  0.50   98871      35   98854  5954868  60.23
1990-1999       22      0.00032  0.00032  0.50   98836      32   98820  5856014  59.25
1990-1999       23      0.00031  0.00031  0.50   98804      31   98789  5757194  58.27
1990-1999       24      0.00034  0.00034  0.50   98774      34   98757  5658405  57.29
1990-1999       25      0.00041  0.00041  0.50   98740      40   98720  5559648  56.31
1990-1999       26      0.00034  0.00034  0.50   98700      33   98683  5460928  55.33
1990-1999       27      0.00041  0.00041  0.50   98667      40   98647  5362245  54.35
1990-1999       28      0.00034  0.00034  0.50   98627      33   98610  5263598  53.37
1990-1999       29      0.00041  0.00041  0.50   98593      41   98573  5164988  52.39
1990-1999       30      0.00044  0.00044  0.50   98552      44   98531  5066415  51.41
1990-1999       31      0.00041  0.00041  0.50   98509      41   98488  4967885  50.43
1990-1999       32      0.00046  0.00046  0.50   98468      45   98445  4869396  49.45
1990-1999       33      0.00050  0.00050  0.50   98423      49   98398  4770951  48.47
1990-1999       34      0.00059  0.00059  0.50   98373      58   98345  4672553  47.50
1990-1999       35      0.00057  0.00057  0.50   98316      56   98288  4574208  46.53
1990-1999       36      0.00059  0.00059  0.50   98260      58   98230  4475921  45.55
1990-1999       37      0.00063  0.00063  0.50   98201      62   98171  4377690  44.58
1990-1999       38      0.00069  0.00069  0.50   98140      68   98106  4279520  43.61
1990-1999       39      0.00081  0.00081  0.50   98072      79   98032  4181414  42.64
1990-1999       40      0.00083  0.00083  0.50   97993      81   97952  4083381  41.67
1990-1999       41      0.00095  0.00095  0.50   97912      93   97865  3985429  40.70
1990-1999       42      0.00104  0.00104  0.50   97819     102   97768  3887564  39.74
1990-1999       43      0.00111  0.00111  0.50   97717     108   97663  3789796  38.78
1990-1999       44      0.00127  0.00127  0.50   97609     124   97547  3692134  37.83
1990-1999       45      0.00133  0.00133  0.50   97485     129   97420  3594587  36.87
1990-1999       46      0.00154  0.00154  0.50   97356     150   97281  3497167  35.92
1990-1999       47      0.00157  0.00157  0.50   97206     153   97130  3399886  34.98
1990-1999       48      0.00171  0.00171  0.50   97053     166   96970  3302757  34.03
1990-1999       49      0.00188  0.00188  0.50   96887     182   96796  3205786  33.09
1990-1999       50      0.00212  0.00212  0.50   96705     205   96603  3108990  32.15
1990-1999       51      0.00216  0.00216  0.50   96501     208   96397  3012387  31.22
1990-1999       52      0.00234  0.00234  0.50   96292     225   96180  2915990  30.28
1990-1999       53      0.00256  0.00255  0.50   96067     245   95944  2819811  29.35
1990-1999       54      0.00281  0.00281  0.50   95822     269   95687  2723866  28.43
1990-1999       55      0.00305  0.00304  0.50   95552     291   95407  2628179  27.51
1990-1999       56      0.00345  0.00344  0.50   95262     328   95098  2532772  26.59
1990-1999       57      0.00362  0.00361  0.50   94934     343   94762  2437674  25.68
1990-1999       58      0.00401  0.00400  0.50   94591     379   94402  2342912  24.77
1990-1999       59      0.00448  0.00447  0.50   94212     421   94002  2248511  23.87
1990-1999       60      0.00501  0.00500  0.50   93791     469   93557  2154509  22.97
1990-1999       61      0.00542  0.00540  0.50   93322     504   93070  2060952  22.08
1990-1999       62      0.00606  0.00604  0.50   92818     560   92538  1967881  21.20
1990-1999       63      0.00682  0.00679  0.50   92258     627   91945  1875343  20.33
1990-1999       64      0.00745  0.00742  0.50   91631     680   91291  1783399  19.46
1990-1999       65      0.00840  0.00837  0.50   90951     761   90571  1692107  18.60
1990-1999       66      0.00954  0.00950  0.50   90190     857   89762  1601537  17.76
1990-1999       67      0.01110  0.01104  0.50   89333     986   88840  1511775  16.92
1990-1999       68      0.01244  0.01236  0.50   88347    1092   87801  1422935  16.11
1990-1999       69      0.01422  0.01412  0.50   87255    1232   86639  1335134  15.30
1990-1999       70      0.01733  0.01718  0.50   86023    1478   85284  1248495  14.51
1990-1999       71      0.01877  0.01859  0.50   84545    1572   83759  1163211  13.76
1990-1999       72      0.02147  0.02124  0.50   82973    1762   82092  1079452  13.01
1990-1999       73      0.02452  0.02422  0.50   81211    1967   80227   997360  12.28
1990-1999       74      0.02859  0.02819  0.50   79244    2234   78127   917133  11.57
1990-1999       75      0.03289  0.03236  0.50   77010    2492   75764   839006  10.89
1990-1999       76      0.03702  0.03634  0.50   74518    2708   73164   763243  10.24
1990-1999       77      0.04432  0.04336  0.50   71809    3113   70253   690079   9.61
1990-1999       78      0.04919  0.04801  0.50   68696    3298   67047   619826   9.02
1990-1999       79      0.05675  0.05518  0.50   65398    3609   63593   552779   8.45
1990-1999       80      0.06494  0.06289  0.50   61789    3886   59846   489186   7.92
1990-1999       81      0.07178  0.06930  0.50   57903    4012   55896   429340   7.41
1990-1999       82      0.08069  0.07756  0.50   53890    4180   51800   373444   6.93
1990-1999       83      0.09152  0.08751  0.50   49711    4350   47536   321643   6.47
1990-1999       84      0.10247  0.09747  0.50   45360    4421   43150   274108   6.04
1990-1999       85      0.11347  0.10738  0.50   40939    4396   38741   230958   5.64
1990-1999       86      0.12913  0.12130  0.50   36543    4433   34327   192217   5.26
1990-1999       87      0.14079  0.13153  0.50   32110    4223   29999   157891   4.92
1990-1999       88      0.15828  0.14667  0.50   27887    4090   25842   127892   4.59
1990-1999       89      0.17420  0.16024  0.50   23797    3813   21890   102051   4.29
1990-1999       90      0.19771  0.17993  0.50   19983    3596   18186    80161   4.01
1990-1999       91      0.20479  0.18577  0.50   16388    3044   14866    61975   3.78
1990-1999       92      0.22868  0.20521  0.50   13343    2738   11974    47110   3.53
1990-1999       93      0.24190  0.21580  0.50   10605    2289    9461    35135   3.31
1990-1999       94      0.26452  0.23362  0.50    8317    1943    7345    25674   3.09
1990-1999       95      0.29441  0.25663  0.50    6374    1636    5556    18329   2.88
1990-1999       96      0.31959  0.27556  0.50    4738    1306    4085    12773   2.70
1990-1999       97      0.34588  0.29488  0.50    3432    1012    2926     8688   2.53
1990-1999       98      0.37314  0.31447  0.50    2420     761    2040     5762   2.38
1990-1999       99      0.40123  0.33419  0.50    1659     554    1382     3722   2.24
1990-1999      100      0.42999  0.35390  0.50    1105     391     909     2340   2.12
1990-1999      101      0.45922  0.37347  0.50     714     267     580     1431   2.01
1990-1999      102      0.48874  0.39276  0.50     447     176     359      851   1.90
1990-1999      103      0.51834  0.41165  0.50     272     112     216      491   1.81
1990-1999      104      0.54781  0.43003  0.50     160      69     125      276   1.73
1990-1999      105      0.57695  0.44778  0.50      91      41      71      150   1.65
1990-1999      106      0.60556  0.46482  0.50      50      23      39       80   1.58
1990-1999      107      0.63347  0.48109  0.50      27      13      20       41   1.52
1990-1999      108      0.66051  0.49653  0.50      14       7      10       21   1.47
1990-1999      109      0.68654  0.51110  0.50       7       4       5       10   1.43
1990-1999      110+     0.71145  1.00000  1.41       3       3       5        5   1.41
2000-2009        0      0.00370  0.00368  0.14  100000     368   99684  8227493  82.27
2000-2009        1      0.00027  0.00027  0.50   99632      27   99618  8127809  81.58
2000-2009        2      0.00018  0.00018  0.50   99604      18   99595  8028191  80.60
2000-2009        3      0.00012  0.00012  0.50   99586      12   99580  7928596  79.62
2000-2009        4      0.00012  0.00012  0.50   99575      12   99569  7829015  78.62
2000-2009        5      0.00012  0.00012  0.50   99563      12   99557  7729446  77.63
2000-2009        6      0.00011  0.00011  0.50   99551      11   99546  7629889  76.64
2000-2009        7      0.00010  0.00010  0.50   99540      10   99535  7530344  75.65
2000-2009        8      0.00009  0.00009  0.50   99530       9   99526  7430808  74.66
2000-2009        9      0.00010  0.00010  0.50   99521      10   99516  7331283  73.67
2000-2009       10      0.00010  0.00010  0.50   99511      10   99506  7231766  72.67
2000-2009       11      0.00010  0.00010  0.50   99501       9   99497  7132260  71.68
2000-2009       12      0.00010  0.00010  0.50   99492      10   99487  7032764  70.69
2000-2009       13      0.00009  0.00009  0.50   99482       9   99477  6933277  69.69
2000-2009       14      0.00012  0.00012  0.50   99472      12   99466  6833800  68.70
2000-2009       15      0.00017  0.00017  0.50   99460      17   99452  6734334  67.71
2000-2009       16      0.00017  0.00017  0.50   99443      17   99434  6634882  66.72
2000-2009       17      0.00019  0.00019  0.50   99426      19   99416  6535447  65.73
2000-2009       18      0.00025  0.00025  0.50   99407      25   99394  6436031  64.74
2000-2009       19      0.00026  0.00026  0.50   99382      26   99369  6336637  63.76
2000-2009       20      0.00024  0.00024  0.50   99356      24   99344  6237268  62.78
2000-2009       21      0.00027  0.00027  0.50   99332      27   99319  6137924  61.79
2000-2009       22      0.00028  0.00028  0.50   99305      28   99291  6038606  60.81
2000-2009       23      0.00028  0.00028  0.50   99277      28   99263  5939314  59.83
2000-2009       24      0.00028  0.00028  0.50   99249      28   99235  5840051  58.84
2000-2009       25      0.00030  0.00030  0.50   99221      29   99206  5740816  57.86
2000-2009       26      0.00028  0.00028  0.50   99192      28   99178  5641610  56.88
2000-2009       27      0.00030  0.00030  0.50   99164      30   99149  5542432  55.89
2000-2009       28      0.00034  0.00034  0.50   99134      34   99116  5443284  54.91
2000-2009       29      0.00031  0.00031  0.50   99099      31   99084  5344167  53.93
2000-2009       30      0.00033  0.00033  0.50   99068      33   99052  5245083  52.94
2000-2009       31      0.00034  0.00034  0.50   99035      34   99018  5146032  51.96
2000-2009       32      0.00041  0.00041  0.50   99001      40   98981  5047013  50.98
2000-2009       33      0.00042  0.00042  0.50   98961      42   98940  4948032  50.00
2000-2009       34      0.00046  0.00046  0.50   98920      46   98897  4849092  49.02
2000-2009       35      0.00049  0.00049  0.50   98874      49   98849  4750195  48.04
2000-2009       36      0.00049  0.00049  0.50   98825      48   98801  4651346  47.07
2000-2009       37      0.00053  0.00053  0.50   98777      53   98750  4552545  46.09
2000-2009       38      0.00062  0.00062  0.50   98724      62   98693  4453794  45.11
2000-2009       39      0.00068  0.00068  0.50   98663      67   98629  4355101  44.14
2000-2009       40      0.00071  0.00071  0.50   98596      70   98561  4256472  43.17
2000-2009       41      0.00078  0.00078  0.50   98525      77   98487  4157911  42.20
2000-2009       42      0.00089  0.00089  0.50   98448      88   98404  4059424  41.23
2000-2009       43      0.00102  0.00102  0.50   98361     100   98310  3961020  40.27
2000-2009       44      0.00104  0.00104  0.50   98260     102   98209  3862710  39.31
2000-2009       45      0.00128  0.00128  0.50   98158     126   98095  3764500  38.35
2000-2009       46      0.00130  0.00130  0.50   98032     128   97969  3666405  37.40
2000-2009       47      0.00145  0.00145  0.50   97905     142   97834  3568436  36.45
2000-2009       48      0.00156  0.00156  0.50   97763     153   97686  3470603  35.50
2000-2009       49      0.00173  0.00173  0.50   97610     169   97526  3372916  34.55
2000-2009       50      0.00192  0.00192  0.50   97441     187   97348  3275390  33.61
2000-2009       51      0.00204  0.00203  0.50   97254     198   97155  3178043  32.68
2000-2009       52      0.00215  0.00215  0.50   97056     209   96952  3080887  31.74
2000-2009       53      0.00244  0.00244  0.50   96848     236   96730  2983935  30.81
2000-2009       54      0.00262  0.00261  0.50   96612     253   96485  2887206  29.88
2000-2009       55      0.00285  0.00285  0.50   96359     274   96222  2790720  28.96
2000-2009       56      0.00306  0.00305  0.50   96085     293   95938  2694499  28.04
2000-2009       57      0.00333  0.00332  0.50   95791     318   95632  2598561  27.13
2000-2009       58      0.00349  0.00348  0.50   95473     332   95307  2502928  26.22
2000-2009       59      0.00381  0.00380  0.50   95141     362   94960  2407621  25.31
2000-2009       60      0.00421  0.00421  0.50   94780     399   94580  2312661  24.40
2000-2009       61      0.00449  0.00448  0.50   94381     423   94169  2218081  23.50
2000-2009       62      0.00516  0.00515  0.50   93958     484   93716  2123911  22.60
2000-2009       63      0.00539  0.00538  0.50   93474     503   93223  2030195  21.72
2000-2009       64      0.00584  0.00582  0.50   92971     541   92701  1936973  20.83
2000-2009       65      0.00666  0.00664  0.50   92430     614   92123  1844272  19.95
2000-2009       66      0.00737  0.00734  0.50   91816     674   91479  1752149  19.08
2000-2009       67      0.00838  0.00834  0.50   91142     760   90762  1660670  18.22
2000-2009       68      0.00942  0.00938  0.50   90382     847   89958  1569908  17.37
2000-2009       69      0.01077  0.01071  0.50   89534     959   89055  1479950  16.53
2000-2009       70      0.01222  0.01215  0.50   88575    1076   88037  1390895  15.70
2000-2009       71      0.01390  0.01380  0.50   87499    1208   86895  1302858  14.89
2000-2009       72      0.01639  0.01625  0.50   86291    1403   85590  1215962  14.09
2000-2009       73      0.01851  0.01834  0.50   84889    1557   84110  1130372  13.32
2000-2009       74      0.02155  0.02132  0.50   83332    1777   82443  1046262  12.56
2000-2009       75      0.02517  0.02485  0.50   81555    2027   80541   963819  11.82
2000-2009       76      0.02926  0.02884  0.50   79528    2294   78381   883278  11.11
2000-2009       77      0.03331  0.03277  0.50   77234    2531   75969   804897  10.42
2000-2009       78      0.03894  0.03820  0.50   74703    2854   73276   728929   9.76
2000-2009       79      0.04517  0.04417  0.50   71850    3173   70263   655652   9.13
2000-2009       80      0.05290  0.05154  0.50   68676    3539   66906   585389   8.52
2000-2009       81      0.05930  0.05760  0.50   65137    3752   63261   518483   7.96
2000-2009       82      0.06828  0.06603  0.50   61385    4053   59359   455222   7.42
2000-2009       83      0.07890  0.07590  0.50   57332    4352   55156   395863   6.90
2000-2009       84      0.08875  0.08498  0.50   52980    4502   50729   340707   6.43
2000-2009       85      0.10084  0.09600  0.50   48478    4654   46151   289978   5.98
2000-2009       86      0.11302  0.10697  0.50   43824    4688   41480   243827   5.56
2000-2009       87      0.12828  0.12054  0.50   39136    4718   36777   202347   5.17
2000-2009       88      0.14314  0.13358  0.50   34419    4598   32120   165570   4.81
2000-2009       89      0.16132  0.14928  0.50   29821    4452   27595   133450   4.48
2000-2009       90      0.17864  0.16399  0.50   25369    4160   23289   105855   4.17
2000-2009       91      0.19592  0.17844  0.50   21209    3784   19317    82566   3.89
2000-2009       92      0.21707  0.19582  0.50   17424    3412   15718    63249   3.63
2000-2009       93      0.23274  0.20848  0.50   14012    2921   12552    47531   3.39
2000-2009       94      0.25267  0.22433  0.50   11091    2488    9847    34979   3.15
2000-2009       95      0.28465  0.24918  0.50    8603    2144    7531    25132   2.92
2000-2009       96      0.31153  0.26955  0.50    6459    1741    5589    17601   2.72
2000-2009       97      0.33975  0.29041  0.50    4718    1370    4033    12012   2.55
2000-2009       98      0.36915  0.31163  0.50    3348    1043    2826     7979   2.38
2000-2009       99      0.39956  0.33303  0.50    2305     768    1921     5153   2.24
2000-2009      100      0.43076  0.35442  0.50    1537     545    1265     3232   2.10
2000-2009      101      0.46252  0.37565  0.50     992     373     806     1967   1.98
2000-2009      102      0.49459  0.39653  0.50     620     246     497     1161   1.87
2000-2009      103      0.52670  0.41691  0.50     374     156     296      664   1.78
2000-2009      104      0.55859  0.43664  0.50     218      95     170      369   1.69
2000-2009      105      0.59001  0.45560  0.50     123      56      95      198   1.61
2000-2009      106      0.62071  0.47369  0.50      67      32      51      103   1.54
2000-2009      107      0.65047  0.49083  0.50      35      17      27       52   1.48
2000-2009      108      0.67910  0.50696  0.50      18       9      13       26   1.43
2000-2009      109      0.70645  0.52205  0.50       9       5       7       12   1.39
2000-2009      110+     0.73239  1.00000  1.37       4       4       6        6   1.37
2010-2013        0      0.00308  0.00308  0.14  100000     308   99736  8334562  83.35
2010-2013        1      0.00021  0.00021  0.50   99692      20   99682  8234825  82.60
2010-2013        2      0.00016  0.00016  0.50   99672      16   99664  8135143  81.62
2010-2013        3      0.00016  0.00016  0.50   99656      16   99648  8035479  80.63
2010-2013        4      0.00010  0.00010  0.50   99640      10   99635  7935830  79.64
2010-2013        5      0.00010  0.00010  0.50   99630      10   99625  7836195  78.65
2010-2013        6      0.00009  0.00009  0.50   99620       9   99616  7736570  77.66
2010-2013        7      0.00010  0.00010  0.50   99611      10   99607  7636954  76.67
2010-2013        8      0.00007  0.00007  0.50   99602       7   99599  7537347  75.67
2010-2013        9      0.00008  0.00008  0.50   99595       8   99591  7437749  74.68
2010-2013       10      0.00008  0.00008  0.50   99588       8   99583  7338157  73.69
2010-2013       11      0.00011  0.00011  0.50   99579      11   99574  7238574  72.69
2010-2013       12      0.00008  0.00008  0.50   99568       8   99564  7139000  71.70
2010-2013       13      0.00012  0.00012  0.50   99560      12   99554  7039436  70.71
2010-2013       14      0.00011  0.00011  0.50   99548      11   99543  6939882  69.71
2010-2013       15      0.00018  0.00018  0.50   99537      18   99528  6840339  68.72
2010-2013       16      0.00018  0.00018  0.50   99519      18   99510  6740811  67.73
2010-2013       17      0.00016  0.00016  0.50   99501      16   99493  6641301  66.75
2010-2013       18      0.00020  0.00020  0.50   99486      20   99476  6541808  65.76
2010-2013       19      0.00020  0.00020  0.50   99466      19   99456  6442332  64.77
2010-2013       20      0.00023  0.00023  0.50   99446      23   99435  6342876  63.78
2010-2013       21      0.00027  0.00027  0.50   99424      27   99410  6243441  62.80
2010-2013       22      0.00022  0.00022  0.50   99397      22   99386  6144030  61.81
2010-2013       23      0.00029  0.00029  0.50   99375      29   99361  6044644  60.83
2010-2013       24      0.00025  0.00025  0.50   99347      25   99334  5945284  59.84
2010-2013       25      0.00022  0.00022  0.50   99322      22   99311  5845949  58.86
2010-2013       26      0.00023  0.00023  0.50   99300      23   99289  5746638  57.87
2010-2013       27      0.00025  0.00025  0.50   99277      25   99265  5647350  56.88
2010-2013       28      0.00023  0.00023  0.50   99252      23   99241  5548085  55.90
2010-2013       29      0.00028  0.00028  0.50   99229      28   99216  5448844  54.91
2010-2013       30      0.00032  0.00032  0.50   99202      32   99186  5349629  53.93
2010-2013       31      0.00035  0.00035  0.50   99170      35   99153  5250443  52.94
2010-2013       32      0.00039  0.00039  0.50   99136      38   99116  5151290  51.96
2010-2013       33      0.00041  0.00041  0.50   99097      40   99077  5052174  50.98
2010-2013       34      0.00038  0.00038  0.50   99057      37   99038  4953097  50.00
2010-2013       35      0.00045  0.00045  0.50   99019      45   98997  4854059  49.02
2010-2013       36      0.00048  0.00048  0.50   98975      47   98951  4755062  48.04
2010-2013       37      0.00048  0.00048  0.50   98927      48   98904  4656110  47.07
2010-2013       38      0.00055  0.00055  0.50   98880      54   98853  4557207  46.09
2010-2013       39      0.00065  0.00065  0.50   98826      64   98794  4458354  45.11
2010-2013       40      0.00057  0.00057  0.50   98761      56   98733  4359561  44.14
2010-2013       41      0.00072  0.00071  0.50   98705      71   98670  4260827  43.17
2010-2013       42      0.00075  0.00075  0.50   98635      73   98598  4162157  42.20
2010-2013       43      0.00103  0.00103  0.50   98561     102   98511  4063559  41.23
2010-2013       44      0.00108  0.00108  0.50   98460     106   98407  3965048  40.27
2010-2013       45      0.00115  0.00115  0.50   98354     113   98297  3866642  39.31
2010-2013       46      0.00125  0.00125  0.50   98240     123   98179  3768345  38.36
2010-2013       47      0.00135  0.00135  0.50   98118     132   98052  3670165  37.41
2010-2013       48      0.00150  0.00150  0.50   97986     147   97912  3572114  36.46
2010-2013       49      0.00166  0.00166  0.50   97839     162   97758  3474201  35.51
2010-2013       50      0.00192  0.00192  0.50   97677     188   97583  3376444  34.57
2010-2013       51      0.00198  0.00198  0.50   97489     193   97393  3278860  33.63
2010-2013       52      0.00220  0.00220  0.50   97297     214   97190  3181467  32.70
2010-2013       53      0.00223  0.00223  0.50   97083     216   96975  3084278  31.77
2010-2013       54      0.00260  0.00259  0.50   96867     251   96741  2987303  30.84
2010-2013       55      0.00274  0.00273  0.50   96615     264   96483  2890562  29.92
2010-2013       56      0.00308  0.00308  0.50   96351     296   96203  2794079  29.00
2010-2013       57      0.00338  0.00338  0.50   96055     324   95893  2697875  28.09
2010-2013       58      0.00371  0.00370  0.50   95731     354   95554  2601983  27.18
2010-2013       59      0.00369  0.00368  0.50   95376     351   95201  2506429  26.28
2010-2013       60      0.00407  0.00406  0.50   95025     386   94832  2411228  25.37
2010-2013       61      0.00418  0.00418  0.50   94640     395   94442  2316396  24.48
2010-2013       62      0.00472  0.00471  0.50   94244     444   94023  2221954  23.58
2010-2013       63      0.00507  0.00506  0.50   93801     474   93564  2127931  22.69
2010-2013       64      0.00577  0.00575  0.50   93326     537   93058  2034367  21.80
2010-2013       65      0.00659  0.00657  0.50   92790     609   92485  1941309  20.92
2010-2013       66      0.00717  0.00714  0.50   92181     658   91851  1848824  20.06
2010-2013       67      0.00724  0.00721  0.50   91522     660   91192  1756973  19.20
2010-2013       68      0.00759  0.00756  0.50   90863     687   90519  1665780  18.33
2010-2013       69      0.00883  0.00880  0.50   90176     793   89779  1575261  17.47
2010-2013       70      0.00965  0.00960  0.50   89382     858   88953  1485482  16.62
2010-2013       71      0.01144  0.01138  0.50   88524    1007   88021  1396529  15.78
2010-2013       72      0.01305  0.01296  0.50   87517    1134   86950  1308508  14.95
2010-2013       73      0.01445  0.01435  0.50   86383    1240   85763  1221558  14.14
2010-2013       74      0.01638  0.01625  0.50   85143    1384   84451  1135795  13.34
2010-2013       75      0.01942  0.01923  0.50   83760    1611   82954  1051344  12.55
2010-2013       76      0.02261  0.02236  0.50   82149    1837   81230   968390  11.79
2010-2013       77      0.02726  0.02689  0.50   80312    2160   79232   887159  11.05
2010-2013       78      0.03119  0.03071  0.50   78152    2400   76952   807927  10.34
2010-2013       79      0.03623  0.03558  0.50   75752    2696   74404   730976   9.65
2010-2013       80      0.04287  0.04197  0.50   73056    3066   71523   656572   8.99
2010-2013       81      0.05259  0.05125  0.50   69990    3587   68197   585049   8.36
2010-2013       82      0.06010  0.05835  0.50   66404    3875   64466   516852   7.78
2010-2013       83      0.07029  0.06790  0.50   62529    4246   60406   452385   7.23
2010-2013       84      0.08245  0.07918  0.50   58283    4615   55975   391980   6.73
2010-2013       85      0.09489  0.09059  0.50   53668    4862   51237   336004   6.26
2010-2013       86      0.10529  0.10002  0.50   48806    4882   46365   284767   5.83
2010-2013       87      0.11830  0.11169  0.50   43925    4906   41471   238402   5.43
2010-2013       88      0.13235  0.12413  0.50   39018    4843   36597   196930   5.05
2010-2013       89      0.14859  0.13831  0.50   34175    4727   31812   160333   4.69
2010-2013       90      0.16770  0.15473  0.50   29448    4556   27170   128522   4.36
2010-2013       91      0.18252  0.16725  0.50   24892    4163   22810   101352   4.07
2010-2013       92      0.20274  0.18408  0.50   20729    3816   18821    78542   3.79
2010-2013       93      0.21937  0.19769  0.50   16913    3343   15241    59721   3.53
2010-2013       94      0.23281  0.20853  0.50   13569    2830   12155    44480   3.28
2010-2013       95      0.27192  0.23937  0.50   10740    2571    9454    32325   3.01
2010-2013       96      0.29908  0.26018  0.50    8169    2125    7106    22871   2.80
2010-2013       97      0.32774  0.28160  0.50    6044    1702    5193    15765   2.61
2010-2013       98      0.35774  0.30346  0.50    4342    1318    3683    10572   2.43
2010-2013       99      0.38890  0.32559  0.50    3024     985    2532     6889   2.28
2010-2013      100      0.42100  0.34779  0.50    2040     709    1685     4357   2.14
2010-2013      101      0.45377  0.36986  0.50    1330     492    1084     2672   2.01
2010-2013      102      0.48696  0.39161  0.50     838     328     674     1588   1.89
2010-2013      103      0.52025  0.41286  0.50     510     211     405      914   1.79
2010-2013      104      0.55337  0.43344  0.50     299     130     235      509   1.70
2010-2013      105      0.58602  0.45322  0.50     170      77     131      275   1.62
2010-2013      106      0.61794  0.47208  0.50      93      44      71      144   1.55
2010-2013      107      0.64886  0.48992  0.50      49      24      37       73   1.49
2010-2013      108      0.67859  0.50668  0.50      25      13      19       36   1.43
2010-2013      109      0.70693  0.52231  0.50      12       6       9       17   1.39
2010-2013      110+     0.73376  1.00000  1.36       6       6       8        8   1.36
