Hungary, Life tables (period 1x10), Females	Last modified: 26 Sep 2017;  Methods Protocol: v6 (2017)

  Year          Age         mx       qx    ax      lx      dx      Lx       Tx     ex
1950-1959        0      0.06072  0.05819  0.28  100000    5819   95824  6727228  67.27
1950-1959        1      0.00525  0.00524  0.50   94181     494   93934  6631404  70.41
1950-1959        2      0.00206  0.00206  0.50   93688     193   93591  6537469  69.78
1950-1959        3      0.00134  0.00134  0.50   93495     126   93432  6443878  68.92
1950-1959        4      0.00099  0.00099  0.50   93369      92   93323  6350446  68.01
1950-1959        5      0.00074  0.00074  0.50   93277      69   93243  6257123  67.08
1950-1959        6      0.00067  0.00067  0.50   93208      63   93177  6163881  66.13
1950-1959        7      0.00065  0.00065  0.50   93145      60   93115  6070704  65.17
1950-1959        8      0.00047  0.00047  0.50   93085      44   93063  5977589  64.22
1950-1959        9      0.00050  0.00050  0.50   93041      46   93018  5884526  63.25
1950-1959       10      0.00048  0.00048  0.50   92995      44   92973  5791508  62.28
1950-1959       11      0.00050  0.00050  0.50   92950      46   92927  5698535  61.31
1950-1959       12      0.00054  0.00054  0.50   92904      50   92879  5605608  60.34
1950-1959       13      0.00059  0.00059  0.50   92854      55   92827  5512729  59.37
1950-1959       14      0.00067  0.00067  0.50   92799      62   92768  5419902  58.40
1950-1959       15      0.00077  0.00077  0.50   92737      72   92702  5327134  57.44
1950-1959       16      0.00084  0.00084  0.50   92666      78   92627  5234432  56.49
1950-1959       17      0.00101  0.00101  0.50   92588      94   92541  5141805  55.53
1950-1959       18      0.00098  0.00098  0.50   92494      91   92449  5049264  54.59
1950-1959       19      0.00113  0.00113  0.50   92403     104   92351  4956815  53.64
1950-1959       20      0.00127  0.00127  0.50   92299     117   92241  4864464  52.70
1950-1959       21      0.00126  0.00126  0.50   92182     116   92124  4772223  51.77
1950-1959       22      0.00127  0.00127  0.50   92067     117   92008  4680099  50.83
1950-1959       23      0.00131  0.00131  0.50   91950     120   91890  4588091  49.90
1950-1959       24      0.00140  0.00140  0.50   91830     129   91765  4496201  48.96
1950-1959       25      0.00144  0.00144  0.50   91701     132   91635  4404436  48.03
1950-1959       26      0.00149  0.00149  0.50   91569     136   91501  4312801  47.10
1950-1959       27      0.00152  0.00152  0.50   91433     139   91363  4221300  46.17
1950-1959       28      0.00162  0.00162  0.50   91294     148   91220  4129937  45.24
1950-1959       29      0.00157  0.00157  0.50   91146     143   91074  4038717  44.31
1950-1959       30      0.00164  0.00164  0.50   91003     149   90928  3947643  43.38
1950-1959       31      0.00172  0.00172  0.50   90853     157   90775  3856714  42.45
1950-1959       32      0.00180  0.00180  0.50   90697     163   90616  3765939  41.52
1950-1959       33      0.00168  0.00168  0.50   90534     152   90458  3675324  40.60
1950-1959       34      0.00191  0.00191  0.50   90382     173   90296  3584866  39.66
1950-1959       35      0.00193  0.00193  0.50   90209     174   90122  3494570  38.74
1950-1959       36      0.00213  0.00213  0.50   90035     192   89940  3404447  37.81
1950-1959       37      0.00221  0.00221  0.50   89844     198   89745  3314508  36.89
1950-1959       38      0.00246  0.00245  0.50   89646     220   89536  3224763  35.97
1950-1959       39      0.00264  0.00264  0.50   89426     236   89308  3135227  35.06
1950-1959       40      0.00277  0.00277  0.50   89190     247   89066  3045920  34.15
1950-1959       41      0.00284  0.00284  0.50   88943     253   88816  2956854  33.24
1950-1959       42      0.00314  0.00314  0.50   88690     278   88551  2868037  32.34
1950-1959       43      0.00326  0.00326  0.50   88412     288   88268  2779486  31.44
1950-1959       44      0.00353  0.00353  0.50   88124     311   87968  2691219  30.54
1950-1959       45      0.00395  0.00394  0.50   87813     346   87640  2603250  29.65
1950-1959       46      0.00413  0.00412  0.50   87467     361   87287  2515610  28.76
1950-1959       47      0.00453  0.00452  0.50   87107     394   86910  2428323  27.88
1950-1959       48      0.00488  0.00486  0.50   86713     422   86502  2341414  27.00
1950-1959       49      0.00539  0.00538  0.50   86291     464   86059  2254912  26.13
1950-1959       50      0.00573  0.00571  0.50   85827     490   85582  2168853  25.27
1950-1959       51      0.00623  0.00621  0.50   85337     530   85072  2083271  24.41
1950-1959       52      0.00687  0.00685  0.50   84807     581   84516  1998200  23.56
1950-1959       53      0.00747  0.00744  0.50   84226     627   83912  1913683  22.72
1950-1959       54      0.00801  0.00798  0.50   83599     667   83265  1829771  21.89
1950-1959       55      0.00893  0.00889  0.50   82932     737   82563  1746506  21.06
1950-1959       56      0.00946  0.00942  0.50   82194     774   81807  1663943  20.24
1950-1959       57      0.01053  0.01047  0.50   81420     853   80994  1582136  19.43
1950-1959       58      0.01146  0.01140  0.50   80568     918   80108  1501142  18.63
1950-1959       59      0.01283  0.01275  0.50   79649    1016   79141  1421033  17.84
1950-1959       60      0.01443  0.01433  0.50   78634    1127   78070  1341892  17.07
1950-1959       61      0.01548  0.01536  0.50   77507    1190   76912  1263822  16.31
1950-1959       62      0.01787  0.01771  0.50   76317    1352   75641  1186910  15.55
1950-1959       63      0.01943  0.01924  0.50   74965    1442   74244  1111269  14.82
1950-1959       64      0.02166  0.02142  0.50   73523    1575   72735  1037026  14.10
1950-1959       65      0.02477  0.02447  0.50   71947    1760   71067   964291  13.40
1950-1959       66      0.02691  0.02656  0.50   70187    1864   69255   893223  12.73
1950-1959       67      0.03018  0.02973  0.50   68323    2031   67308   823968  12.06
1950-1959       68      0.03285  0.03231  0.50   66292    2142   65221   756661  11.41
1950-1959       69      0.03735  0.03667  0.50   64150    2352   62974   691440  10.78
1950-1959       70      0.04162  0.04077  0.50   61798    2519   60538   628466  10.17
1950-1959       71      0.04665  0.04559  0.50   59278    2702   57927   567928   9.58
1950-1959       72      0.05261  0.05126  0.50   56576    2900   55126   510001   9.01
1950-1959       73      0.05879  0.05711  0.50   53675    3065   52143   454876   8.47
1950-1959       74      0.06497  0.06293  0.50   50610    3185   49018   402733   7.96
1950-1959       75      0.07327  0.07068  0.50   47425    3352   45749   353715   7.46
1950-1959       76      0.08182  0.07861  0.50   44073    3464   42341   307966   6.99
1950-1959       77      0.09284  0.08872  0.50   40609    3603   38807   265625   6.54
1950-1959       78      0.10090  0.09606  0.50   37006    3555   35228   226818   6.13
1950-1959       79      0.11135  0.10547  0.50   33451    3528   31687   191590   5.73
1950-1959       80      0.12794  0.12025  0.50   29923    3598   28124   159903   5.34
1950-1959       81      0.13688  0.12811  0.50   26325    3373   24638   131779   5.01
1950-1959       82      0.15498  0.14383  0.50   22952    3301   21302   107140   4.67
1950-1959       83      0.17025  0.15689  0.50   19651    3083   18109    85839   4.37
1950-1959       84      0.18760  0.17151  0.50   16568    2842   15147    67729   4.09
1950-1959       85      0.20627  0.18698  0.50   13726    2567   12443    52582   3.83
1950-1959       86      0.22209  0.19989  0.50   11160    2231   10044    40139   3.60
1950-1959       87      0.23978  0.21411  0.50    8929    1912    7973    30095   3.37
1950-1959       88      0.26565  0.23450  0.50    7017    1646    6194    22122   3.15
1950-1959       89      0.28751  0.25137  0.50    5372    1350    4697    15927   2.97
1950-1959       90      0.31785  0.27426  0.50    4021    1103    3470    11231   2.79
1950-1959       91      0.33743  0.28872  0.50    2918     843    2497     7761   2.66
1950-1959       92      0.34661  0.29542  0.50    2076     613    1769     5264   2.54
1950-1959       93      0.37023  0.31240  0.50    1463     457    1234     3494   2.39
1950-1959       94      0.38543  0.32315  0.50    1006     325     843     2260   2.25
1950-1959       95      0.44091  0.36127  0.50     681     246     558     1417   2.08
1950-1959       96      0.46883  0.37980  0.50     435     165     352      859   1.98
1950-1959       97      0.49694  0.39804  0.50     270     107     216      507   1.88
1950-1959       98      0.52507  0.41589  0.50     162      68     129      291   1.79
1950-1959       99      0.55305  0.43325  0.50      95      41      74      163   1.71
1950-1959      100      0.58069  0.45003  0.50      54      24      42       88   1.64
1950-1959      101      0.60784  0.46616  0.50      30      14      23       47   1.58
1950-1959      102      0.63433  0.48159  0.50      16       8      12       24   1.52
1950-1959      103      0.66004  0.49626  0.50       8       4       6       12   1.47
1950-1959      104      0.68484  0.51015  0.50       4       2       3        6   1.42
1950-1959      105      0.70862  0.52324  0.50       2       1       1        3   1.38
1950-1959      106      0.73132  0.53551  0.50       1       1       1        1   1.34
1950-1959      107      0.75286  0.54697  0.50       0       0       0        1   1.30
1950-1959      108      0.77322  0.55763  0.50       0       0       0        0   1.27
1950-1959      109      0.79236  0.56752  0.50       0       0       0        0   1.25
1950-1959      110+     0.81028  1.00000  1.23       0       0       0        0   1.23
1960-1969        0      0.03732  0.03623  0.19  100000    3623   97071  7143571  71.44
1960-1969        1      0.00268  0.00267  0.50   96377     258   96248  7046500  73.11
1960-1969        2      0.00111  0.00111  0.50   96120     107   96066  6950251  72.31
1960-1969        3      0.00071  0.00071  0.50   96013      69   95979  6854185  71.39
1960-1969        4      0.00052  0.00052  0.50   95944      50   95919  6758207  70.44
1960-1969        5      0.00044  0.00044  0.50   95894      42   95873  6662287  69.48
1960-1969        6      0.00039  0.00039  0.50   95852      37   95833  6566414  68.51
1960-1969        7      0.00034  0.00034  0.50   95815      32   95799  6470581  67.53
1960-1969        8      0.00030  0.00030  0.50   95782      29   95768  6374782  66.55
1960-1969        9      0.00026  0.00026  0.50   95754      25   95741  6279014  65.57
1960-1969       10      0.00028  0.00028  0.50   95728      27   95715  6183273  64.59
1960-1969       11      0.00025  0.00025  0.50   95702      24   95690  6087558  63.61
1960-1969       12      0.00029  0.00029  0.50   95678      28   95664  5991868  62.63
1960-1969       13      0.00033  0.00033  0.50   95650      32   95634  5896205  61.64
1960-1969       14      0.00033  0.00033  0.50   95618      31   95602  5800571  60.66
1960-1969       15      0.00042  0.00042  0.50   95587      40   95566  5704968  59.68
1960-1969       16      0.00047  0.00047  0.50   95546      45   95524  5609402  58.71
1960-1969       17      0.00051  0.00051  0.50   95501      49   95476  5513879  57.74
1960-1969       18      0.00056  0.00056  0.50   95452      54   95425  5418402  56.77
1960-1969       19      0.00061  0.00061  0.50   95398      58   95369  5322977  55.80
1960-1969       20      0.00059  0.00059  0.50   95340      56   95312  5227608  54.83
1960-1969       21      0.00059  0.00059  0.50   95284      57   95256  5132296  53.86
1960-1969       22      0.00063  0.00063  0.50   95227      60   95197  5037040  52.89
1960-1969       23      0.00068  0.00068  0.50   95167      65   95135  4941843  51.93
1960-1969       24      0.00063  0.00063  0.50   95103      60   95073  4846708  50.96
1960-1969       25      0.00072  0.00071  0.50   95043      68   95009  4751635  49.99
1960-1969       26      0.00067  0.00067  0.50   94975      64   94943  4656626  49.03
1960-1969       27      0.00077  0.00077  0.50   94911      73   94875  4561683  48.06
1960-1969       28      0.00084  0.00084  0.50   94838      80   94798  4466808  47.10
1960-1969       29      0.00083  0.00083  0.50   94759      79   94719  4372010  46.14
1960-1969       30      0.00087  0.00087  0.50   94680      83   94639  4277291  45.18
1960-1969       31      0.00095  0.00095  0.50   94597      90   94552  4182652  44.22
1960-1969       32      0.00107  0.00107  0.50   94507     101   94457  4088100  43.26
1960-1969       33      0.00114  0.00114  0.50   94406     107   94353  3993643  42.30
1960-1969       34      0.00124  0.00124  0.50   94299     117   94241  3899290  41.35
1960-1969       35      0.00132  0.00132  0.50   94183     124   94120  3805049  40.40
1960-1969       36      0.00152  0.00152  0.50   94058     143   93987  3710929  39.45
1960-1969       37      0.00153  0.00153  0.50   93915     144   93843  3616942  38.51
1960-1969       38      0.00167  0.00166  0.50   93771     156   93693  3523099  37.57
1960-1969       39      0.00187  0.00186  0.50   93615     175   93528  3429405  36.63
1960-1969       40      0.00194  0.00194  0.50   93441     181   93350  3335877  35.70
1960-1969       41      0.00214  0.00214  0.50   93260     200   93160  3242527  34.77
1960-1969       42      0.00240  0.00239  0.50   93060     223   92949  3149368  33.84
1960-1969       43      0.00259  0.00258  0.50   92837     240   92717  3056419  32.92
1960-1969       44      0.00262  0.00262  0.50   92597     242   92476  2963702  32.01
1960-1969       45      0.00299  0.00298  0.50   92355     276   92217  2871226  31.09
1960-1969       46      0.00340  0.00340  0.50   92079     313   91923  2779008  30.18
1960-1969       47      0.00358  0.00358  0.50   91766     328   91602  2687086  29.28
1960-1969       48      0.00391  0.00390  0.50   91438     356   91260  2595483  28.39
1960-1969       49      0.00437  0.00436  0.50   91082     397   90883  2504223  27.49
1960-1969       50      0.00464  0.00463  0.50   90685     420   90475  2413340  26.61
1960-1969       51      0.00493  0.00492  0.50   90265     444   90043  2322865  25.73
1960-1969       52      0.00540  0.00538  0.50   89821     484   89580  2232822  24.86
1960-1969       53      0.00595  0.00594  0.50   89338     530   89073  2143242  23.99
1960-1969       54      0.00642  0.00640  0.50   88808     568   88524  2054169  23.13
1960-1969       55      0.00689  0.00687  0.50   88240     606   87937  1965645  22.28
1960-1969       56      0.00774  0.00771  0.50   87634     676   87296  1877709  21.43
1960-1969       57      0.00855  0.00851  0.50   86958     740   86588  1790413  20.59
1960-1969       58      0.00938  0.00934  0.50   86218     805   85815  1703825  19.76
1960-1969       59      0.01048  0.01043  0.50   85413     891   84967  1618009  18.94
1960-1969       60      0.01125  0.01119  0.50   84522     946   84049  1533042  18.14
1960-1969       61      0.01280  0.01272  0.50   83576    1063   83045  1448993  17.34
1960-1969       62      0.01425  0.01415  0.50   82513    1168   81929  1365948  16.55
1960-1969       63      0.01566  0.01554  0.50   81345    1264   80713  1284019  15.78
1960-1969       64      0.01765  0.01749  0.50   80081    1401   79381  1203306  15.03
1960-1969       65      0.01963  0.01944  0.50   78681    1529   77916  1123925  14.28
1960-1969       66      0.02253  0.02228  0.50   77151    1719   76292  1046009  13.56
1960-1969       67      0.02495  0.02464  0.50   75432    1859   74503   969717  12.86
1960-1969       68      0.02830  0.02790  0.50   73573    2053   72547   895215  12.17
1960-1969       69      0.03224  0.03173  0.50   71520    2269   70386   822668  11.50
1960-1969       70      0.03535  0.03473  0.50   69251    2405   68049   752282  10.86
1960-1969       71      0.04064  0.03984  0.50   66846    2663   65514   684234  10.24
1960-1969       72      0.04567  0.04465  0.50   64183    2866   62750   618719   9.64
1960-1969       73      0.05110  0.04983  0.50   61317    3055   59789   555969   9.07
1960-1969       74      0.05717  0.05559  0.50   58262    3239   56642   496180   8.52
1960-1969       75      0.06458  0.06256  0.50   55023    3442   53302   439537   7.99
1960-1969       76      0.07165  0.06917  0.50   51581    3568   49797   386235   7.49
1960-1969       77      0.08068  0.07755  0.50   48013    3724   46151   336438   7.01
1960-1969       78      0.09088  0.08693  0.50   44289    3850   42364   290287   6.55
1960-1969       79      0.09994  0.09519  0.50   40439    3849   38515   247923   6.13
1960-1969       80      0.11250  0.10651  0.50   36590    3897   34641   209408   5.72
1960-1969       81      0.12520  0.11782  0.50   32693    3852   30767   174766   5.35
1960-1969       82      0.13878  0.12977  0.50   28841    3743   26969   144000   4.99
1960-1969       83      0.15473  0.14362  0.50   25098    3605   23296   117030   4.66
1960-1969       84      0.16994  0.15663  0.50   21494    3367   19810    93734   4.36
1960-1969       85      0.18868  0.17242  0.50   18127    3125   16564    73924   4.08
1960-1969       86      0.20464  0.18564  0.50   15002    2785   13609    57360   3.82
1960-1969       87      0.22332  0.20089  0.50   12217    2454   10990    43751   3.58
1960-1969       88      0.24141  0.21541  0.50    9762    2103    8711    32761   3.36
1960-1969       89      0.26926  0.23731  0.50    7660    1818    6751    24050   3.14
1960-1969       90      0.28474  0.24926  0.50    5842    1456    5114    17300   2.96
1960-1969       91      0.30992  0.26834  0.50    4386    1177    3797    12186   2.78
1960-1969       92      0.33276  0.28529  0.50    3209     915    2751     8389   2.61
1960-1969       93      0.35933  0.30460  0.50    2293     699    1944     5637   2.46
1960-1969       94      0.37709  0.31727  0.50    1595     506    1342     3693   2.32
1960-1969       95      0.42099  0.34778  0.50    1089     379     899     2351   2.16
1960-1969       96      0.44945  0.36698  0.50     710     261     580     1452   2.04
1960-1969       97      0.47825  0.38596  0.50     450     174     363      872   1.94
1960-1969       98      0.50719  0.40459  0.50     276     112     220      509   1.85
1960-1969       99      0.53608  0.42276  0.50     164      69     130      289   1.76
1960-1969      100      0.56474  0.44039  0.50      95      42      74      160   1.68
1960-1969      101      0.59296  0.45736  0.50      53      24      41       86   1.61
1960-1969      102      0.62059  0.47363  0.50      29      14      22       45   1.55
1960-1969      103      0.64746  0.48912  0.50      15       7      11       23   1.49
1960-1969      104      0.67342  0.50379  0.50       8       4       6       11   1.44
1960-1969      105      0.69837  0.51762  0.50       4       2       3        5   1.39
1960-1969      106      0.72219  0.53060  0.50       2       1       1        3   1.35
1960-1969      107      0.74482  0.54271  0.50       1       0       1        1   1.32
1960-1969      108      0.76621  0.55398  0.50       0       0       0        1   1.28
1960-1969      109      0.78631  0.56441  0.50       0       0       0        0   1.26
1960-1969      110+     0.80513  1.00000  1.24       0       0       0        0   1.24
1970-1979        0      0.02784  0.02720  0.15  100000    2720   97701  7258798  72.59
1970-1979        1      0.00124  0.00124  0.50   97280     121   97220  7161097  73.61
1970-1979        2      0.00066  0.00066  0.50   97159      64   97127  7063878  72.70
1970-1979        3      0.00048  0.00048  0.50   97095      46   97072  6966750  71.75
1970-1979        4      0.00036  0.00036  0.50   97049      35   97032  6869678  70.79
1970-1979        5      0.00034  0.00034  0.50   97015      33   96998  6772646  69.81
1970-1979        6      0.00033  0.00033  0.50   96982      32   96966  6675648  68.83
1970-1979        7      0.00026  0.00026  0.50   96950      25   96937  6578682  67.86
1970-1979        8      0.00029  0.00029  0.50   96924      28   96910  6481745  66.87
1970-1979        9      0.00023  0.00023  0.50   96896      22   96886  6384835  65.89
1970-1979       10      0.00024  0.00024  0.50   96875      23   96863  6287949  64.91
1970-1979       11      0.00025  0.00025  0.50   96852      24   96840  6191086  63.92
1970-1979       12      0.00028  0.00028  0.50   96828      27   96814  6094246  62.94
1970-1979       13      0.00023  0.00023  0.50   96800      22   96789  5997432  61.96
1970-1979       14      0.00030  0.00030  0.50   96778      29   96764  5900643  60.97
1970-1979       15      0.00039  0.00039  0.50   96749      38   96731  5803879  59.99
1970-1979       16      0.00045  0.00045  0.50   96712      44   96690  5707149  59.01
1970-1979       17      0.00041  0.00041  0.50   96668      40   96648  5610459  58.04
1970-1979       18      0.00049  0.00049  0.50   96628      47   96605  5513811  57.06
1970-1979       19      0.00047  0.00047  0.50   96581      46   96558  5417206  56.09
1970-1979       20      0.00047  0.00047  0.50   96535      46   96512  5320648  55.12
1970-1979       21      0.00054  0.00054  0.50   96490      52   96464  5224135  54.14
1970-1979       22      0.00048  0.00048  0.50   96438      47   96414  5127672  53.17
1970-1979       23      0.00053  0.00053  0.50   96391      51   96366  5031258  52.20
1970-1979       24      0.00054  0.00054  0.50   96340      52   96314  4934892  51.22
1970-1979       25      0.00056  0.00056  0.50   96288      53   96261  4838578  50.25
1970-1979       26      0.00061  0.00061  0.50   96234      59   96205  4742317  49.28
1970-1979       27      0.00072  0.00072  0.50   96176      69   96141  4646112  48.31
1970-1979       28      0.00074  0.00074  0.50   96107      71   96071  4549970  47.34
1970-1979       29      0.00078  0.00078  0.50   96035      75   95998  4453899  46.38
1970-1979       30      0.00080  0.00080  0.50   95961      76   95923  4357901  45.41
1970-1979       31      0.00090  0.00090  0.50   95884      86   95841  4261979  44.45
1970-1979       32      0.00095  0.00095  0.50   95798      91   95752  4166138  43.49
1970-1979       33      0.00103  0.00103  0.50   95707      99   95657  4070385  42.53
1970-1979       34      0.00119  0.00119  0.50   95608     114   95551  3974728  41.57
1970-1979       35      0.00125  0.00125  0.50   95494     120   95434  3879177  40.62
1970-1979       36      0.00137  0.00137  0.50   95375     131   95309  3783743  39.67
1970-1979       37      0.00150  0.00150  0.50   95244     143   95172  3688433  38.73
1970-1979       38      0.00166  0.00166  0.50   95100     158   95021  3593261  37.78
1970-1979       39      0.00181  0.00181  0.50   94942     172   94856  3498240  36.85
1970-1979       40      0.00206  0.00206  0.50   94770     195   94673  3403384  35.91
1970-1979       41      0.00221  0.00220  0.50   94576     208   94471  3308711  34.98
1970-1979       42      0.00241  0.00241  0.50   94367     227   94253  3214239  34.06
1970-1979       43      0.00272  0.00272  0.50   94140     256   94012  3119986  33.14
1970-1979       44      0.00284  0.00283  0.50   93884     266   93751  3025974  32.23
1970-1979       45      0.00323  0.00322  0.50   93618     301   93467  2932223  31.32
1970-1979       46      0.00351  0.00351  0.50   93317     327   93153  2838755  30.42
1970-1979       47      0.00370  0.00369  0.50   92989     343   92818  2745603  29.53
1970-1979       48      0.00421  0.00420  0.50   92646     389   92452  2652785  28.63
1970-1979       49      0.00455  0.00454  0.50   92257     418   92048  2560333  27.75
1970-1979       50      0.00487  0.00486  0.50   91839     447   91615  2468285  26.88
1970-1979       51      0.00538  0.00537  0.50   91392     491   91147  2376670  26.01
1970-1979       52      0.00601  0.00599  0.50   90902     545   90629  2285523  25.14
1970-1979       53      0.00633  0.00631  0.50   90357     570   90072  2194894  24.29
1970-1979       54      0.00688  0.00685  0.50   89786     615   89479  2104822  23.44
1970-1979       55      0.00740  0.00737  0.50   89171     657   88842  2015344  22.60
1970-1979       56      0.00801  0.00798  0.50   88514     707   88160  1926501  21.77
1970-1979       57      0.00898  0.00894  0.50   87807     785   87415  1838341  20.94
1970-1979       58      0.00970  0.00965  0.50   87022     840   86602  1750926  20.12
1970-1979       59      0.01073  0.01067  0.50   86182     920   85722  1664324  19.31
1970-1979       60      0.01127  0.01120  0.50   85262     955   84785  1578602  18.51
1970-1979       61      0.01278  0.01269  0.50   84307    1070   83772  1493817  17.72
1970-1979       62      0.01415  0.01405  0.50   83237    1170   82652  1410045  16.94
1970-1979       63      0.01554  0.01542  0.50   82067    1266   81435  1327393  16.17
1970-1979       64      0.01730  0.01715  0.50   80802    1386   80109  1245958  15.42
1970-1979       65      0.01907  0.01889  0.50   79416    1500   78666  1165849  14.68
1970-1979       66      0.02120  0.02098  0.50   77916    1634   77099  1087183  13.95
1970-1979       67      0.02392  0.02364  0.50   76282    1803   75380  1010084  13.24
1970-1979       68      0.02712  0.02676  0.50   74478    1993   73482   934705  12.55
1970-1979       69      0.03000  0.02956  0.50   72485    2143   71414   861223  11.88
1970-1979       70      0.03350  0.03295  0.50   70343    2318   69184   789809  11.23
1970-1979       71      0.03796  0.03725  0.50   68025    2534   66758   720625  10.59
1970-1979       72      0.04228  0.04140  0.50   65491    2712   64135   653867   9.98
1970-1979       73      0.04777  0.04665  0.50   62779    2929   61315   589732   9.39
1970-1979       74      0.05432  0.05288  0.50   59850    3165   58268   528418   8.83
1970-1979       75      0.06029  0.05853  0.50   56685    3318   55026   470150   8.29
1970-1979       76      0.06815  0.06590  0.50   53368    3517   51609   415123   7.78
1970-1979       77      0.07668  0.07384  0.50   49851    3681   48010   363514   7.29
1970-1979       78      0.08452  0.08109  0.50   46169    3744   44297   315504   6.83
1970-1979       79      0.09377  0.08957  0.50   42426    3800   40526   271207   6.39
1970-1979       80      0.10540  0.10013  0.50   38626    3867   36692   230681   5.97
1970-1979       81      0.11537  0.10908  0.50   34758    3791   32862   193989   5.58
1970-1979       82      0.12854  0.12078  0.50   30967    3740   29097   161127   5.20
1970-1979       83      0.14409  0.13441  0.50   27227    3659   25397   132030   4.85
1970-1979       84      0.15954  0.14775  0.50   23567    3482   21826   106633   4.52
1970-1979       85      0.17426  0.16030  0.50   20085    3220   18475    84807   4.22
1970-1979       86      0.19506  0.17773  0.50   16865    2997   15367    66332   3.93
1970-1979       87      0.21385  0.19319  0.50   13868    2679   12528    50965   3.68
1970-1979       88      0.23587  0.21099  0.50   11189    2361   10009    38437   3.44
1970-1979       89      0.25808  0.22858  0.50    8828    2018    7819    28428   3.22
1970-1979       90      0.27540  0.24207  0.50    6810    1649    5986    20609   3.03
1970-1979       91      0.30335  0.26340  0.50    5162    1360    4482    14623   2.83
1970-1979       92      0.32209  0.27741  0.50    3802    1055    3275    10141   2.67
1970-1979       93      0.33724  0.28858  0.50    2747     793    2351     6867   2.50
1970-1979       94      0.39430  0.32936  0.50    1955     644    1633     4516   2.31
1970-1979       95      0.41084  0.34083  0.50    1311     447    1087     2883   2.20
1970-1979       96      0.43989  0.36058  0.50     864     312     708     1796   2.08
1970-1979       97      0.46935  0.38014  0.50     552     210     447     1087   1.97
1970-1979       98      0.49902  0.39937  0.50     342     137     274      640   1.87
1970-1979       99      0.52870  0.41816  0.50     206      86     163      366   1.78
1970-1979      100      0.55818  0.43639  0.50     120      52      94      203   1.70
1970-1979      101      0.58726  0.45396  0.50      67      31      52      110   1.62
1970-1979      102      0.61573  0.47079  0.50      37      17      28       57   1.56
1970-1979      103      0.64344  0.48682  0.50      19       9      15       29   1.50
1970-1979      104      0.67022  0.50200  0.50      10       5       7       14   1.44
1970-1979      105      0.69594  0.51629  0.50       5       3       4        7   1.40
1970-1979      106      0.72049  0.52968  0.50       2       1       2        3   1.35
1970-1979      107      0.74379  0.54216  0.50       1       1       1        1   1.32
1970-1979      108      0.76577  0.55375  0.50       1       0       0        1   1.28
1970-1979      109      0.78641  0.56446  0.50       0       0       0        0   1.26
1970-1979      110+     0.80570  1.00000  1.24       0       0       0        0   1.24
1980-1989        0      0.01694  0.01669  0.11  100000    1669   98521  7323319  73.23
1980-1989        1      0.00081  0.00081  0.50   98331      80   98291  7224798  73.47
1980-1989        2      0.00050  0.00050  0.50   98251      49   98226  7126507  72.53
1980-1989        3      0.00033  0.00033  0.50   98201      32   98185  7028281  71.57
1980-1989        4      0.00030  0.00030  0.50   98169      30   98154  6930096  70.59
1980-1989        5      0.00028  0.00028  0.50   98139      27   98126  6831942  69.61
1980-1989        6      0.00026  0.00026  0.50   98112      25   98099  6733816  68.63
1980-1989        7      0.00022  0.00022  0.50   98087      22   98076  6635717  67.65
1980-1989        8      0.00018  0.00018  0.50   98065      18   98056  6537641  66.67
1980-1989        9      0.00019  0.00019  0.50   98047      19   98037  6439585  65.68
1980-1989       10      0.00019  0.00019  0.50   98028      19   98019  6341548  64.69
1980-1989       11      0.00021  0.00021  0.50   98009      20   97999  6243529  63.70
1980-1989       12      0.00019  0.00019  0.50   97989      19   97980  6145530  62.72
1980-1989       13      0.00023  0.00023  0.50   97970      23   97959  6047550  61.73
1980-1989       14      0.00028  0.00028  0.50   97947      27   97934  5949591  60.74
1980-1989       15      0.00034  0.00034  0.50   97920      34   97903  5851658  59.76
1980-1989       16      0.00038  0.00038  0.50   97886      37   97868  5753754  58.78
1980-1989       17      0.00044  0.00044  0.50   97850      43   97828  5655886  57.80
1980-1989       18      0.00044  0.00044  0.50   97807      43   97785  5558058  56.83
1980-1989       19      0.00047  0.00047  0.50   97764      46   97741  5460273  55.85
1980-1989       20      0.00047  0.00047  0.50   97718      46   97695  5362532  54.88
1980-1989       21      0.00049  0.00049  0.50   97672      48   97648  5264837  53.90
1980-1989       22      0.00053  0.00053  0.50   97625      52   97599  5167189  52.93
1980-1989       23      0.00053  0.00053  0.50   97572      51   97547  5069590  51.96
1980-1989       24      0.00056  0.00056  0.50   97521      54   97494  4972044  50.98
1980-1989       25      0.00060  0.00060  0.50   97467      58   97438  4874550  50.01
1980-1989       26      0.00067  0.00067  0.50   97409      65   97376  4777112  49.04
1980-1989       27      0.00069  0.00069  0.50   97343      67   97310  4679736  48.07
1980-1989       28      0.00078  0.00078  0.50   97277      76   97239  4582426  47.11
1980-1989       29      0.00082  0.00082  0.50   97201      80   97161  4485187  46.14
1980-1989       30      0.00097  0.00097  0.50   97121      94   97074  4388026  45.18
1980-1989       31      0.00105  0.00104  0.50   97027     101   96976  4290952  44.22
1980-1989       32      0.00123  0.00123  0.50   96926     119   96866  4193975  43.27
1980-1989       33      0.00124  0.00124  0.50   96806     120   96747  4097109  42.32
1980-1989       34      0.00140  0.00140  0.50   96687     135   96619  4000363  41.37
1980-1989       35      0.00153  0.00152  0.50   96551     147   96478  3903744  40.43
1980-1989       36      0.00171  0.00171  0.50   96404     164   96322  3807266  39.49
1980-1989       37      0.00181  0.00181  0.50   96240     174   96153  3710944  38.56
1980-1989       38      0.00206  0.00206  0.50   96066     197   95967  3614791  37.63
1980-1989       39      0.00218  0.00218  0.50   95868     209   95764  3518824  36.70
1980-1989       40      0.00230  0.00230  0.50   95659     220   95549  3423060  35.78
1980-1989       41      0.00251  0.00251  0.50   95439     239   95320  3327511  34.87
1980-1989       42      0.00273  0.00273  0.50   95200     260   95070  3232191  33.95
1980-1989       43      0.00310  0.00309  0.50   94940     294   94793  3137121  33.04
1980-1989       44      0.00340  0.00339  0.50   94646     321   94486  3042328  32.14
1980-1989       45      0.00362  0.00361  0.50   94325     341   94155  2947842  31.25
1980-1989       46      0.00399  0.00398  0.50   93984     374   93797  2853687  30.36
1980-1989       47      0.00422  0.00421  0.50   93610     394   93413  2759890  29.48
1980-1989       48      0.00471  0.00470  0.50   93216     438   92997  2666477  28.61
1980-1989       49      0.00511  0.00510  0.50   92778     473   92542  2573479  27.74
1980-1989       50      0.00551  0.00549  0.50   92305     507   92052  2480938  26.88
1980-1989       51      0.00595  0.00593  0.50   91798     544   91526  2388886  26.02
1980-1989       52      0.00647  0.00645  0.50   91254     589   90959  2297360  25.18
1980-1989       53      0.00694  0.00692  0.50   90665     627   90351  2206401  24.34
1980-1989       54      0.00754  0.00751  0.50   90038     677   89699  2116050  23.50
1980-1989       55      0.00819  0.00816  0.50   89361     729   88996  2026350  22.68
1980-1989       56      0.00904  0.00900  0.50   88632     798   88233  1937354  21.86
1980-1989       57      0.00972  0.00968  0.50   87834     850   87409  1849121  21.05
1980-1989       58      0.01068  0.01062  0.50   86984     924   86522  1761711  20.25
1980-1989       59      0.01160  0.01153  0.50   86061     993   85564  1675189  19.47
1980-1989       60      0.01246  0.01238  0.50   85068    1053   84541  1589625  18.69
1980-1989       61      0.01361  0.01352  0.50   84015    1136   83447  1505083  17.91
1980-1989       62      0.01498  0.01487  0.50   82879    1233   82262  1421637  17.15
1980-1989       63      0.01621  0.01608  0.50   81646    1313   80990  1339374  16.40
1980-1989       64      0.01800  0.01784  0.50   80333    1433   79617  1258385  15.66
1980-1989       65      0.01939  0.01920  0.50   78900    1515   78142  1178768  14.94
1980-1989       66      0.02195  0.02171  0.50   77385    1680   76545  1100625  14.22
1980-1989       67      0.02416  0.02387  0.50   75705    1807   74801  1024080  13.53
1980-1989       68      0.02664  0.02629  0.50   73898    1942   72927   949279  12.85
1980-1989       69      0.02958  0.02915  0.50   71955    2097   70907   876352  12.18
1980-1989       70      0.03341  0.03286  0.50   69858    2296   68710   805446  11.53
1980-1989       71      0.03707  0.03640  0.50   67562    2459   66333   736736  10.90
1980-1989       72      0.04085  0.04004  0.50   65103    2606   63800   670403  10.30
1980-1989       73      0.04579  0.04477  0.50   62497    2798   61098   606603   9.71
1980-1989       74      0.05095  0.04968  0.50   59699    2966   58216   545505   9.14
1980-1989       75      0.05671  0.05514  0.50   56733    3128   55168   487290   8.59
1980-1989       76      0.06344  0.06149  0.50   53604    3296   51956   432121   8.06
1980-1989       77      0.07074  0.06832  0.50   50308    3437   48589   380165   7.56
1980-1989       78      0.07923  0.07621  0.50   46871    3572   45085   331576   7.07
1980-1989       79      0.08900  0.08521  0.50   43299    3690   41454   286491   6.62
1980-1989       80      0.09977  0.09503  0.50   39609    3764   37727   245037   6.19
1980-1989       81      0.11127  0.10540  0.50   35845    3778   33956   207310   5.78
1980-1989       82      0.12380  0.11658  0.50   32067    3738   30198   173354   5.41
1980-1989       83      0.13678  0.12802  0.50   28328    3627   26515   143157   5.05
1980-1989       84      0.15306  0.14218  0.50   24702    3512   22946   116641   4.72
1980-1989       85      0.16509  0.15250  0.50   21190    3231   19574    93696   4.42
1980-1989       86      0.18171  0.16658  0.50   17958    2991   16463    74122   4.13
1980-1989       87      0.20245  0.18384  0.50   14967    2752   13591    57659   3.85
1980-1989       88      0.22191  0.19975  0.50   12215    2440   10995    44068   3.61
1980-1989       89      0.23938  0.21379  0.50    9775    2090    8730    33073   3.38
1980-1989       90      0.26282  0.23229  0.50    7685    1785    6793    24342   3.17
1980-1989       91      0.28297  0.24790  0.50    5900    1463    5169    17550   2.97
1980-1989       92      0.30715  0.26626  0.50    4437    1182    3847    12381   2.79
1980-1989       93      0.33496  0.28691  0.50    3256     934    2789     8534   2.62
1980-1989       94      0.35050  0.29824  0.50    2322     692    1976     5745   2.47
1980-1989       95      0.38744  0.32457  0.50    1629     529    1365     3770   2.31
1980-1989       96      0.41519  0.34381  0.50    1101     378     911     2405   2.19
1980-1989       97      0.44348  0.36299  0.50     722     262     591     1493   2.07
1980-1989       98      0.47214  0.38197  0.50     460     176     372      902   1.96
1980-1989       99      0.50099  0.40063  0.50     284     114     227      530   1.87
1980-1989      100      0.52983  0.41887  0.50     170      71     135      303   1.78
1980-1989      101      0.55848  0.43657  0.50      99      43      77      168   1.70
1980-1989      102      0.58674  0.45365  0.50      56      25      43       91   1.63
1980-1989      103      0.61444  0.47003  0.50      30      14      23       48   1.56
1980-1989      104      0.64141  0.48566  0.50      16       8      12       24   1.50
1980-1989      105      0.66753  0.50048  0.50       8       4       6       12   1.45
1980-1989      106      0.69265  0.51447  0.50       4       2       3        6   1.40
1980-1989      107      0.71668  0.52761  0.50       2       1       1        3   1.36
1980-1989      108      0.73953  0.53990  0.50       1       1       1        1   1.33
1980-1989      109      0.76116  0.55133  0.50       0       0       0        1   1.30
1980-1989      110+     0.78152  1.00000  1.28       0       0       0        0   1.28
1990-1999        0      0.01067  0.01057  0.13  100000    1057   99078  7459618  74.60
1990-1999        1      0.00067  0.00067  0.50   98943      67   98910  7360540  74.39
1990-1999        2      0.00040  0.00040  0.50   98876      40   98857  7261630  73.44
1990-1999        3      0.00029  0.00029  0.50   98837      29   98822  7162774  72.47
1990-1999        4      0.00025  0.00025  0.50   98808      25   98795  7063952  71.49
1990-1999        5      0.00019  0.00019  0.50   98783      19   98774  6965156  70.51
1990-1999        6      0.00020  0.00020  0.50   98764      20   98754  6866383  69.52
1990-1999        7      0.00019  0.00019  0.50   98744      19   98735  6767629  68.54
1990-1999        8      0.00018  0.00018  0.50   98725      18   98717  6668894  67.55
1990-1999        9      0.00018  0.00018  0.50   98708      18   98699  6570177  66.56
1990-1999       10      0.00015  0.00015  0.50   98690      15   98682  6471479  65.57
1990-1999       11      0.00014  0.00014  0.50   98675      14   98668  6372797  64.58
1990-1999       12      0.00019  0.00019  0.50   98661      19   98652  6274129  63.59
1990-1999       13      0.00020  0.00020  0.50   98642      19   98633  6175477  62.60
1990-1999       14      0.00024  0.00024  0.50   98623      23   98611  6076844  61.62
1990-1999       15      0.00026  0.00026  0.50   98600      26   98587  5978233  60.63
1990-1999       16      0.00032  0.00032  0.50   98574      31   98558  5879646  59.65
1990-1999       17      0.00037  0.00037  0.50   98543      37   98524  5781088  58.67
1990-1999       18      0.00032  0.00032  0.50   98506      31   98490  5682564  57.69
1990-1999       19      0.00038  0.00038  0.50   98475      37   98456  5584073  56.71
1990-1999       20      0.00043  0.00043  0.50   98437      42   98416  5485617  55.73
1990-1999       21      0.00038  0.00038  0.50   98395      38   98377  5387201  54.75
1990-1999       22      0.00041  0.00041  0.50   98358      41   98337  5288824  53.77
1990-1999       23      0.00041  0.00041  0.50   98317      40   98297  5190487  52.79
1990-1999       24      0.00044  0.00044  0.50   98277      43   98255  5092190  51.81
1990-1999       25      0.00045  0.00045  0.50   98234      44   98212  4993935  50.84
1990-1999       26      0.00051  0.00051  0.50   98190      50   98165  4895723  49.86
1990-1999       27      0.00052  0.00052  0.50   98140      51   98115  4797558  48.88
1990-1999       28      0.00058  0.00058  0.50   98090      57   98061  4699443  47.91
1990-1999       29      0.00071  0.00071  0.50   98033      69   97998  4601382  46.94
1990-1999       30      0.00078  0.00078  0.50   97963      76   97925  4503384  45.97
1990-1999       31      0.00096  0.00096  0.50   97887      94   97840  4405458  45.01
1990-1999       32      0.00096  0.00096  0.50   97793      94   97746  4307618  44.05
1990-1999       33      0.00120  0.00120  0.50   97699     117   97640  4209873  43.09
1990-1999       34      0.00131  0.00130  0.50   97582     127   97518  4112232  42.14
1990-1999       35      0.00151  0.00151  0.50   97454     147   97381  4014714  41.20
1990-1999       36      0.00184  0.00183  0.50   97307     178   97218  3917334  40.26
1990-1999       37      0.00196  0.00195  0.50   97129     190   97034  3820116  39.33
1990-1999       38      0.00223  0.00222  0.50   96939     216   96831  3723082  38.41
1990-1999       39      0.00233  0.00233  0.50   96723     225   96611  3626251  37.49
1990-1999       40      0.00262  0.00262  0.50   96498     253   96372  3529640  36.58
1990-1999       41      0.00285  0.00285  0.50   96245     274   96108  3433268  35.67
1990-1999       42      0.00309  0.00308  0.50   95972     296   95824  3337160  34.77
1990-1999       43      0.00332  0.00331  0.50   95676     317   95517  3241336  33.88
1990-1999       44      0.00361  0.00360  0.50   95359     343   95187  3145819  32.99
1990-1999       45      0.00387  0.00386  0.50   95015     367   94832  3050632  32.11
1990-1999       46      0.00417  0.00416  0.50   94649     394   94452  2955800  31.23
1990-1999       47      0.00444  0.00443  0.50   94255     417   94047  2861348  30.36
1990-1999       48      0.00486  0.00485  0.50   93838     455   93611  2767301  29.49
1990-1999       49      0.00516  0.00514  0.50   93383     480   93143  2673690  28.63
1990-1999       50      0.00549  0.00548  0.50   92903     509   92649  2580547  27.78
1990-1999       51      0.00600  0.00598  0.50   92394     553   92118  2487899  26.93
1990-1999       52      0.00635  0.00633  0.50   91841     582   91550  2395781  26.09
1990-1999       53      0.00682  0.00680  0.50   91259     620   90949  2304231  25.25
1990-1999       54      0.00722  0.00719  0.50   90639     652   90313  2213282  24.42
1990-1999       55      0.00781  0.00778  0.50   89987     700   89637  2122969  23.59
1990-1999       56      0.00868  0.00864  0.50   89287     772   88901  2033332  22.77
1990-1999       57      0.00937  0.00933  0.50   88515     826   88102  1944431  21.97
1990-1999       58      0.01005  0.01000  0.50   87689     877   87251  1856329  21.17
1990-1999       59      0.01078  0.01072  0.50   86813     931   86347  1769078  20.38
1990-1999       60      0.01201  0.01193  0.50   85882    1025   85369  1682730  19.59
1990-1999       61      0.01258  0.01250  0.50   84857    1061   84327  1597361  18.82
1990-1999       62      0.01392  0.01382  0.50   83796    1158   83217  1513035  18.06
1990-1999       63      0.01517  0.01506  0.50   82638    1244   82016  1429818  17.30
1990-1999       64      0.01630  0.01617  0.50   81393    1316   80735  1347802  16.56
1990-1999       65      0.01798  0.01782  0.50   80077    1427   79363  1267067  15.82
1990-1999       66      0.01996  0.01976  0.50   78650    1554   77873  1187703  15.10
1990-1999       67      0.02167  0.02144  0.50   77096    1653   76269  1109830  14.40
1990-1999       68      0.02387  0.02359  0.50   75443    1779   74553  1033561  13.70
1990-1999       69      0.02625  0.02591  0.50   73663    1909   72709   959008  13.02
1990-1999       70      0.02915  0.02874  0.50   71755    2062   70724   886299  12.35
1990-1999       71      0.03230  0.03179  0.50   69693    2215   68585   815575  11.70
1990-1999       72      0.03563  0.03500  0.50   67477    2362   66296   746990  11.07
1990-1999       73      0.03927  0.03851  0.50   65115    2508   63862   680694  10.45
1990-1999       74      0.04418  0.04323  0.50   62608    2706   61255   616832   9.85
1990-1999       75      0.04918  0.04800  0.50   59901    2875   58464   555577   9.27
1990-1999       76      0.05506  0.05358  0.50   57026    3056   55498   497114   8.72
1990-1999       77      0.06047  0.05870  0.50   53970    3168   52386   441616   8.18
1990-1999       78      0.06902  0.06671  0.50   50802    3389   49108   389229   7.66
1990-1999       79      0.07651  0.07369  0.50   47413    3494   45666   340121   7.17
1990-1999       80      0.08619  0.08263  0.50   43919    3629   42105   294455   6.70
1990-1999       81      0.09737  0.09285  0.50   40290    3741   38420   252350   6.26
1990-1999       82      0.10793  0.10240  0.50   36549    3743   34678   213930   5.85
1990-1999       83      0.12096  0.11406  0.50   32806    3742   30936   179253   5.46
1990-1999       84      0.13377  0.12538  0.50   29065    3644   27243   148317   5.10
1990-1999       85      0.14746  0.13734  0.50   25420    3491   23675   121075   4.76
1990-1999       86      0.16305  0.15076  0.50   21929    3306   20276    97400   4.44
1990-1999       87      0.18031  0.16540  0.50   18623    3080   17083    77123   4.14
1990-1999       88      0.19618  0.17866  0.50   15543    2777   14155    60040   3.86
1990-1999       89      0.22229  0.20006  0.50   12766    2554   11489    45886   3.59
1990-1999       90      0.23624  0.21129  0.50   10212    2158    9133    34396   3.37
1990-1999       91      0.26621  0.23494  0.50    8055    1892    7108    25263   3.14
1990-1999       92      0.28554  0.24987  0.50    6162    1540    5392    18155   2.95
1990-1999       93      0.30995  0.26836  0.50    4622    1240    4002    12762   2.76
1990-1999       94      0.33084  0.28388  0.50    3382     960    2902     8760   2.59
1990-1999       95      0.36536  0.30893  0.50    2422     748    2048     5858   2.42
1990-1999       96      0.39361  0.32889  0.50    1674     550    1398     3810   2.28
1990-1999       97      0.42259  0.34888  0.50    1123     392     927     2412   2.15
1990-1999       98      0.45212  0.36876  0.50     731     270     597     1484   2.03
1990-1999       99      0.48198  0.38838  0.50     462     179     372      888   1.92
1990-1999      100      0.51197  0.40762  0.50     282     115     225      516   1.83
1990-1999      101      0.54188  0.42636  0.50     167      71     132      291   1.74
1990-1999      102      0.57148  0.44448  0.50      96      43      75      159   1.66
1990-1999      103      0.60059  0.46189  0.50      53      25      41       85   1.59
1990-1999      104      0.62900  0.47851  0.50      29      14      22       44   1.53
1990-1999      105      0.65655  0.49429  0.50      15       7      11       22   1.47
1990-1999      106      0.68308  0.50917  0.50       8       4       6       11   1.42
1990-1999      107      0.70847  0.52315  0.50       4       2       3        5   1.38
1990-1999      108      0.73262  0.53620  0.50       2       1       1        2   1.34
1990-1999      109      0.75546  0.54834  0.50       1       0       1        1   1.31
1990-1999      110+     0.77695  1.00000  1.29       0       0       0        0   1.29
2000-2009        0      0.00623  0.00620  0.14  100000     620   99464  7712718  77.13
2000-2009        1      0.00044  0.00044  0.50   99380      44   99358  7613254  76.61
2000-2009        2      0.00027  0.00027  0.50   99336      27   99322  7513896  75.64
2000-2009        3      0.00019  0.00019  0.50   99309      19   99299  7414574  74.66
2000-2009        4      0.00016  0.00016  0.50   99290      16   99282  7315275  73.68
2000-2009        5      0.00014  0.00014  0.50   99274      14   99267  7215993  72.69
2000-2009        6      0.00014  0.00014  0.50   99260      13   99253  7116726  71.70
2000-2009        7      0.00013  0.00013  0.50   99247      13   99240  7017473  70.71
2000-2009        8      0.00012  0.00012  0.50   99233      12   99228  6918233  69.72
2000-2009        9      0.00012  0.00012  0.50   99222      12   99216  6819005  68.72
2000-2009       10      0.00012  0.00012  0.50   99209      12   99203  6719790  67.73
2000-2009       11      0.00013  0.00013  0.50   99197      12   99191  6620586  66.74
2000-2009       12      0.00015  0.00015  0.50   99185      15   99177  6521395  65.75
2000-2009       13      0.00015  0.00015  0.50   99170      15   99162  6422218  64.76
2000-2009       14      0.00017  0.00017  0.50   99155      17   99146  6323056  63.77
2000-2009       15      0.00019  0.00019  0.50   99138      18   99129  6223909  62.78
2000-2009       16      0.00024  0.00024  0.50   99119      24   99108  6124781  61.79
2000-2009       17      0.00024  0.00024  0.50   99096      23   99084  6025673  60.81
2000-2009       18      0.00030  0.00030  0.50   99072      29   99058  5926589  59.82
2000-2009       19      0.00027  0.00027  0.50   99043      27   99029  5827532  58.84
2000-2009       20      0.00028  0.00028  0.50   99016      27   99002  5728503  57.85
2000-2009       21      0.00024  0.00024  0.50   98988      24   98976  5629501  56.87
2000-2009       22      0.00029  0.00029  0.50   98965      28   98950  5530524  55.88
2000-2009       23      0.00027  0.00027  0.50   98936      27   98923  5431574  54.90
2000-2009       24      0.00030  0.00030  0.50   98909      29   98894  5332651  53.91
2000-2009       25      0.00033  0.00033  0.50   98880      33   98863  5233757  52.93
2000-2009       26      0.00031  0.00031  0.50   98847      30   98832  5134894  51.95
2000-2009       27      0.00034  0.00034  0.50   98817      34   98800  5036062  50.96
2000-2009       28      0.00038  0.00038  0.50   98783      38   98764  4937262  49.98
2000-2009       29      0.00043  0.00043  0.50   98745      42   98724  4838497  49.00
2000-2009       30      0.00046  0.00046  0.50   98703      45   98681  4739773  48.02
2000-2009       31      0.00047  0.00047  0.50   98658      47   98635  4641092  47.04
2000-2009       32      0.00060  0.00060  0.50   98611      60   98582  4542458  46.06
2000-2009       33      0.00064  0.00064  0.50   98552      63   98520  4443876  45.09
2000-2009       34      0.00071  0.00071  0.50   98489      70   98454  4345356  44.12
2000-2009       35      0.00086  0.00086  0.50   98419      85   98377  4246902  43.15
2000-2009       36      0.00092  0.00092  0.50   98334      90   98289  4148525  42.19
2000-2009       37      0.00116  0.00116  0.50   98244     114   98187  4050236  41.23
2000-2009       38      0.00125  0.00125  0.50   98130     122   98069  3952049  40.27
2000-2009       39      0.00153  0.00153  0.50   98008     150   97933  3853980  39.32
2000-2009       40      0.00171  0.00171  0.50   97858     168   97774  3756047  38.38
2000-2009       41      0.00206  0.00206  0.50   97690     201   97590  3658273  37.45
2000-2009       42      0.00226  0.00226  0.50   97489     220   97379  3560683  36.52
2000-2009       43      0.00261  0.00260  0.50   97269     253   97143  3463304  35.61
2000-2009       44      0.00284  0.00284  0.50   97016     276   96878  3366162  34.70
2000-2009       45      0.00323  0.00323  0.50   96740     312   96584  3269284  33.79
2000-2009       46      0.00354  0.00353  0.50   96428     341   96258  3172699  32.90
2000-2009       47      0.00393  0.00392  0.50   96087     377   95899  3076442  32.02
2000-2009       48      0.00453  0.00452  0.50   95711     432   95494  2980543  31.14
2000-2009       49      0.00470  0.00469  0.50   95278     447   95055  2885048  30.28
2000-2009       50      0.00497  0.00496  0.50   94831     471   94596  2789994  29.42
2000-2009       51      0.00547  0.00545  0.50   94361     514   94103  2695398  28.56
2000-2009       52      0.00591  0.00589  0.50   93846     553   93570  2601294  27.72
2000-2009       53      0.00626  0.00624  0.50   93293     582   93002  2507725  26.88
2000-2009       54      0.00650  0.00648  0.50   92711     601   92411  2414722  26.05
2000-2009       55      0.00696  0.00694  0.50   92110     639   91791  2322312  25.21
2000-2009       56      0.00752  0.00749  0.50   91472     686   91129  2230521  24.38
2000-2009       57      0.00788  0.00785  0.50   90786     712   90430  2139392  23.57
2000-2009       58      0.00861  0.00857  0.50   90074     772   89688  2048962  22.75
2000-2009       59      0.00891  0.00887  0.50   89302     792   88906  1959274  21.94
2000-2009       60      0.00987  0.00982  0.50   88509     869   88075  1870369  21.13
2000-2009       61      0.01044  0.01038  0.50   87640     910   87185  1782294  20.34
2000-2009       62      0.01132  0.01126  0.50   86730     976   86242  1695109  19.54
2000-2009       63      0.01229  0.01221  0.50   85754    1047   85230  1608867  18.76
2000-2009       64      0.01342  0.01333  0.50   84707    1129   84142  1523636  17.99
2000-2009       65      0.01421  0.01410  0.50   83577    1179   82988  1439494  17.22
2000-2009       66      0.01565  0.01553  0.50   82398    1279   81759  1356507  16.46
2000-2009       67      0.01727  0.01712  0.50   81119    1389   80425  1274748  15.71
2000-2009       68      0.01887  0.01870  0.50   79730    1491   78985  1194323  14.98
2000-2009       69      0.02104  0.02082  0.50   78240    1629   77425  1115338  14.26
2000-2009       70      0.02313  0.02286  0.50   76610    1752   75735  1037913  13.55
2000-2009       71      0.02566  0.02534  0.50   74859    1897   73911   962179  12.85
2000-2009       72      0.02854  0.02814  0.50   72962    2053   71936   888268  12.17
2000-2009       73      0.03159  0.03110  0.50   70909    2205   69806   816333  11.51
2000-2009       74      0.03547  0.03485  0.50   68704    2394   67506   746527  10.87
2000-2009       75      0.04021  0.03942  0.50   66309    2614   65002   679020  10.24
2000-2009       76      0.04393  0.04298  0.50   63695    2738   62326   614018   9.64
2000-2009       77      0.05031  0.04908  0.50   60958    2992   59462   551691   9.05
2000-2009       78      0.05630  0.05475  0.50   57966    3174   56379   492230   8.49
2000-2009       79      0.06298  0.06106  0.50   54792    3346   53119   435851   7.95
2000-2009       80      0.07192  0.06942  0.50   51446    3571   49661   382732   7.44
2000-2009       81      0.07991  0.07684  0.50   47875    3679   46036   333071   6.96
2000-2009       82      0.08986  0.08600  0.50   44196    3801   42296   287035   6.49
2000-2009       83      0.09999  0.09523  0.50   40396    3847   38472   244739   6.06
2000-2009       84      0.11075  0.10494  0.50   36549    3835   34631   206267   5.64
2000-2009       85      0.12489  0.11755  0.50   32713    3846   30791   171636   5.25
2000-2009       86      0.13950  0.13040  0.50   28868    3764   26986   140846   4.88
2000-2009       87      0.15530  0.14411  0.50   25103    3618   23295   113860   4.54
2000-2009       88      0.17186  0.15826  0.50   21486    3400   19786    90565   4.22
2000-2009       89      0.19245  0.17556  0.50   18085    3175   16498    70780   3.91
2000-2009       90      0.21163  0.19138  0.50   14910    2854   13484    54282   3.64
2000-2009       91      0.23279  0.20852  0.50   12057    2514   10800    40798   3.38
2000-2009       92      0.26262  0.23214  0.50    9543    2215    8435    29998   3.14
2000-2009       93      0.28253  0.24756  0.50    7328    1814    6421    21563   2.94
2000-2009       94      0.31429  0.27161  0.50    5514    1498    4765    15143   2.75
2000-2009       95      0.33452  0.28658  0.50    4016    1151    3441    10378   2.58
2000-2009       96      0.36299  0.30723  0.50    2865     880    2425     6937   2.42
2000-2009       97      0.39247  0.32808  0.50    1985     651    1659     4512   2.27
2000-2009       98      0.42274  0.34898  0.50    1334     465    1101     2853   2.14
2000-2009       99      0.45361  0.36975  0.50     868     321     708     1752   2.02
2000-2009      100      0.48484  0.39024  0.50     547     214     440     1044   1.91
2000-2009      101      0.51618  0.41029  0.50     334     137     265      604   1.81
2000-2009      102      0.54740  0.42977  0.50     197      85     154      339   1.72
2000-2009      103      0.57825  0.44856  0.50     112      50      87      184   1.64
2000-2009      104      0.60851  0.46656  0.50      62      29      47       97   1.57
2000-2009      105      0.63795  0.48367  0.50      33      16      25       50   1.51
2000-2009      106      0.66639  0.49984  0.50      17       9      13       25   1.45
2000-2009      107      0.69367  0.51504  0.50       9       4       6       12   1.40
2000-2009      108      0.71966  0.52923  0.50       4       2       3        6   1.36
2000-2009      109      0.74425  0.54241  0.50       2       1       1        3   1.33
2000-2009      110+     0.76739  1.00000  1.30       1       1       1        1   1.30
2010-2014        0      0.00461  0.00459  0.14  100000     459   99605  7874069  78.74
2010-2014        1      0.00031  0.00031  0.50   99541      31   99526  7774464  78.10
2010-2014        2      0.00020  0.00020  0.50   99510      20   99500  7674939  77.13
2010-2014        3      0.00012  0.00012  0.50   99490      12   99484  7575439  76.14
2010-2014        4      0.00017  0.00017  0.50   99478      17   99469  7475955  75.15
2010-2014        5      0.00011  0.00011  0.50   99461      11   99455  7376486  74.16
2010-2014        6      0.00008  0.00008  0.50   99450       8   99445  7277030  73.17
2010-2014        7      0.00008  0.00008  0.50   99441       8   99438  7177585  72.18
2010-2014        8      0.00009  0.00009  0.50   99434       9   99429  7078147  71.18
2010-2014        9      0.00008  0.00008  0.50   99425       8   99421  6978718  70.19
2010-2014       10      0.00010  0.00010  0.50   99417      10   99412  6879297  69.20
2010-2014       11      0.00007  0.00007  0.50   99406       7   99403  6779886  68.20
2010-2014       12      0.00007  0.00007  0.50   99399       7   99396  6680483  67.21
2010-2014       13      0.00013  0.00013  0.50   99392      13   99386  6581087  66.21
2010-2014       14      0.00011  0.00011  0.50   99379      11   99373  6481701  65.22
2010-2014       15      0.00016  0.00016  0.50   99368      16   99360  6382328  64.23
2010-2014       16      0.00020  0.00020  0.50   99352      19   99342  6282968  63.24
2010-2014       17      0.00020  0.00020  0.50   99333      20   99323  6183626  62.25
2010-2014       18      0.00020  0.00020  0.50   99313      19   99303  6084303  61.26
2010-2014       19      0.00021  0.00021  0.50   99294      21   99283  5984999  60.28
2010-2014       20      0.00021  0.00021  0.50   99273      21   99262  5885716  59.29
2010-2014       21      0.00017  0.00017  0.50   99252      17   99243  5786454  58.30
2010-2014       22      0.00024  0.00024  0.50   99235      23   99223  5687211  57.31
2010-2014       23      0.00022  0.00022  0.50   99211      22   99200  5587988  56.32
2010-2014       24      0.00022  0.00022  0.50   99190      22   99179  5488787  55.34
2010-2014       25      0.00028  0.00027  0.50   99168      27   99154  5389608  54.35
2010-2014       26      0.00028  0.00028  0.50   99141      28   99126  5290454  53.36
2010-2014       27      0.00029  0.00029  0.50   99112      29   99098  5191328  52.38
2010-2014       28      0.00029  0.00029  0.50   99083      29   99069  5092230  51.39
2010-2014       29      0.00037  0.00037  0.50   99054      36   99036  4993161  50.41
2010-2014       30      0.00033  0.00033  0.50   99018      33   99002  4894125  49.43
2010-2014       31      0.00040  0.00040  0.50   98985      40   98965  4795123  48.44
2010-2014       32      0.00042  0.00042  0.50   98945      42   98925  4696158  47.46
2010-2014       33      0.00047  0.00047  0.50   98904      46   98880  4597233  46.48
2010-2014       34      0.00049  0.00049  0.50   98857      48   98833  4498353  45.50
2010-2014       35      0.00063  0.00063  0.50   98809      62   98778  4399519  44.53
2010-2014       36      0.00062  0.00062  0.50   98748      62   98717  4300741  43.55
2010-2014       37      0.00068  0.00068  0.50   98686      67   98653  4202024  42.58
2010-2014       38      0.00083  0.00083  0.50   98619      82   98578  4103371  41.61
2010-2014       39      0.00094  0.00093  0.50   98537      92   98491  4004793  40.64
2010-2014       40      0.00108  0.00108  0.50   98445     106   98392  3906302  39.68
2010-2014       41      0.00126  0.00126  0.50   98339     124   98277  3807910  38.72
2010-2014       42      0.00145  0.00144  0.50   98215     142   98144  3709633  37.77
2010-2014       43      0.00152  0.00152  0.50   98073     149   97999  3611489  36.82
2010-2014       44      0.00190  0.00189  0.50   97924     186   97831  3513490  35.88
2010-2014       45      0.00217  0.00217  0.50   97738     212   97633  3415659  34.95
2010-2014       46      0.00255  0.00255  0.50   97527     248   97403  3318026  34.02
2010-2014       47      0.00283  0.00283  0.50   97278     275   97141  3220624  33.11
2010-2014       48      0.00329  0.00329  0.50   97003     319   96844  3123483  32.20
2010-2014       49      0.00376  0.00376  0.50   96685     363   96503  3026639  31.30
2010-2014       50      0.00428  0.00427  0.50   96321     411   96116  2930136  30.42
2010-2014       51      0.00453  0.00452  0.50   95910     434   95693  2834020  29.55
2010-2014       52      0.00491  0.00489  0.50   95476     467   95243  2738327  28.68
2010-2014       53      0.00544  0.00543  0.50   95009     516   94751  2643085  27.82
2010-2014       54      0.00592  0.00590  0.50   94493     558   94214  2548334  26.97
2010-2014       55      0.00624  0.00622  0.50   93936     584   93644  2454119  26.13
2010-2014       56      0.00708  0.00706  0.50   93351     659   93022  2360476  25.29
2010-2014       57      0.00739  0.00737  0.50   92693     683   92351  2267453  24.46
2010-2014       58      0.00795  0.00792  0.50   92010     728   91646  2175102  23.64
2010-2014       59      0.00879  0.00875  0.50   91282     799   90882  2083456  22.82
2010-2014       60      0.00934  0.00930  0.50   90483     842   90062  1992574  22.02
2010-2014       61      0.01024  0.01019  0.50   89641     913   89185  1902512  21.22
2010-2014       62      0.01089  0.01083  0.50   88728     961   88248  1813327  20.44
2010-2014       63      0.01156  0.01149  0.50   87768    1009   87263  1725079  19.66
2010-2014       64      0.01232  0.01225  0.50   86759    1063   86227  1637815  18.88
2010-2014       65      0.01342  0.01333  0.50   85696    1142   85125  1551588  18.11
2010-2014       66      0.01411  0.01401  0.50   84554    1184   83962  1466463  17.34
2010-2014       67      0.01529  0.01517  0.50   83369    1265   82737  1382501  16.58
2010-2014       68      0.01660  0.01646  0.50   82104    1352   81429  1299765  15.83
2010-2014       69      0.01799  0.01783  0.50   80753    1439   80033  1218336  15.09
2010-2014       70      0.02036  0.02016  0.50   79313    1599   78514  1138303  14.35
2010-2014       71      0.02171  0.02148  0.50   77715    1669   76880  1059789  13.64
2010-2014       72      0.02404  0.02375  0.50   76046    1806   75142   982908  12.93
2010-2014       73      0.02688  0.02652  0.50   74239    1969   73255   907766  12.23
2010-2014       74      0.03015  0.02970  0.50   72270    2146   71197   834511  11.55
2010-2014       75      0.03353  0.03298  0.50   70124    2312   68968   763314  10.89
2010-2014       76      0.03830  0.03758  0.50   67812    2549   66537   694346  10.24
2010-2014       77      0.04258  0.04169  0.50   65263    2721   63903   627809   9.62
2010-2014       78      0.04819  0.04706  0.50   62542    2943   61071   563906   9.02
2010-2014       79      0.05503  0.05355  0.50   59599    3192   58003   502836   8.44
2010-2014       80      0.06240  0.06051  0.50   56407    3413   54701   444832   7.89
2010-2014       81      0.07084  0.06841  0.50   52994    3626   51181   390132   7.36
2010-2014       82      0.08066  0.07754  0.50   49369    3828   47455   338950   6.87
2010-2014       83      0.09176  0.08773  0.50   45541    3995   43543   291496   6.40
2010-2014       84      0.10140  0.09651  0.50   41545    4009   39541   247952   5.97
2010-2014       85      0.11582  0.10948  0.50   37536    4110   35481   208412   5.55
2010-2014       86      0.13000  0.12206  0.50   33426    4080   31386   172931   5.17
2010-2014       87      0.14499  0.13519  0.50   29346    3967   27363   141544   4.82
2010-2014       88      0.16081  0.14885  0.50   25379    3778   23490   114182   4.50
2010-2014       89      0.17184  0.15824  0.50   21601    3418   19892    90691   4.20
2010-2014       90      0.19668  0.17907  0.50   18183    3256   16555    70799   3.89
2010-2014       91      0.21662  0.19545  0.50   14927    2918   13468    54244   3.63
2010-2014       92      0.23197  0.20786  0.50   12010    2496   10761    40776   3.40
2010-2014       93      0.25530  0.22640  0.50    9513    2154    8436    30014   3.15
2010-2014       94      0.27595  0.24249  0.50    7359    1785    6467    21578   2.93
2010-2014       95      0.31422  0.27155  0.50    5575    1514    4818    15111   2.71
2010-2014       96      0.34221  0.29221  0.50    4061    1187    3468    10293   2.53
2010-2014       97      0.37135  0.31320  0.50    2874     900    2424     6825   2.37
2010-2014       98      0.40146  0.33435  0.50    1974     660    1644     4401   2.23
2010-2014       99      0.43233  0.35549  0.50    1314     467    1080     2757   2.10
2010-2014      100      0.46373  0.37645  0.50     847     319     688     1676   1.98
2010-2014      101      0.49543  0.39707  0.50     528     210     423      989   1.87
2010-2014      102      0.52716  0.41719  0.50     318     133     252      566   1.78
2010-2014      103      0.55867  0.43669  0.50     186      81     145      314   1.69
2010-2014      104      0.58972  0.45543  0.50     105      48      81      169   1.61
2010-2014      105      0.62006  0.47332  0.50      57      27      43       88   1.54
2010-2014      106      0.64950  0.49028  0.50      30      15      23       44   1.48
2010-2014      107      0.67784  0.50626  0.50      15       8      11       22   1.43
2010-2014      108      0.70493  0.52122  0.50       8       4       6       10   1.38
2010-2014      109      0.73065  0.53515  0.50       4       2       3        5   1.35
2010-2014      110+     0.75491  1.00000  1.32       2       2       2        2   1.32
