Ireland, Life tables (period 1x10), Females	Last modified: 26 Sep 2017;  Methods Protocol: v6 (2017)

  Year          Age         mx       qx    ax      lx      dx      Lx       Tx     ex
1950-1959        0      0.03390  0.03298  0.18  100000    3298   97289  6933882  69.34
1950-1959        1      0.00299  0.00298  0.50   96702     288   96557  6836593  70.70
1950-1959        2      0.00164  0.00163  0.50   96413     158   96335  6740036  69.91
1950-1959        3      0.00110  0.00110  0.50   96256     106   96203  6643701  69.02
1950-1959        4      0.00092  0.00092  0.50   96150      89   96106  6547498  68.10
1950-1959        5      0.00079  0.00079  0.50   96061      75   96024  6451392  67.16
1950-1959        6      0.00066  0.00066  0.50   95986      63   95954  6355369  66.21
1950-1959        7      0.00057  0.00057  0.50   95922      55   95895  6259414  65.25
1950-1959        8      0.00048  0.00048  0.50   95868      46   95845  6163519  64.29
1950-1959        9      0.00037  0.00037  0.50   95821      36   95804  6067675  63.32
1950-1959       10      0.00045  0.00045  0.50   95786      43   95765  5971871  62.35
1950-1959       11      0.00043  0.00043  0.50   95743      41   95722  5876107  61.37
1950-1959       12      0.00045  0.00045  0.50   95702      43   95680  5780384  60.40
1950-1959       13      0.00047  0.00047  0.50   95659      45   95636  5684704  59.43
1950-1959       14      0.00061  0.00061  0.50   95614      58   95585  5589067  58.45
1950-1959       15      0.00065  0.00065  0.50   95556      62   95525  5493482  57.49
1950-1959       16      0.00080  0.00080  0.50   95494      76   95456  5397958  56.53
1950-1959       17      0.00079  0.00079  0.50   95418      76   95380  5302502  55.57
1950-1959       18      0.00085  0.00085  0.50   95342      81   95301  5207122  54.62
1950-1959       19      0.00090  0.00090  0.50   95261      85   95218  5111821  53.66
1950-1959       20      0.00108  0.00108  0.50   95175     103   95124  5016603  52.71
1950-1959       21      0.00106  0.00105  0.50   95073     100   95023  4921479  51.77
1950-1959       22      0.00113  0.00113  0.50   94972     108   94919  4826456  50.82
1950-1959       23      0.00139  0.00139  0.50   94865     131   94799  4731537  49.88
1950-1959       24      0.00138  0.00137  0.50   94733     130   94668  4636738  48.95
1950-1959       25      0.00132  0.00132  0.50   94603     125   94541  4542070  48.01
1950-1959       26      0.00143  0.00143  0.50   94478     135   94411  4447529  47.07
1950-1959       27      0.00146  0.00146  0.50   94344     137   94275  4353118  46.14
1950-1959       28      0.00167  0.00167  0.50   94206     157   94128  4258843  45.21
1950-1959       29      0.00184  0.00184  0.50   94049     173   93963  4164716  44.28
1950-1959       30      0.00200  0.00200  0.50   93876     188   93782  4070753  43.36
1950-1959       31      0.00166  0.00166  0.50   93688     155   93611  3976971  42.45
1950-1959       32      0.00213  0.00213  0.50   93533     199   93434  3883360  41.52
1950-1959       33      0.00194  0.00193  0.50   93334     181   93244  3789927  40.61
1950-1959       34      0.00214  0.00214  0.50   93154     199   93054  3696682  39.68
1950-1959       35      0.00242  0.00242  0.50   92955     225   92842  3603628  38.77
1950-1959       36      0.00245  0.00245  0.50   92730     227   92617  3510786  37.86
1950-1959       37      0.00229  0.00229  0.50   92503     212   92397  3418169  36.95
1950-1959       38      0.00338  0.00337  0.50   92291     311   92136  3325772  36.04
1950-1959       39      0.00279  0.00279  0.50   91980     257   91852  3233637  35.16
1950-1959       40      0.00373  0.00373  0.50   91724     342   91553  3141785  34.25
1950-1959       41      0.00250  0.00249  0.50   91382     228   91268  3050232  33.38
1950-1959       42      0.00394  0.00393  0.50   91154     358   90975  2958964  32.46
1950-1959       43      0.00358  0.00357  0.50   90795     325   90633  2867990  31.59
1950-1959       44      0.00352  0.00351  0.50   90471     318   90312  2777357  30.70
1950-1959       45      0.00448  0.00447  0.50   90153     403   89951  2687045  29.81
1950-1959       46      0.00466  0.00465  0.50   89750     417   89541  2597093  28.94
1950-1959       47      0.00446  0.00445  0.50   89333     398   89134  2507552  28.07
1950-1959       48      0.00579  0.00577  0.50   88935     513   88678  2418418  27.19
1950-1959       49      0.00520  0.00518  0.50   88422     458   88193  2329739  26.35
1950-1959       50      0.00884  0.00880  0.50   87964     774   87577  2241547  25.48
1950-1959       51      0.00538  0.00537  0.50   87190     468   86956  2153970  24.70
1950-1959       52      0.00817  0.00814  0.50   86722     706   86369  2067014  23.83
1950-1959       53      0.00808  0.00805  0.50   86016     692   85670  1980646  23.03
1950-1959       54      0.00924  0.00920  0.50   85323     785   84931  1894976  22.21
1950-1959       55      0.00906  0.00902  0.50   84539     763   84157  1810045  21.41
1950-1959       56      0.01188  0.01181  0.50   83776     990   83281  1725887  20.60
1950-1959       57      0.00971  0.00967  0.50   82787     800   82386  1642606  19.84
1950-1959       58      0.01331  0.01322  0.50   81986    1084   81444  1560220  19.03
1950-1959       59      0.01095  0.01089  0.50   80902     881   80462  1478776  18.28
1950-1959       60      0.02154  0.02131  0.50   80021    1705   79169  1398314  17.47
1950-1959       61      0.01286  0.01277  0.50   78316    1000   77816  1319145  16.84
1950-1959       62      0.01864  0.01847  0.50   77316    1428   76602  1241330  16.06
1950-1959       63      0.01909  0.01891  0.50   75888    1435   75170  1164728  15.35
1950-1959       64      0.02258  0.02232  0.50   74453    1662   73622  1089558  14.63
1950-1959       65      0.02846  0.02806  0.50   72791    2043   71769  1015936  13.96
1950-1959       66      0.02169  0.02146  0.50   70748    1518   69989   944167  13.35
1950-1959       67      0.02418  0.02389  0.50   69230    1654   68403   874178  12.63
1950-1959       68      0.03325  0.03271  0.50   67576    2210   66471   805775  11.92
1950-1959       69      0.03128  0.03080  0.50   65366    2013   64359   739304  11.31
1950-1959       70      0.04800  0.04687  0.50   63352    2969   61868   674946  10.65
1950-1959       71      0.03838  0.03765  0.50   60383    2274   59246   613078  10.15
1950-1959       72      0.05356  0.05216  0.50   58109    3031   56594   553832   9.53
1950-1959       73      0.05693  0.05536  0.50   55078    3049   53554   497238   9.03
1950-1959       74      0.06612  0.06400  0.50   52029    3330   50364   443685   8.53
1950-1959       75      0.07485  0.07215  0.50   48699    3514   46942   393320   8.08
1950-1959       76      0.07966  0.07661  0.50   45186    3462   43455   346378   7.67
1950-1959       77      0.07698  0.07412  0.50   41724    3093   40178   302923   7.26
1950-1959       78      0.09645  0.09201  0.50   38631    3554   36854   262745   6.80
1950-1959       79      0.08700  0.08337  0.50   35077    2924   33615   225891   6.44
1950-1959       80      0.13392  0.12551  0.50   32153    4036   30135   192277   5.98
1950-1959       81      0.09627  0.09185  0.50   28117    2583   26826   162142   5.77
1950-1959       82      0.13476  0.12625  0.50   25534    3224   23922   135316   5.30
1950-1959       83      0.13839  0.12943  0.50   22311    2888   20867   111394   4.99
1950-1959       84      0.17548  0.16132  0.50   19423    3133   17856    90527   4.66
1950-1959       85      0.17556  0.16139  0.50   16289    2629   14975    72671   4.46
1950-1959       86      0.20892  0.18916  0.50   13660    2584   12368    57696   4.22
1950-1959       87      0.20709  0.18766  0.50   11076    2079   10037    45327   4.09
1950-1959       88      0.20697  0.18756  0.50    8998    1688    8154    35290   3.92
1950-1959       89      0.20374  0.18491  0.50    7310    1352    6634    27136   3.71
1950-1959       90      0.28333  0.24817  0.50    5959    1479    5219    20502   3.44
1950-1959       91      0.21066  0.19059  0.50    4480     854    4053    15283   3.41
1950-1959       92      0.27316  0.24033  0.50    3626     871    3190    11230   3.10
1950-1959       93      0.29186  0.25469  0.50    2755     702    2404     8039   2.92
1950-1959       94      0.31676  0.27345  0.50    2053     561    1772     5636   2.75
1950-1959       95      0.34559  0.29467  0.50    1492     440    1272     3863   2.59
1950-1959       96      0.36698  0.31008  0.50    1052     326     889     2591   2.46
1950-1959       97      0.38890  0.32559  0.50     726     236     608     1703   2.35
1950-1959       98      0.41129  0.34114  0.50     490     167     406     1095   2.24
1950-1959       99      0.43405  0.35665  0.50     323     115     265      689   2.14
1950-1959      100      0.45709  0.37206  0.50     207      77     169      424   2.04
1950-1959      101      0.48032  0.38730  0.50     130      50     105      255   1.96
1950-1959      102      0.50363  0.40232  0.50      80      32      64      150   1.88
1950-1959      103      0.52693  0.41705  0.50      48      20      38       86   1.80
1950-1959      104      0.55011  0.43144  0.50      28      12      22       48   1.74
1950-1959      105      0.57307  0.44544  0.50      16       7      12       26   1.68
1950-1959      106      0.59572  0.45900  0.50       9       4       7       14   1.62
1950-1959      107      0.61798  0.47210  0.50       5       2       4        7   1.57
1950-1959      108      0.63974  0.48470  0.50       3       1       2        4   1.53
1950-1959      109      0.66095  0.49678  0.50       1       1       1        2   1.49
1950-1959      110+     0.68153  1.00000  1.47       1       1       1        1   1.47
1960-1969        0      0.02299  0.02254  0.14  100000    2254   98052  7257653  72.58
1960-1969        1      0.00152  0.00152  0.50   97746     149   97671  7159601  73.25
1960-1969        2      0.00099  0.00099  0.50   97597      96   97549  7061930  72.36
1960-1969        3      0.00071  0.00071  0.50   97501      69   97466  6964381  71.43
1960-1969        4      0.00048  0.00048  0.50   97432      46   97408  6866915  70.48
1960-1969        5      0.00046  0.00046  0.50   97385      45   97363  6769506  69.51
1960-1969        6      0.00044  0.00044  0.50   97340      42   97319  6672144  68.54
1960-1969        7      0.00028  0.00028  0.50   97298      27   97284  6574825  67.57
1960-1969        8      0.00036  0.00036  0.50   97271      35   97253  6477540  66.59
1960-1969        9      0.00030  0.00030  0.50   97236      29   97221  6380287  65.62
1960-1969       10      0.00029  0.00029  0.50   97206      28   97192  6283066  64.64
1960-1969       11      0.00030  0.00030  0.50   97178      29   97164  6185874  63.66
1960-1969       12      0.00028  0.00028  0.50   97149      27   97135  6088711  62.67
1960-1969       13      0.00024  0.00024  0.50   97122      24   97110  5991575  61.69
1960-1969       14      0.00028  0.00028  0.50   97098      28   97084  5894465  60.71
1960-1969       15      0.00031  0.00031  0.50   97070      30   97055  5797381  59.72
1960-1969       16      0.00029  0.00029  0.50   97040      28   97026  5700326  58.74
1960-1969       17      0.00042  0.00042  0.50   97013      41   96992  5603299  57.76
1960-1969       18      0.00035  0.00035  0.50   96971      34   96954  5506307  56.78
1960-1969       19      0.00050  0.00050  0.50   96937      48   96913  5409353  55.80
1960-1969       20      0.00050  0.00050  0.50   96889      48   96865  5312440  54.83
1960-1969       21      0.00045  0.00045  0.50   96840      44   96818  5215575  53.86
1960-1969       22      0.00056  0.00056  0.50   96796      54   96769  5118757  52.88
1960-1969       23      0.00064  0.00064  0.50   96742      62   96711  5021988  51.91
1960-1969       24      0.00055  0.00055  0.50   96680      53   96654  4925276  50.94
1960-1969       25      0.00066  0.00066  0.50   96627      64   96595  4828623  49.97
1960-1969       26      0.00059  0.00059  0.50   96563      57   96534  4732028  49.00
1960-1969       27      0.00076  0.00076  0.50   96506      73   96469  4635493  48.03
1960-1969       28      0.00079  0.00079  0.50   96432      76   96394  4539024  47.07
1960-1969       29      0.00086  0.00086  0.50   96356      83   96315  4442630  46.11
1960-1969       30      0.00113  0.00113  0.50   96274     109   96219  4346315  45.15
1960-1969       31      0.00086  0.00086  0.50   96164      83   96123  4250096  44.20
1960-1969       32      0.00118  0.00118  0.50   96082     113   96025  4153973  43.23
1960-1969       33      0.00114  0.00113  0.50   95968     109   95914  4057948  42.28
1960-1969       34      0.00129  0.00129  0.50   95859     124   95797  3962034  41.33
1960-1969       35      0.00139  0.00139  0.50   95735     133   95669  3866237  40.38
1960-1969       36      0.00160  0.00160  0.50   95602     153   95526  3770568  39.44
1960-1969       37      0.00137  0.00137  0.50   95449     130   95384  3675042  38.50
1960-1969       38      0.00185  0.00184  0.50   95319     176   95231  3579658  37.55
1960-1969       39      0.00183  0.00183  0.50   95143     174   95056  3484427  36.62
1960-1969       40      0.00246  0.00246  0.50   94969     234   94852  3389371  35.69
1960-1969       41      0.00193  0.00193  0.50   94736     183   94644  3294519  34.78
1960-1969       42      0.00291  0.00290  0.50   94553     274   94415  3199875  33.84
1960-1969       43      0.00269  0.00269  0.50   94278     253   94152  3105459  32.94
1960-1969       44      0.00267  0.00266  0.50   94025     250   93900  3011308  32.03
1960-1969       45      0.00371  0.00370  0.50   93774     347   93601  2917408  31.11
1960-1969       46      0.00356  0.00355  0.50   93427     332   93261  2823807  30.22
1960-1969       47      0.00387  0.00386  0.50   93095     359   92915  2730546  29.33
1960-1969       48      0.00447  0.00446  0.50   92736     413   92529  2637630  28.44
1960-1969       49      0.00467  0.00466  0.50   92322     430   92107  2545101  27.57
1960-1969       50      0.00678  0.00676  0.50   91892     621   91582  2452994  26.69
1960-1969       51      0.00482  0.00480  0.50   91271     439   91052  2361412  25.87
1960-1969       52      0.00720  0.00718  0.50   90833     652   90507  2270360  24.99
1960-1969       53      0.00658  0.00656  0.50   90181     592   89885  2179854  24.17
1960-1969       54      0.00797  0.00794  0.50   89589     711   89234  2089969  23.33
1960-1969       55      0.00728  0.00725  0.50   88878     644   88556  2000735  22.51
1960-1969       56      0.00931  0.00927  0.50   88234     818   87825  1912179  21.67
1960-1969       57      0.00865  0.00861  0.50   87416     753   87039  1824354  20.87
1960-1969       58      0.01097  0.01091  0.50   86663     946   86190  1737315  20.05
1960-1969       59      0.01015  0.01010  0.50   85717     866   85284  1651125  19.26
1960-1969       60      0.01624  0.01611  0.50   84852    1367   84168  1565840  18.45
1960-1969       61      0.01113  0.01106  0.50   83485     924   83023  1481672  17.75
1960-1969       62      0.01669  0.01655  0.50   82561    1367   81878  1398650  16.94
1960-1969       63      0.01666  0.01653  0.50   81194    1342   80523  1316772  16.22
1960-1969       64      0.01906  0.01888  0.50   79853    1508   79099  1236248  15.48
1960-1969       65      0.02382  0.02354  0.50   78345    1844   77423  1157150  14.77
1960-1969       66      0.01985  0.01966  0.50   76500    1504   75749  1079727  14.11
1960-1969       67      0.02205  0.02180  0.50   74997    1635   74179  1003979  13.39
1960-1969       68      0.02857  0.02816  0.50   73361    2066   72328   929800  12.67
1960-1969       69      0.02833  0.02793  0.50   71295    1991   70300   857471  12.03
1960-1969       70      0.04158  0.04073  0.50   69304    2823   67892   787172  11.36
1960-1969       71      0.03109  0.03061  0.50   66481    2035   65463   719280  10.82
1960-1969       72      0.04661  0.04555  0.50   64446    2935   62978   653816  10.15
1960-1969       73      0.04845  0.04731  0.50   61510    2910   60055   590838   9.61
1960-1969       74      0.05766  0.05604  0.50   58601    3284   56959   530783   9.06
1960-1969       75      0.06442  0.06241  0.50   55316    3452   53590   473824   8.57
1960-1969       76      0.07132  0.06886  0.50   51864    3571   50079   420234   8.10
1960-1969       77      0.06798  0.06574  0.50   48293    3175   46705   370155   7.66
1960-1969       78      0.08545  0.08195  0.50   45118    3697   43269   323450   7.17
1960-1969       79      0.07917  0.07615  0.50   41421    3154   39843   280180   6.76
1960-1969       80      0.12034  0.11351  0.50   38266    4344   36094   240337   6.28
1960-1969       81      0.09032  0.08642  0.50   33923    2932   32457   204242   6.02
1960-1969       82      0.11988  0.11310  0.50   30991    3505   29238   171786   5.54
1960-1969       83      0.12959  0.12170  0.50   27486    3345   25813   142547   5.19
1960-1969       84      0.16296  0.15068  0.50   24141    3638   22322   116734   4.84
1960-1969       85      0.16377  0.15137  0.50   20503    3104   18951    94412   4.60
1960-1969       86      0.18797  0.17182  0.50   17400    2990   15905    75460   4.34
1960-1969       87      0.18957  0.17316  0.50   14410    2495   13162    59556   4.13
1960-1969       88      0.21552  0.19455  0.50   11915    2318   10756    46393   3.89
1960-1969       89      0.20861  0.18890  0.50    9597    1813    8690    35638   3.71
1960-1969       90      0.27013  0.23799  0.50    7784    1852    6858    26947   3.46
1960-1969       91      0.21316  0.19263  0.50    5931    1143    5360    20090   3.39
1960-1969       92      0.27185  0.23932  0.50    4789    1146    4216    14730   3.08
1960-1969       93      0.29005  0.25331  0.50    3643     923    3181    10514   2.89
1960-1969       94      0.31952  0.27551  0.50    2720     749    2345     7332   2.70
1960-1969       95      0.35154  0.29899  0.50    1971     589    1676     4987   2.53
1960-1969       96      0.37544  0.31610  0.50    1381     437    1163     3311   2.40
1960-1969       97      0.39996  0.33330  0.50     945     315     787     2148   2.27
1960-1969       98      0.42499  0.35051  0.50     630     221     519     1361   2.16
1960-1969       99      0.45041  0.36762  0.50     409     150     334      841   2.06
1960-1969      100      0.47609  0.38455  0.50     259      99     209      507   1.96
1960-1969      101      0.50190  0.40121  0.50     159      64     127      298   1.87
1960-1969      102      0.52770  0.41753  0.50      95      40      75      171   1.79
1960-1969      103      0.55335  0.43343  0.50      56      24      43       96   1.72
1960-1969      104      0.57872  0.44885  0.50      31      14      24       52   1.65
1960-1969      105      0.60369  0.46372  0.50      17       8      13       28   1.59
1960-1969      106      0.62812  0.47800  0.50       9       4       7       14   1.54
1960-1969      107      0.65192  0.49166  0.50       5       2       4        7   1.49
1960-1969      108      0.67498  0.50466  0.50       2       1       2        4   1.45
1960-1969      109      0.69722  0.51699  0.50       1       1       1        2   1.41
1960-1969      110+     0.71858  1.00000  1.39       1       1       1        1   1.39
1970-1979        0      0.01493  0.01473  0.12  100000    1473   98701  7425316  74.25
1970-1979        1      0.00113  0.00113  0.50   98527     111   98471  7326615  74.36
1970-1979        2      0.00069  0.00069  0.50   98416      68   98382  7228144  73.45
1970-1979        3      0.00050  0.00050  0.50   98348      49   98324  7129762  72.50
1970-1979        4      0.00040  0.00040  0.50   98299      39   98280  7031438  71.53
1970-1979        5      0.00030  0.00030  0.50   98260      30   98245  6933158  70.56
1970-1979        6      0.00031  0.00031  0.50   98230      30   98215  6834913  69.58
1970-1979        7      0.00025  0.00025  0.50   98200      25   98188  6736697  68.60
1970-1979        8      0.00027  0.00027  0.50   98175      27   98162  6638509  67.62
1970-1979        9      0.00025  0.00025  0.50   98149      24   98137  6540347  66.64
1970-1979       10      0.00017  0.00017  0.50   98124      16   98116  6442211  65.65
1970-1979       11      0.00023  0.00023  0.50   98108      23   98096  6344095  64.66
1970-1979       12      0.00021  0.00021  0.50   98085      21   98075  6245998  63.68
1970-1979       13      0.00025  0.00025  0.50   98064      24   98052  6147924  62.69
1970-1979       14      0.00025  0.00025  0.50   98040      24   98028  6049872  61.71
1970-1979       15      0.00028  0.00028  0.50   98016      27   98002  5951844  60.72
1970-1979       16      0.00042  0.00042  0.50   97988      42   97968  5853842  59.74
1970-1979       17      0.00038  0.00038  0.50   97947      37   97928  5755874  58.77
1970-1979       18      0.00040  0.00040  0.50   97910      39   97890  5657946  57.79
1970-1979       19      0.00039  0.00039  0.50   97870      39   97851  5560055  56.81
1970-1979       20      0.00046  0.00046  0.50   97832      45   97809  5462204  55.83
1970-1979       21      0.00044  0.00044  0.50   97787      43   97766  5364395  54.86
1970-1979       22      0.00048  0.00048  0.50   97744      47   97721  5266629  53.88
1970-1979       23      0.00040  0.00040  0.50   97697      39   97677  5168909  52.91
1970-1979       24      0.00050  0.00050  0.50   97658      49   97633  5071231  51.93
1970-1979       25      0.00050  0.00050  0.50   97609      49   97585  4973598  50.95
1970-1979       26      0.00050  0.00050  0.50   97560      49   97536  4876013  49.98
1970-1979       27      0.00048  0.00048  0.50   97512      47   97488  4778477  49.00
1970-1979       28      0.00067  0.00067  0.50   97465      66   97432  4680989  48.03
1970-1979       29      0.00062  0.00062  0.50   97399      60   97369  4583556  47.06
1970-1979       30      0.00061  0.00061  0.50   97339      59   97310  4486187  46.09
1970-1979       31      0.00067  0.00067  0.50   97280      65   97248  4388877  45.12
1970-1979       32      0.00069  0.00069  0.50   97215      67   97182  4291629  44.15
1970-1979       33      0.00070  0.00070  0.50   97148      68   97114  4194448  43.18
1970-1979       34      0.00087  0.00087  0.50   97080      84   97038  4097334  42.21
1970-1979       35      0.00093  0.00093  0.50   96995      91   96950  4000296  41.24
1970-1979       36      0.00113  0.00113  0.50   96905     110   96850  3903346  40.28
1970-1979       37      0.00105  0.00105  0.50   96795     102   96745  3806496  39.33
1970-1979       38      0.00153  0.00153  0.50   96694     148   96620  3709751  38.37
1970-1979       39      0.00134  0.00134  0.50   96546     129   96481  3613132  37.42
1970-1979       40      0.00184  0.00184  0.50   96416     177   96328  3516651  36.47
1970-1979       41      0.00178  0.00178  0.50   96239     172   96153  3420323  35.54
1970-1979       42      0.00237  0.00237  0.50   96068     228   95954  3324170  34.60
1970-1979       43      0.00192  0.00192  0.50   95840     184   95748  3228216  33.68
1970-1979       44      0.00249  0.00249  0.50   95656     238   95537  3132468  32.75
1970-1979       45      0.00300  0.00300  0.50   95418     286   95275  3036931  31.83
1970-1979       46      0.00337  0.00337  0.50   95132     320   94972  2941656  30.92
1970-1979       47      0.00341  0.00340  0.50   94812     323   94650  2846685  30.02
1970-1979       48      0.00409  0.00408  0.50   94489     386   94296  2752034  29.13
1970-1979       49      0.00431  0.00430  0.50   94104     405   93901  2657738  28.24
1970-1979       50      0.00563  0.00562  0.50   93699     526   93435  2563837  27.36
1970-1979       51      0.00450  0.00449  0.50   93172     418   92963  2470402  26.51
1970-1979       52      0.00612  0.00610  0.50   92754     566   92471  2377438  25.63
1970-1979       53      0.00639  0.00637  0.50   92188     587   91895  2284967  24.79
1970-1979       54      0.00701  0.00699  0.50   91601     640   91281  2193073  23.94
1970-1979       55      0.00706  0.00704  0.50   90961     640   90641  2101792  23.11
1970-1979       56      0.00853  0.00849  0.50   90321     767   89937  2011151  22.27
1970-1979       57      0.00885  0.00881  0.50   89554     789   89160  1921213  21.45
1970-1979       58      0.00992  0.00987  0.50   88765     876   88327  1832054  20.64
1970-1979       59      0.01002  0.00997  0.50   87889     876   87451  1743726  19.84
1970-1979       60      0.01475  0.01465  0.50   87013    1274   86376  1656275  19.03
1970-1979       61      0.01115  0.01109  0.50   85739     951   85263  1569899  18.31
1970-1979       62      0.01493  0.01482  0.50   84788    1256   84159  1484636  17.51
1970-1979       63      0.01539  0.01528  0.50   83531    1276   82893  1400477  16.77
1970-1979       64      0.01698  0.01684  0.50   82255    1385   81563  1317584  16.02
1970-1979       65      0.02000  0.01980  0.50   80870    1601   80069  1236021  15.28
1970-1979       66      0.01832  0.01815  0.50   79269    1439   78549  1155952  14.58
1970-1979       67      0.02179  0.02156  0.50   77830    1678   76991  1077402  13.84
1970-1979       68      0.02709  0.02673  0.50   76152    2035   75134  1000412  13.14
1970-1979       69      0.02785  0.02747  0.50   74117    2036   73099   925277  12.48
1970-1979       70      0.03804  0.03733  0.50   72081    2691   70735   852179  11.82
1970-1979       71      0.03058  0.03012  0.50   69390    2090   68345   781443  11.26
1970-1979       72      0.03985  0.03907  0.50   67300    2629   65986   713098  10.60
1970-1979       73      0.04559  0.04458  0.50   64671    2883   63230   647113  10.01
1970-1979       74      0.05187  0.05056  0.50   61788    3124   60226   583883   9.45
1970-1979       75      0.05813  0.05648  0.50   58664    3314   57007   523657   8.93
1970-1979       76      0.06499  0.06294  0.50   55351    3484   53609   466650   8.43
1970-1979       77      0.06283  0.06092  0.50   51867    3160   50287   413041   7.96
1970-1979       78      0.07995  0.07687  0.50   48707    3744   46835   362754   7.45
1970-1979       79      0.07653  0.07371  0.50   44963    3314   43306   315919   7.03
1970-1979       80      0.10903  0.10339  0.50   41649    4306   39495   272613   6.55
1970-1979       81      0.08433  0.08092  0.50   37342    3022   35832   233118   6.24
1970-1979       82      0.11219  0.10623  0.50   34321    3646   32498   197286   5.75
1970-1979       83      0.12477  0.11744  0.50   30675    3603   28873   164789   5.37
1970-1979       84      0.15176  0.14106  0.50   27072    3819   25163   135915   5.02
1970-1979       85      0.14932  0.13895  0.50   23253    3231   21638   110752   4.76
1970-1979       86      0.18390  0.16841  0.50   20022    3372   18336    89115   4.45
1970-1979       87      0.17704  0.16264  0.50   16650    2708   15296    70778   4.25
1970-1979       88      0.20045  0.18219  0.50   13942    2540   12672    55482   3.98
1970-1979       89      0.21133  0.19113  0.50   11402    2179   10313    42810   3.75
1970-1979       90      0.24124  0.21527  0.50    9223    1985    8230    32497   3.52
1970-1979       91      0.22567  0.20279  0.50    7237    1468    6504    24267   3.35
1970-1979       92      0.27010  0.23796  0.50    5770    1373    5083    17763   3.08
1970-1979       93      0.29511  0.25716  0.50    4397    1131    3831    12680   2.88
1970-1979       94      0.31718  0.27376  0.50    3266     894    2819     8849   2.71
1970-1979       95      0.34770  0.29620  0.50    2372     703    2021     6030   2.54
1970-1979       96      0.37269  0.31415  0.50    1669     524    1407     4009   2.40
1970-1979       97      0.39839  0.33221  0.50    1145     380     955     2602   2.27
1970-1979       98      0.42465  0.35028  0.50     765     268     631     1647   2.15
1970-1979       99      0.45135  0.36825  0.50     497     183     405     1016   2.05
1970-1979      100      0.47834  0.38601  0.50     314     121     253      611   1.95
1970-1979      101      0.50544  0.40348  0.50     193      78     154      358   1.86
1970-1979      102      0.53252  0.42055  0.50     115      48      91      204   1.78
1970-1979      103      0.55941  0.43714  0.50      67      29      52      113   1.70
1970-1979      104      0.58595  0.45318  0.50      37      17      29       61   1.63
1970-1979      105      0.61200  0.46861  0.50      20      10      16       32   1.57
1970-1979      106      0.63743  0.48337  0.50      11       5       8       17   1.52
1970-1979      107      0.66211  0.49743  0.50       6       3       4        8   1.47
1970-1979      108      0.68594  0.51076  0.50       3       1       2        4   1.42
1970-1979      109      0.70883  0.52335  0.50       1       1       1        2   1.39
1970-1979      110+     0.73070  1.00000  1.37       1       1       1        1   1.37
1980-1989        0      0.00849  0.00843  0.13  100000     843   99268  7652658  76.53
1980-1989        1      0.00066  0.00066  0.50   99157      65   99125  7553390  76.18
1980-1989        2      0.00043  0.00043  0.50   99092      43   99070  7454265  75.23
1980-1989        3      0.00033  0.00033  0.50   99049      32   99033  7355195  74.26
1980-1989        4      0.00031  0.00031  0.50   99017      31   99001  7256162  73.28
1980-1989        5      0.00026  0.00026  0.50   98986      26   98973  7157160  72.30
1980-1989        6      0.00018  0.00018  0.50   98960      18   98951  7058187  71.32
1980-1989        7      0.00016  0.00016  0.50   98942      16   98934  6959236  70.34
1980-1989        8      0.00017  0.00017  0.50   98926      17   98917  6860303  69.35
1980-1989        9      0.00016  0.00016  0.50   98909      15   98901  6761385  68.36
1980-1989       10      0.00015  0.00015  0.50   98894      15   98886  6662484  67.37
1980-1989       11      0.00014  0.00014  0.50   98879      14   98872  6563597  66.38
1980-1989       12      0.00020  0.00020  0.50   98865      19   98855  6464725  65.39
1980-1989       13      0.00017  0.00017  0.50   98846      17   98837  6365870  64.40
1980-1989       14      0.00023  0.00023  0.50   98829      23   98817  6267033  63.41
1980-1989       15      0.00021  0.00021  0.50   98806      21   98796  6168215  62.43
1980-1989       16      0.00030  0.00030  0.50   98785      30   98770  6069420  61.44
1980-1989       17      0.00032  0.00032  0.50   98755      32   98739  5970650  60.46
1980-1989       18      0.00039  0.00039  0.50   98723      38   98704  5871911  59.48
1980-1989       19      0.00034  0.00034  0.50   98685      33   98668  5773207  58.50
1980-1989       20      0.00035  0.00035  0.50   98651      34   98634  5674539  57.52
1980-1989       21      0.00038  0.00038  0.50   98617      37   98598  5575905  56.54
1980-1989       22      0.00035  0.00035  0.50   98580      35   98562  5477307  55.56
1980-1989       23      0.00038  0.00038  0.50   98545      38   98526  5378744  54.58
1980-1989       24      0.00037  0.00037  0.50   98507      37   98488  5280219  53.60
1980-1989       25      0.00033  0.00033  0.50   98470      32   98454  5181730  52.62
1980-1989       26      0.00033  0.00033  0.50   98438      32   98421  5083276  51.64
1980-1989       27      0.00035  0.00035  0.50   98405      35   98388  4984855  50.66
1980-1989       28      0.00041  0.00041  0.50   98371      40   98351  4886467  49.67
1980-1989       29      0.00037  0.00037  0.50   98331      37   98312  4788116  48.69
1980-1989       30      0.00053  0.00053  0.50   98294      52   98268  4689804  47.71
1980-1989       31      0.00044  0.00044  0.50   98242      43   98220  4591536  46.74
1980-1989       32      0.00059  0.00059  0.50   98199      58   98170  4493316  45.76
1980-1989       33      0.00060  0.00060  0.50   98141      59   98111  4395146  44.78
1980-1989       34      0.00065  0.00065  0.50   98082      64   98050  4297035  43.81
1980-1989       35      0.00070  0.00070  0.50   98018      68   97984  4198985  42.84
1980-1989       36      0.00073  0.00073  0.50   97950      72   97914  4101001  41.87
1980-1989       37      0.00081  0.00081  0.50   97878      80   97838  4003087  40.90
1980-1989       38      0.00086  0.00086  0.50   97798      84   97756  3905249  39.93
1980-1989       39      0.00099  0.00099  0.50   97715      97   97666  3807493  38.97
1980-1989       40      0.00124  0.00124  0.50   97618     121   97557  3709827  38.00
1980-1989       41      0.00133  0.00133  0.50   97497     130   97432  3612270  37.05
1980-1989       42      0.00155  0.00155  0.50   97367     151   97291  3514838  36.10
1980-1989       43      0.00165  0.00165  0.50   97215     161   97135  3417547  35.15
1980-1989       44      0.00182  0.00182  0.50   97055     176   96966  3320412  34.21
1980-1989       45      0.00218  0.00218  0.50   96878     211   96773  3223446  33.27
1980-1989       46      0.00222  0.00222  0.50   96667     215   96560  3126673  32.34
1980-1989       47      0.00266  0.00266  0.50   96452     257   96324  3030113  31.42
1980-1989       48      0.00279  0.00278  0.50   96196     268   96062  2933789  30.50
1980-1989       49      0.00315  0.00315  0.50   95928     302   95777  2837728  29.58
1980-1989       50      0.00431  0.00431  0.50   95626     412   95420  2741951  28.67
1980-1989       51      0.00372  0.00372  0.50   95214     354   95037  2646530  27.80
1980-1989       52      0.00456  0.00455  0.50   94861     432   94645  2551493  26.90
1980-1989       53      0.00498  0.00497  0.50   94429     469   94194  2456848  26.02
1980-1989       54      0.00583  0.00582  0.50   93960     546   93686  2362654  25.15
1980-1989       55      0.00618  0.00616  0.50   93413     575   93126  2268968  24.29
1980-1989       56      0.00659  0.00657  0.50   92838     610   92533  2175842  23.44
1980-1989       57      0.00742  0.00739  0.50   92228     682   91887  2083309  22.59
1980-1989       58      0.00845  0.00841  0.50   91546     770   91161  1991422  21.75
1980-1989       59      0.00952  0.00948  0.50   90776     860   90346  1900261  20.93
1980-1989       60      0.01103  0.01097  0.50   89916     986   89423  1809915  20.13
1980-1989       61      0.01058  0.01052  0.50   88929     935   88462  1720493  19.35
1980-1989       62      0.01361  0.01351  0.50   87994    1189   87399  1632031  18.55
1980-1989       63      0.01376  0.01367  0.50   86805    1187   86211  1544632  17.79
1980-1989       64      0.01536  0.01524  0.50   85618    1305   84965  1458420  17.03
1980-1989       65      0.01649  0.01635  0.50   84313    1379   83624  1373455  16.29
1980-1989       66      0.01817  0.01800  0.50   82934    1493   82188  1289831  15.55
1980-1989       67      0.01967  0.01948  0.50   81441    1586   80648  1207644  14.83
1980-1989       68      0.02220  0.02196  0.50   79855    1753   78978  1126996  14.11
1980-1989       69      0.02468  0.02438  0.50   78101    1904   77150  1048018  13.42
1980-1989       70      0.02915  0.02873  0.50   76198    2189   75103   970868  12.74
1980-1989       71      0.02844  0.02805  0.50   74008    2076   72970   895765  12.10
1980-1989       72      0.03521  0.03460  0.50   71933    2489   70688   822795  11.44
1980-1989       73      0.03755  0.03686  0.50   69444    2560   68164   752107  10.83
1980-1989       74      0.04350  0.04258  0.50   66884    2848   65461   683942  10.23
1980-1989       75      0.04734  0.04625  0.50   64037    2961   62556   618482   9.66
1980-1989       76      0.05523  0.05375  0.50   61075    3283   59434   555926   9.10
1980-1989       77      0.05584  0.05432  0.50   57792    3139   56223   496492   8.59
1980-1989       78      0.06414  0.06215  0.50   54653    3397   52955   440269   8.06
1980-1989       79      0.07066  0.06825  0.50   51257    3498   49508   387315   7.56
1980-1989       80      0.08660  0.08301  0.50   47758    3964   45776   337807   7.07
1980-1989       81      0.08239  0.07913  0.50   43794    3466   42061   292031   6.67
1980-1989       82      0.10157  0.09666  0.50   40328    3898   38379   249970   6.20
1980-1989       83      0.10945  0.10377  0.50   36430    3780   34540   211590   5.81
1980-1989       84      0.12946  0.12159  0.50   32650    3970   30665   177050   5.42
1980-1989       85      0.13508  0.12653  0.50   28680    3629   26865   146385   5.10
1980-1989       86      0.16018  0.14830  0.50   25051    3715   23193   119520   4.77
1980-1989       87      0.16802  0.15500  0.50   21336    3307   19682    96327   4.51
1980-1989       88      0.18088  0.16588  0.50   18029    2991   16534    76644   4.25
1980-1989       89      0.18732  0.17128  0.50   15038    2576   13750    60111   4.00
1980-1989       90      0.21655  0.19540  0.50   12463    2435   11245    46360   3.72
1980-1989       91      0.21478  0.19396  0.50   10027    1945    9055    35115   3.50
1980-1989       92      0.26608  0.23484  0.50    8083    1898    7133    26061   3.22
1980-1989       93      0.26313  0.23254  0.50    6184    1438    5465    18927   3.06
1980-1989       94      0.30178  0.26221  0.50    4746    1245    4124    13462   2.84
1980-1989       95      0.32630  0.28053  0.50    3502     982    3011     9338   2.67
1980-1989       96      0.35148  0.29894  0.50    2519     753    2143     6327   2.51
1980-1989       97      0.37751  0.31757  0.50    1766     561    1486     4184   2.37
1980-1989       98      0.40427  0.33629  0.50    1205     405    1003     2698   2.24
1980-1989       99      0.43161  0.35500  0.50     800     284     658     1696   2.12
1980-1989      100      0.45938  0.37357  0.50     516     193     420     1038   2.01
1980-1989      101      0.48740  0.39189  0.50     323     127     260      618   1.91
1980-1989      102      0.51549  0.40986  0.50     197      81     156      358   1.82
1980-1989      103      0.54349  0.42736  0.50     116      50      91      202   1.74
1980-1989      104      0.57122  0.44432  0.50      66      30      52      111   1.67
1980-1989      105      0.59851  0.46066  0.50      37      17      28       59   1.60
1980-1989      106      0.62520  0.47631  0.50      20       9      15       31   1.54
1980-1989      107      0.65115  0.49122  0.50      10       5       8       16   1.49
1980-1989      108      0.67624  0.50537  0.50       5       3       4        8   1.44
1980-1989      109      0.70035  0.51871  0.50       3       1       2        4   1.41
1980-1989      110+     0.72340  1.00000  1.38       1       1       2        2   1.38
1990-1999        0      0.00577  0.00574  0.14  100000     574   99505  7844615  78.45
1990-1999        1      0.00045  0.00045  0.50   99426      45   99404  7745110  77.90
1990-1999        2      0.00028  0.00028  0.50   99382      28   99368  7645706  76.93
1990-1999        3      0.00025  0.00025  0.50   99354      25   99341  7546338  75.95
1990-1999        4      0.00019  0.00019  0.50   99328      19   99319  7446997  74.97
1990-1999        5      0.00012  0.00012  0.50   99309      12   99303  7347679  73.99
1990-1999        6      0.00011  0.00011  0.50   99297      11   99291  7248376  73.00
1990-1999        7      0.00010  0.00010  0.50   99286      10   99281  7149084  72.00
1990-1999        8      0.00009  0.00009  0.50   99276       9   99271  7049803  71.01
1990-1999        9      0.00012  0.00012  0.50   99266      12   99260  6950532  70.02
1990-1999       10      0.00014  0.00014  0.50   99254      13   99247  6851272  69.03
1990-1999       11      0.00013  0.00013  0.50   99241      13   99234  6752025  68.04
1990-1999       12      0.00012  0.00012  0.50   99228      12   99222  6652791  67.05
1990-1999       13      0.00017  0.00017  0.50   99216      17   99207  6553569  66.05
1990-1999       14      0.00017  0.00017  0.50   99199      16   99191  6454361  65.06
1990-1999       15      0.00022  0.00022  0.50   99182      22   99171  6355171  64.08
1990-1999       16      0.00024  0.00024  0.50   99160      24   99148  6255999  63.09
1990-1999       17      0.00033  0.00033  0.50   99136      33   99120  6156851  62.11
1990-1999       18      0.00032  0.00032  0.50   99103      32   99088  6057732  61.13
1990-1999       19      0.00034  0.00034  0.50   99072      33   99055  5958644  60.14
1990-1999       20      0.00035  0.00035  0.50   99038      35   99021  5859589  59.16
1990-1999       21      0.00034  0.00034  0.50   99003      34   98987  5760568  58.19
1990-1999       22      0.00032  0.00032  0.50   98970      32   98954  5661581  57.21
1990-1999       23      0.00032  0.00032  0.50   98938      32   98922  5562628  56.22
1990-1999       24      0.00033  0.00033  0.50   98906      32   98890  5463705  55.24
1990-1999       25      0.00035  0.00035  0.50   98874      35   98856  5364815  54.26
1990-1999       26      0.00037  0.00037  0.50   98839      37   98821  5265959  53.28
1990-1999       27      0.00038  0.00038  0.50   98802      38   98783  5167138  52.30
1990-1999       28      0.00040  0.00040  0.50   98764      40   98745  5068355  51.32
1990-1999       29      0.00045  0.00045  0.50   98725      44   98702  4969610  50.34
1990-1999       30      0.00048  0.00048  0.50   98680      47   98657  4870908  49.36
1990-1999       31      0.00044  0.00044  0.50   98633      43   98611  4772251  48.38
1990-1999       32      0.00042  0.00042  0.50   98590      42   98569  4673640  47.40
1990-1999       33      0.00061  0.00061  0.50   98548      60   98518  4575071  46.42
1990-1999       34      0.00060  0.00060  0.50   98488      60   98458  4476553  45.45
1990-1999       35      0.00061  0.00061  0.50   98429      60   98398  4378095  44.48
1990-1999       36      0.00075  0.00075  0.50   98368      74   98331  4279696  43.51
1990-1999       37      0.00078  0.00078  0.50   98294      77   98256  4181365  42.54
1990-1999       38      0.00079  0.00079  0.50   98218      78   98179  4083109  41.57
1990-1999       39      0.00090  0.00090  0.50   98140      89   98096  3984930  40.60
1990-1999       40      0.00103  0.00103  0.50   98051     101   98001  3886834  39.64
1990-1999       41      0.00105  0.00105  0.50   97950     103   97899  3788834  38.68
1990-1999       42      0.00128  0.00128  0.50   97848     125   97785  3690935  37.72
1990-1999       43      0.00146  0.00146  0.50   97722     143   97651  3593149  36.77
1990-1999       44      0.00156  0.00156  0.50   97579     152   97503  3495499  35.82
1990-1999       45      0.00177  0.00177  0.50   97427     173   97341  3397995  34.88
1990-1999       46      0.00197  0.00197  0.50   97254     192   97159  3300655  33.94
1990-1999       47      0.00225  0.00224  0.50   97063     218   96954  3203496  33.00
1990-1999       48      0.00230  0.00230  0.50   96845     223   96734  3106542  32.08
1990-1999       49      0.00263  0.00262  0.50   96622     253   96495  3009809  31.15
1990-1999       50      0.00285  0.00285  0.50   96369     274   96231  2913313  30.23
1990-1999       51      0.00302  0.00301  0.50   96094     289   95950  2817082  29.32
1990-1999       52      0.00347  0.00347  0.50   95805     332   95639  2721132  28.40
1990-1999       53      0.00390  0.00389  0.50   95473     371   95287  2625493  27.50
1990-1999       54      0.00461  0.00460  0.50   95102     437   94883  2530206  26.61
1990-1999       55      0.00472  0.00471  0.50   94664     446   94441  2435323  25.73
1990-1999       56      0.00515  0.00513  0.50   94219     484   93977  2340882  24.85
1990-1999       57      0.00558  0.00557  0.50   93735     522   93474  2246905  23.97
1990-1999       58      0.00635  0.00633  0.50   93213     590   92918  2153431  23.10
1990-1999       59      0.00700  0.00697  0.50   92623     646   92300  2060513  22.25
1990-1999       60      0.00802  0.00799  0.50   91977     735   91610  1968213  21.40
1990-1999       61      0.00829  0.00826  0.50   91243     753   90866  1876603  20.57
1990-1999       62      0.01011  0.01006  0.50   90489     910   90034  1785737  19.73
1990-1999       63      0.01124  0.01118  0.50   89579    1002   89078  1695703  18.93
1990-1999       64      0.01143  0.01137  0.50   88578    1007   88074  1606624  18.14
1990-1999       65      0.01318  0.01309  0.50   87571    1146   86997  1518550  17.34
1990-1999       66      0.01528  0.01516  0.50   86424    1311   85769  1431553  16.56
1990-1999       67      0.01620  0.01607  0.50   85114    1368   84430  1345784  15.81
1990-1999       68      0.01800  0.01784  0.50   83746    1494   82999  1261354  15.06
1990-1999       69      0.02132  0.02110  0.50   82252    1735   81384  1178355  14.33
1990-1999       70      0.02302  0.02275  0.50   80516    1832   79600  1096971  13.62
1990-1999       71      0.02424  0.02395  0.50   78684    1885   77742  1017371  12.93
1990-1999       72      0.02916  0.02875  0.50   76800    2208   75696   939629  12.23
1990-1999       73      0.03219  0.03168  0.50   74592    2363   73411   863933  11.58
1990-1999       74      0.03640  0.03575  0.50   72229    2582   70938   790522  10.94
1990-1999       75      0.04126  0.04042  0.50   69647    2815   68239   719585  10.33
1990-1999       76      0.04587  0.04484  0.50   66831    2997   65333   651346   9.75
1990-1999       77      0.05011  0.04889  0.50   63835    3121   62274   586013   9.18
1990-1999       78      0.05588  0.05436  0.50   60714    3301   59063   523739   8.63
1990-1999       79      0.06270  0.06080  0.50   57413    3491   55668   464675   8.09
1990-1999       80      0.07179  0.06930  0.50   53923    3737   52054   409007   7.59
1990-1999       81      0.07599  0.07320  0.50   50186    3674   48349   356953   7.11
1990-1999       82      0.08794  0.08424  0.50   46512    3918   44553   308604   6.63
1990-1999       83      0.09669  0.09223  0.50   42594    3928   40630   264052   6.20
1990-1999       84      0.11202  0.10608  0.50   38665    4102   36615   223422   5.78
1990-1999       85      0.11956  0.11281  0.50   34564    3899   32614   186808   5.40
1990-1999       86      0.13731  0.12849  0.50   30664    3940   28694   154194   5.03
1990-1999       87      0.14811  0.13790  0.50   26724    3685   24882   125499   4.70
1990-1999       88      0.16153  0.14946  0.50   23039    3443   21317   100617   4.37
1990-1999       89      0.19016  0.17365  0.50   19596    3403   17894    79300   4.05
1990-1999       90      0.20311  0.18439  0.50   16193    2986   14700    61406   3.79
1990-1999       91      0.21779  0.19640  0.50   13207    2594   11910    46705   3.54
1990-1999       92      0.25355  0.22502  0.50   10613    2388    9419    34795   3.28
1990-1999       93      0.26679  0.23539  0.50    8225    1936    7257    25376   3.09
1990-1999       94      0.28971  0.25305  0.50    6289    1591    5493    18119   2.88
1990-1999       95      0.31946  0.27546  0.50    4698    1294    4051    12626   2.69
1990-1999       96      0.34657  0.29538  0.50    3404    1005    2901     8575   2.52
1990-1999       97      0.37471  0.31559  0.50    2398     757    2020     5674   2.37
1990-1999       98      0.40373  0.33592  0.50    1641     551    1366     3654   2.23
1990-1999       99      0.43344  0.35624  0.50    1090     388     896     2289   2.10
1990-1999      100      0.46364  0.37638  0.50     702     264     570     1393   1.99
1990-1999      101      0.49410  0.39622  0.50     438     173     351      823   1.88
1990-1999      102      0.52461  0.41560  0.50     264     110     209      472   1.79
1990-1999      103      0.55494  0.43440  0.50     154      67     121      263   1.70
1990-1999      104      0.58486  0.45253  0.50      87      40      68      142   1.63
1990-1999      105      0.61417  0.46988  0.50      48      22      37       75   1.56
1990-1999      106      0.64267  0.48638  0.50      25      12      19       38   1.50
1990-1999      107      0.67020  0.50199  0.50      13       7      10       19   1.45
1990-1999      108      0.69661  0.51666  0.50       6       3       5        9   1.40
1990-1999      109      0.72178  0.53037  0.50       3       2       2        4   1.36
1990-1999      110+     0.74563  1.00000  1.34       1       1       2        2   1.34
2000-2009        0      0.00409  0.00408  0.14  100000     408   99650  8102983  81.03
2000-2009        1      0.00034  0.00034  0.50   99592      34   99575  8003333  80.36
2000-2009        2      0.00018  0.00018  0.50   99558      18   99549  7903758  79.39
2000-2009        3      0.00013  0.00013  0.50   99540      13   99533  7804209  78.40
2000-2009        4      0.00014  0.00014  0.50   99527      14   99520  7704675  77.41
2000-2009        5      0.00012  0.00012  0.50   99513      12   99507  7605156  76.42
2000-2009        6      0.00010  0.00010  0.50   99501      10   99496  7505649  75.43
2000-2009        7      0.00008  0.00008  0.50   99491       8   99488  7406153  74.44
2000-2009        8      0.00009  0.00009  0.50   99484       9   99479  7306665  73.45
2000-2009        9      0.00006  0.00006  0.50   99475       6   99472  7207186  72.45
2000-2009       10      0.00009  0.00009  0.50   99469       9   99465  7107714  71.46
2000-2009       11      0.00010  0.00010  0.50   99460       9   99455  7008249  70.46
2000-2009       12      0.00009  0.00009  0.50   99451       9   99446  6908794  69.47
2000-2009       13      0.00018  0.00018  0.50   99442      18   99432  6809348  68.48
2000-2009       14      0.00017  0.00017  0.50   99423      17   99415  6709915  67.49
2000-2009       15      0.00021  0.00021  0.50   99407      21   99396  6610500  66.50
2000-2009       16      0.00019  0.00019  0.50   99385      19   99376  6511104  65.51
2000-2009       17      0.00026  0.00026  0.50   99366      25   99354  6411728  64.53
2000-2009       18      0.00030  0.00030  0.50   99341      30   99326  6312375  63.54
2000-2009       19      0.00041  0.00041  0.50   99311      41   99290  6213049  62.56
2000-2009       20      0.00028  0.00028  0.50   99270      28   99256  6113759  61.59
2000-2009       21      0.00029  0.00029  0.50   99241      29   99227  6014503  60.60
2000-2009       22      0.00029  0.00029  0.50   99213      28   99198  5915276  59.62
2000-2009       23      0.00028  0.00028  0.50   99184      28   99170  5816078  58.64
2000-2009       24      0.00029  0.00029  0.50   99156      29   99142  5716908  57.66
2000-2009       25      0.00031  0.00031  0.50   99128      31   99112  5617766  56.67
2000-2009       26      0.00031  0.00031  0.50   99097      31   99081  5518654  55.69
2000-2009       27      0.00032  0.00032  0.50   99066      31   99050  5419572  54.71
2000-2009       28      0.00030  0.00030  0.50   99035      30   99020  5320522  53.72
2000-2009       29      0.00038  0.00038  0.50   99004      38   98986  5221502  52.74
2000-2009       30      0.00038  0.00038  0.50   98967      38   98948  5122517  51.76
2000-2009       31      0.00042  0.00042  0.50   98929      42   98908  5023569  50.78
2000-2009       32      0.00040  0.00040  0.50   98887      40   98867  4924661  49.80
2000-2009       33      0.00049  0.00049  0.50   98847      49   98823  4825793  48.82
2000-2009       34      0.00046  0.00046  0.50   98798      46   98775  4726971  47.84
2000-2009       35      0.00065  0.00065  0.50   98753      65   98720  4628195  46.87
2000-2009       36      0.00061  0.00061  0.50   98688      60   98658  4529475  45.90
2000-2009       37      0.00067  0.00067  0.50   98628      66   98595  4430817  44.92
2000-2009       38      0.00076  0.00076  0.50   98562      75   98524  4332222  43.95
2000-2009       39      0.00086  0.00086  0.50   98487      85   98445  4233697  42.99
2000-2009       40      0.00089  0.00089  0.50   98402      87   98359  4135252  42.02
2000-2009       41      0.00094  0.00094  0.50   98315      92   98269  4036894  41.06
2000-2009       42      0.00102  0.00102  0.50   98223     100   98173  3938625  40.10
2000-2009       43      0.00120  0.00119  0.50   98123     117   98064  3840452  39.14
2000-2009       44      0.00139  0.00139  0.50   98006     137   97937  3742388  38.19
2000-2009       45      0.00131  0.00130  0.50   97869     128   97805  3644450  37.24
2000-2009       46      0.00174  0.00174  0.50   97741     170   97656  3546645  36.29
2000-2009       47      0.00187  0.00187  0.50   97571     182   97480  3448989  35.35
2000-2009       48      0.00200  0.00200  0.50   97389     195   97292  3351508  34.41
2000-2009       49      0.00225  0.00225  0.50   97195     219   97085  3254216  33.48
2000-2009       50      0.00230  0.00230  0.50   96976     223   96865  3157131  32.56
2000-2009       51      0.00268  0.00267  0.50   96753     259   96624  3060266  31.63
2000-2009       52      0.00294  0.00293  0.50   96494     283   96353  2963642  30.71
2000-2009       53      0.00317  0.00316  0.50   96211     304   96059  2867289  29.80
2000-2009       54      0.00344  0.00343  0.50   95907     329   95742  2771230  28.89
2000-2009       55      0.00381  0.00380  0.50   95578     363   95396  2675488  27.99
2000-2009       56      0.00388  0.00388  0.50   95215     369   95030  2580092  27.10
2000-2009       57      0.00441  0.00440  0.50   94846     417   94637  2485062  26.20
2000-2009       58      0.00484  0.00482  0.50   94429     456   94201  2390424  25.31
2000-2009       59      0.00538  0.00537  0.50   93973     505   93721  2296223  24.43
2000-2009       60      0.00547  0.00546  0.50   93469     510   93214  2202502  23.56
2000-2009       61      0.00651  0.00649  0.50   92958     603   92657  2109289  22.69
2000-2009       62      0.00721  0.00718  0.50   92355     663   92023  2016632  21.84
2000-2009       63      0.00795  0.00792  0.50   91692     726   91328  1924608  20.99
2000-2009       64      0.00864  0.00860  0.50   90965     783   90574  1833280  20.15
2000-2009       65      0.00891  0.00887  0.50   90183     800   89783  1742706  19.32
2000-2009       66      0.01096  0.01090  0.50   89382     975   88895  1652924  18.49
2000-2009       67      0.01150  0.01143  0.50   88408    1011   87902  1564028  17.69
2000-2009       68      0.01237  0.01229  0.50   87397    1074   86860  1476126  16.89
2000-2009       69      0.01435  0.01424  0.50   86323    1230   85708  1389266  16.09
2000-2009       70      0.01596  0.01584  0.50   85093    1348   84420  1303558  15.32
2000-2009       71      0.01798  0.01782  0.50   83746    1493   83000  1219138  14.56
2000-2009       72      0.01986  0.01967  0.50   82253    1618   81444  1136139  13.81
2000-2009       73      0.02215  0.02191  0.50   80636    1766   79752  1054694  13.08
2000-2009       74      0.02628  0.02594  0.50   78869    2046   77846   974942  12.36
2000-2009       75      0.02956  0.02913  0.50   76824    2238   75705   897096  11.68
2000-2009       76      0.03427  0.03370  0.50   74586    2513   73329   821391  11.01
2000-2009       77      0.03650  0.03585  0.50   72073    2583   70781   748062  10.38
2000-2009       78      0.04296  0.04206  0.50   69489    2923   68028   677281   9.75
2000-2009       79      0.04827  0.04713  0.50   66566    3137   64998   609253   9.15
2000-2009       80      0.05438  0.05294  0.50   63429    3358   61750   544255   8.58
2000-2009       81      0.06037  0.05860  0.50   60071    3520   58311   482506   8.03
2000-2009       82      0.07089  0.06846  0.50   56551    3872   54615   424195   7.50
2000-2009       83      0.07712  0.07425  0.50   52679    3912   50723   369580   7.02
2000-2009       84      0.08583  0.08230  0.50   48767    4013   46761   318857   6.54
2000-2009       85      0.09669  0.09223  0.50   44754    4128   42690   272096   6.08
2000-2009       86      0.11075  0.10494  0.50   40626    4263   38495   229406   5.65
2000-2009       87      0.12734  0.11972  0.50   36363    4353   34186   190912   5.25
2000-2009       88      0.13598  0.12732  0.50   32010    4076   29972   156726   4.90
2000-2009       89      0.15924  0.14750  0.50   27934    4120   25874   126754   4.54
2000-2009       90      0.17307  0.15929  0.50   23814    3793   21917   100880   4.24
2000-2009       91      0.18816  0.17198  0.50   20021    3443   18299    78963   3.94
2000-2009       92      0.21261  0.19218  0.50   16577    3186   14984    60664   3.66
2000-2009       93      0.23068  0.20683  0.50   13392    2770   12007    45679   3.41
2000-2009       94      0.25055  0.22265  0.50   10622    2365    9439    33673   3.17
2000-2009       95      0.28291  0.24785  0.50    8257    2046    7234    24233   2.93
2000-2009       96      0.30970  0.26818  0.50    6210    1665    5378    17000   2.74
2000-2009       97      0.33784  0.28902  0.50    4545    1314    3888    11622   2.56
2000-2009       98      0.36717  0.31022  0.50    3231    1002    2730     7734   2.39
2000-2009       99      0.39752  0.33161  0.50    2229     739    1859     5004   2.25
2000-2009      100      0.42868  0.35301  0.50    1490     526    1227     3145   2.11
2000-2009      101      0.46041  0.37426  0.50     964     361     783     1918   1.99
2000-2009      102      0.49247  0.39517  0.50     603     238     484     1134   1.88
2000-2009      103      0.52459  0.41559  0.50     365     152     289      651   1.78
2000-2009      104      0.55651  0.43537  0.50     213      93     167      362   1.70
2000-2009      105      0.58797  0.45439  0.50     120      55      93      195   1.62
2000-2009      106      0.61873  0.47254  0.50      66      31      50      102   1.55
2000-2009      107      0.64856  0.48974  0.50      35      17      26       52   1.49
2000-2009      108      0.67727  0.50594  0.50      18       9      13       25   1.44
2000-2009      109      0.70471  0.52110  0.50       9       5       6       12   1.39
2000-2009      110+     0.73074  1.00000  1.37       4       4       6        6   1.37
2010-2014        0      0.00322  0.00321  0.14  100000     321   99725  8289049  82.89
2010-2014        1      0.00022  0.00022  0.50   99679      22   99668  8189325  82.16
2010-2014        2      0.00012  0.00012  0.50   99657      12   99651  8089657  81.17
2010-2014        3      0.00006  0.00006  0.50   99645       6   99642  7990005  80.18
2010-2014        4      0.00008  0.00008  0.50   99639       8   99635  7890363  79.19
2010-2014        5      0.00009  0.00009  0.50   99632       9   99627  7790728  78.20
2010-2014        6      0.00009  0.00009  0.50   99623       9   99618  7691101  77.20
2010-2014        7      0.00009  0.00009  0.50   99614       9   99610  7591482  76.21
2010-2014        8      0.00010  0.00010  0.50   99605      10   99600  7491872  75.22
2010-2014        9      0.00005  0.00005  0.50   99595       5   99593  7392272  74.22
2010-2014       10      0.00010  0.00010  0.50   99590      10   99585  7292679  73.23
2010-2014       11      0.00006  0.00006  0.50   99580       6   99577  7193094  72.23
2010-2014       12      0.00009  0.00009  0.50   99574       9   99570  7093517  71.24
2010-2014       13      0.00007  0.00007  0.50   99565       7   99562  6993948  70.24
2010-2014       14      0.00008  0.00008  0.50   99558       8   99554  6894386  69.25
2010-2014       15      0.00021  0.00021  0.50   99550      21   99540  6794832  68.26
2010-2014       16      0.00014  0.00014  0.50   99529      14   99522  6695292  67.27
2010-2014       17      0.00014  0.00014  0.50   99515      14   99508  6595770  66.28
2010-2014       18      0.00020  0.00020  0.50   99501      20   99491  6496262  65.29
2010-2014       19      0.00023  0.00023  0.50   99481      23   99469  6396771  64.30
2010-2014       20      0.00025  0.00025  0.50   99458      25   99445  6297302  63.32
2010-2014       21      0.00021  0.00021  0.50   99433      21   99422  6197857  62.33
2010-2014       22      0.00026  0.00026  0.50   99412      25   99399  6098434  61.35
2010-2014       23      0.00030  0.00030  0.50   99386      30   99371  5999035  60.36
2010-2014       24      0.00023  0.00023  0.50   99356      23   99345  5899664  59.38
2010-2014       25      0.00026  0.00026  0.50   99333      26   99320  5800319  58.39
2010-2014       26      0.00038  0.00038  0.50   99308      38   99288  5700999  57.41
2010-2014       27      0.00024  0.00024  0.50   99269      24   99257  5601710  56.43
2010-2014       28      0.00021  0.00021  0.50   99246      20   99235  5502453  55.44
2010-2014       29      0.00028  0.00028  0.50   99225      28   99211  5403217  54.45
2010-2014       30      0.00028  0.00028  0.50   99197      28   99183  5304006  53.47
2010-2014       31      0.00032  0.00032  0.50   99169      32   99153  5204823  52.48
2010-2014       32      0.00034  0.00034  0.50   99137      34   99120  5105670  51.50
2010-2014       33      0.00048  0.00048  0.50   99103      48   99079  5006550  50.52
2010-2014       34      0.00052  0.00052  0.50   99056      51   99030  4907471  49.54
2010-2014       35      0.00040  0.00040  0.50   99004      39   98984  4808441  48.57
2010-2014       36      0.00056  0.00056  0.50   98965      55   98937  4709456  47.59
2010-2014       37      0.00054  0.00054  0.50   98910      53   98883  4610519  46.61
2010-2014       38      0.00053  0.00053  0.50   98857      53   98830  4511636  45.64
2010-2014       39      0.00067  0.00067  0.50   98804      66   98771  4412806  44.66
2010-2014       40      0.00075  0.00075  0.50   98738      74   98701  4314034  43.69
2010-2014       41      0.00086  0.00086  0.50   98664      85   98622  4215333  42.72
2010-2014       42      0.00090  0.00090  0.50   98580      89   98535  4116711  41.76
2010-2014       43      0.00101  0.00101  0.50   98491      99   98441  4018176  40.80
2010-2014       44      0.00103  0.00103  0.50   98392     101   98341  3919735  39.84
2010-2014       45      0.00123  0.00123  0.50   98291     121   98230  3821393  38.88
2010-2014       46      0.00128  0.00128  0.50   98170     126   98107  3723163  37.93
2010-2014       47      0.00142  0.00142  0.50   98044     139   97975  3625056  36.97
2010-2014       48      0.00181  0.00181  0.50   97905     177   97817  3527081  36.03
2010-2014       49      0.00155  0.00155  0.50   97728     151   97653  3429264  35.09
2010-2014       50      0.00205  0.00205  0.50   97577     200   97477  3331611  34.14
2010-2014       51      0.00215  0.00215  0.50   97377     209   97273  3234134  33.21
2010-2014       52      0.00236  0.00236  0.50   97168     229   97053  3136862  32.28
2010-2014       53      0.00251  0.00251  0.50   96939     243   96817  3039809  31.36
2010-2014       54      0.00300  0.00299  0.50   96696     289   96551  2942991  30.44
2010-2014       55      0.00333  0.00332  0.50   96406     320   96246  2846441  29.53
2010-2014       56      0.00354  0.00353  0.50   96086     340   95916  2750194  28.62
2010-2014       57      0.00370  0.00370  0.50   95747     354   95570  2654278  27.72
2010-2014       58      0.00406  0.00406  0.50   95393     387   95199  2558708  26.82
2010-2014       59      0.00425  0.00424  0.50   95006     403   94804  2463509  25.93
2010-2014       60      0.00501  0.00500  0.50   94603     473   94366  2368705  25.04
2010-2014       61      0.00512  0.00511  0.50   94130     481   93889  2274338  24.16
2010-2014       62      0.00558  0.00556  0.50   93649     521   93389  2180449  23.28
2010-2014       63      0.00670  0.00668  0.50   93128     622   92817  2087060  22.41
2010-2014       64      0.00749  0.00747  0.50   92506     691   92161  1994243  21.56
2010-2014       65      0.00800  0.00796  0.50   91815     731   91450  1902083  20.72
2010-2014       66      0.00847  0.00843  0.50   91084     768   90700  1810633  19.88
2010-2014       67      0.00945  0.00941  0.50   90316     850   89891  1719933  19.04
2010-2014       68      0.01074  0.01069  0.50   89467     956   88989  1630042  18.22
2010-2014       69      0.01248  0.01240  0.50   88511    1098   87962  1541053  17.41
2010-2014       70      0.01239  0.01232  0.50   87413    1077   86874  1453091  16.62
2010-2014       71      0.01378  0.01369  0.50   86336    1182   85745  1366217  15.82
2010-2014       72      0.01580  0.01568  0.50   85154    1335   84487  1280472  15.04
2010-2014       73      0.01736  0.01721  0.50   83819    1443   83098  1195985  14.27
2010-2014       74      0.02005  0.01985  0.50   82376    1635   81558  1112888  13.51
2010-2014       75      0.02257  0.02231  0.50   80741    1802   79840  1031329  12.77
2010-2014       76      0.02504  0.02473  0.50   78939    1952   77963   951489  12.05
2010-2014       77      0.02926  0.02884  0.50   76987    2220   75877   873526  11.35
2010-2014       78      0.03271  0.03218  0.50   74767    2406   73564   797649  10.67
2010-2014       79      0.03620  0.03556  0.50   72361    2573   71074   724085  10.01
2010-2014       80      0.04229  0.04141  0.50   69788    2890   68343   653010   9.36
2010-2014       81      0.04883  0.04767  0.50   66898    3189   65303   584668   8.74
2010-2014       82      0.05737  0.05577  0.50   63709    3553   61932   519364   8.15
2010-2014       83      0.06425  0.06225  0.50   60156    3745   58283   457432   7.60
2010-2014       84      0.07271  0.07016  0.50   56411    3958   54432   399149   7.08
2010-2014       85      0.08561  0.08209  0.50   52453    4306   50300   344717   6.57
2010-2014       86      0.09287  0.08875  0.50   48147    4273   46010   294418   6.11
2010-2014       87      0.11051  0.10472  0.50   43874    4595   41577   248407   5.66
2010-2014       88      0.12485  0.11751  0.50   39279    4616   36971   206830   5.27
2010-2014       89      0.13342  0.12507  0.50   34664    4336   32496   169859   4.90
2010-2014       90      0.14816  0.13794  0.50   30328    4183   28236   137363   4.53
2010-2014       91      0.17193  0.15832  0.50   26145    4139   24075   109127   4.17
2010-2014       92      0.20019  0.18198  0.50   22005    4005   20003    85052   3.87
2010-2014       93      0.20555  0.18639  0.50   18001    3355   16323    65049   3.61
2010-2014       94      0.23747  0.21227  0.50   14646    3109   13091    48726   3.33
2010-2014       95      0.26156  0.23131  0.50   11537    2669   10203    35634   3.09
2010-2014       96      0.28872  0.25230  0.50    8868    2237    7750    25432   2.87
2010-2014       97      0.31749  0.27399  0.50    6631    1817    5722    17682   2.67
2010-2014       98      0.34772  0.29622  0.50    4814    1426    4101    11960   2.48
2010-2014       99      0.37923  0.31879  0.50    3388    1080    2848     7859   2.32
2010-2014      100      0.41180  0.34149  0.50    2308     788    1914     5011   2.17
2010-2014      101      0.44516  0.36411  0.50    1520     553    1243     3097   2.04
2010-2014      102      0.47902  0.38646  0.50     966     373     780     1854   1.92
2010-2014      103      0.51307  0.40832  0.50     593     242     472     1074   1.81
2010-2014      104      0.54700  0.42952  0.50     351     151     275      602   1.72
2010-2014      105      0.58050  0.44991  0.50     200      90     155      327   1.63
2010-2014      106      0.61328  0.46935  0.50     110      52      84      171   1.56
2010-2014      107      0.64505  0.48774  0.50      58      28      44       87   1.49
2010-2014      108      0.67560  0.50501  0.50      30      15      22       43   1.44
2010-2014      109      0.70473  0.52111  0.50      15       8      11       21   1.39
2010-2014      110+     0.73227  1.00000  1.37       7       7      10       10   1.37
