Japan, Life tables (period 1x10), Females	Last modified: 12 Mar 2018;  Methods Protocol: v6 (2017)

  Year          Age         mx       qx    ax      lx      dx      Lx       Tx     ex
1947-1949        0      0.06753  0.06452  0.31  100000    6452   95540  5730349  57.30
1947-1949        1      0.02285  0.02259  0.50   93548    2113   92492  5634809  60.23
1947-1949        2      0.01271  0.01263  0.50   91435    1155   90858  5542318  60.61
1947-1949        3      0.00860  0.00857  0.50   90280     773   89894  5451460  60.38
1947-1949        4      0.00561  0.00559  0.50   89507     501   89257  5361567  59.90
1947-1949        5      0.00383  0.00382  0.50   89006     340   88836  5272310  59.24
1947-1949        6      0.00288  0.00288  0.50   88666     255   88538  5183474  58.46
1947-1949        7      0.00226  0.00226  0.50   88411     200   88311  5094936  57.63
1947-1949        8      0.00186  0.00186  0.50   88211     164   88129  5006624  56.76
1947-1949        9      0.00164  0.00164  0.50   88047     144   87975  4918495  55.86
1947-1949       10      0.00153  0.00153  0.50   87903     134   87836  4830520  54.95
1947-1949       11      0.00147  0.00147  0.50   87769     129   87705  4742683  54.04
1947-1949       12      0.00153  0.00153  0.50   87640     134   87573  4654979  53.11
1947-1949       13      0.00164  0.00164  0.50   87506     143   87434  4567406  52.20
1947-1949       14      0.00196  0.00196  0.50   87363     171   87277  4479971  51.28
1947-1949       15      0.00255  0.00255  0.50   87191     222   87080  4392694  50.38
1947-1949       16      0.00306  0.00306  0.50   86969     266   86836  4305614  49.51
1947-1949       17      0.00373  0.00372  0.50   86704     323   86542  4218778  48.66
1947-1949       18      0.00432  0.00431  0.50   86381     372   86195  4132236  47.84
1947-1949       19      0.00518  0.00516  0.50   86009     444   85787  4046041  47.04
1947-1949       20      0.00587  0.00585  0.50   85565     500   85314  3960254  46.28
1947-1949       21      0.00648  0.00646  0.50   85064     550   84789  3874940  45.55
1947-1949       22      0.00670  0.00668  0.50   84514     565   84232  3790150  44.85
1947-1949       23      0.00693  0.00691  0.50   83950     580   83660  3705918  44.14
1947-1949       24      0.00704  0.00701  0.50   83370     585   83078  3622258  43.45
1947-1949       25      0.00696  0.00693  0.50   82785     574   82498  3539180  42.75
1947-1949       26      0.00676  0.00673  0.50   82211     554   81935  3456682  42.05
1947-1949       27      0.00663  0.00660  0.50   81658     539   81388  3374747  41.33
1947-1949       28      0.00662  0.00660  0.50   81119     535   80851  3293359  40.60
1947-1949       29      0.00638  0.00636  0.50   80583     513   80327  3212508  39.87
1947-1949       30      0.00643  0.00641  0.50   80071     513   79814  3132181  39.12
1947-1949       31      0.00628  0.00626  0.50   79557     498   79309  3052367  38.37
1947-1949       32      0.00631  0.00629  0.50   79060     497   78811  2973059  37.61
1947-1949       33      0.00625  0.00623  0.50   78562     489   78318  2894248  36.84
1947-1949       34      0.00625  0.00624  0.50   78073     487   77830  2815930  36.07
1947-1949       35      0.00620  0.00618  0.50   77586     480   77346  2738101  35.29
1947-1949       36      0.00644  0.00642  0.50   77106     495   76859  2660754  34.51
1947-1949       37      0.00648  0.00646  0.50   76611     495   76364  2583895  33.73
1947-1949       38      0.00641  0.00639  0.50   76117     486   75874  2507531  32.94
1947-1949       39      0.00680  0.00677  0.50   75630     512   75374  2431658  32.15
1947-1949       40      0.00681  0.00678  0.50   75118     509   74863  2356284  31.37
1947-1949       41      0.00703  0.00700  0.50   74609     522   74347  2281420  30.58
1947-1949       42      0.00721  0.00719  0.50   74086     532   73820  2207073  29.79
1947-1949       43      0.00723  0.00720  0.50   73554     530   73289  2133253  29.00
1947-1949       44      0.00739  0.00736  0.50   73024     538   72756  2059963  28.21
1947-1949       45      0.00764  0.00761  0.50   72487     551   72211  1987208  27.41
1947-1949       46      0.00794  0.00791  0.50   71935     569   71651  1914997  26.62
1947-1949       47      0.00826  0.00823  0.50   71366     587   71073  1843346  25.83
1947-1949       48      0.00874  0.00870  0.50   70779     616   70471  1772273  25.04
1947-1949       49      0.00937  0.00933  0.50   70163     655   69836  1701802  24.26
1947-1949       50      0.01018  0.01013  0.50   69508     704   69156  1631967  23.48
1947-1949       51      0.01064  0.01058  0.50   68804     728   68440  1562810  22.71
1947-1949       52      0.01143  0.01136  0.50   68076     773   67690  1494370  21.95
1947-1949       53      0.01218  0.01210  0.50   67303     815   66896  1426680  21.20
1947-1949       54      0.01275  0.01267  0.50   66488     843   66067  1359785  20.45
1947-1949       55      0.01332  0.01324  0.50   65646     869   65211  1293718  19.71
1947-1949       56      0.01450  0.01439  0.50   64777     932   64311  1228506  18.97
1947-1949       57      0.01568  0.01556  0.50   63845     993   63348  1164195  18.23
1947-1949       58      0.01756  0.01741  0.50   62851    1094   62304  1100847  17.52
1947-1949       59      0.01795  0.01779  0.50   61757    1099   61208  1038543  16.82
1947-1949       60      0.02046  0.02025  0.50   60659    1228   60044   977335  16.11
1947-1949       61      0.02160  0.02137  0.50   59430    1270   58795   917291  15.43
1947-1949       62      0.02420  0.02391  0.50   58160    1390   57465   858496  14.76
1947-1949       63      0.02644  0.02609  0.50   56770    1481   56029   801031  14.11
1947-1949       64      0.02876  0.02836  0.50   55288    1568   54504   745002  13.47
1947-1949       65      0.03088  0.03041  0.50   53720    1633   52904   690498  12.85
1947-1949       66      0.03395  0.03338  0.50   52087    1739   51218   637594  12.24
1947-1949       67      0.03667  0.03601  0.50   50348    1813   49442   586376  11.65
1947-1949       68      0.04037  0.03958  0.50   48535    1921   47575   536935  11.06
1947-1949       69      0.04435  0.04338  0.50   46614    2022   45603   489360  10.50
1947-1949       70      0.04874  0.04758  0.50   44592    2122   43531   443756   9.95
1947-1949       71      0.05389  0.05248  0.50   42471    2229   41356   400225   9.42
1947-1949       72      0.05842  0.05676  0.50   40242    2284   39100   358869   8.92
1947-1949       73      0.06506  0.06301  0.50   37958    2392   36762   319769   8.42
1947-1949       74      0.06979  0.06744  0.50   35566    2398   34367   283007   7.96
1947-1949       75      0.07654  0.07372  0.50   33167    2445   31945   248641   7.50
1947-1949       76      0.08308  0.07976  0.50   30722    2451   29497   216696   7.05
1947-1949       77      0.09192  0.08788  0.50   28272    2485   27029   187199   6.62
1947-1949       78      0.10264  0.09763  0.50   25787    2518   24528   160170   6.21
1947-1949       79      0.11633  0.10993  0.50   23269    2558   21990   135642   5.83
1947-1949       80      0.12549  0.11808  0.50   20711    2446   19488   113651   5.49
1947-1949       81      0.13667  0.12792  0.50   18266    2337   17097    94163   5.16
1947-1949       82      0.15069  0.14013  0.50   15929    2232   14813    77065   4.84
1947-1949       83      0.16664  0.15382  0.50   13697    2107   12643    62252   4.55
1947-1949       84      0.17774  0.16323  0.50   11590    1892   10644    49609   4.28
1947-1949       85      0.19309  0.17609  0.50    9698    1708    8844    38965   4.02
1947-1949       86      0.21053  0.19048  0.50    7990    1522    7229    30121   3.77
1947-1949       87      0.22644  0.20341  0.50    6468    1316    5811    22891   3.54
1947-1949       88      0.24906  0.22148  0.50    5153    1141    4582    17081   3.31
1947-1949       89      0.28027  0.24582  0.50    4011     986    3518    12499   3.12
1947-1949       90      0.28782  0.25161  0.50    3025     761    2645     8980   2.97
1947-1949       91      0.30350  0.26351  0.50    2264     597    1966     6336   2.80
1947-1949       92      0.34547  0.29459  0.50    1668     491    1422     4370   2.62
1947-1949       93      0.35924  0.30454  0.50    1176     358     997     2948   2.51
1947-1949       94      0.36966  0.31200  0.50     818     255     690     1951   2.38
1947-1949       95      0.40694  0.33814  0.50     563     190     468     1260   2.24
1947-1949       96      0.43233  0.35549  0.50     373     132     306      793   2.13
1947-1949       97      0.45808  0.37272  0.50     240      89     195      486   2.03
1947-1949       98      0.48406  0.38973  0.50     151      59     121      291   1.93
1947-1949       99      0.51012  0.40645  0.50      92      37      73      170   1.85
1947-1949      100      0.53613  0.42279  0.50      55      23      43       96   1.77
1947-1949      101      0.56194  0.43868  0.50      31      14      25       53   1.70
1947-1949      102      0.58742  0.45406  0.50      18       8      14       29   1.63
1947-1949      103      0.61245  0.46887  0.50      10       5       7       15   1.57
1947-1949      104      0.63689  0.48306  0.50       5       2       4        8   1.52
1947-1949      105      0.66064  0.49660  0.50       3       1       2        4   1.47
1947-1949      106      0.68362  0.50947  0.50       1       1       1        2   1.42
1947-1949      107      0.70573  0.52165  0.50       1       0       0        1   1.39
1947-1949      108      0.72691  0.53314  0.50       0       0       0        0   1.35
1947-1949      109      0.74711  0.54393  0.50       0       0       0        0   1.32
1947-1949      110+     0.76630  1.00000  1.30       0       0       0        0   1.30
1950-1959        0      0.04252  0.04114  0.21  100000    4114   96757  6606776  66.07
1950-1959        1      0.00813  0.00810  0.50   95886     776   95498  6510019  67.89
1950-1959        2      0.00600  0.00598  0.50   95110     569   94825  6414521  67.44
1950-1959        3      0.00454  0.00453  0.50   94541     428   94327  6319696  66.85
1950-1959        4      0.00317  0.00316  0.50   94113     298   93964  6225369  66.15
1950-1959        5      0.00217  0.00217  0.50   93815     203   93714  6131405  65.36
1950-1959        6      0.00151  0.00151  0.50   93612     141   93541  6037691  64.50
1950-1959        7      0.00111  0.00111  0.50   93471     104   93419  5944150  63.59
1950-1959        8      0.00088  0.00088  0.50   93367      82   93326  5850731  62.66
1950-1959        9      0.00077  0.00077  0.50   93285      72   93249  5757405  61.72
1950-1959       10      0.00071  0.00071  0.50   93213      66   93180  5664156  60.77
1950-1959       11      0.00067  0.00067  0.50   93147      63   93115  5570977  59.81
1950-1959       12      0.00069  0.00069  0.50   93084      64   93052  5477861  58.85
1950-1959       13      0.00072  0.00072  0.50   93020      67   92986  5384809  57.89
1950-1959       14      0.00079  0.00079  0.50   92953      74   92916  5291823  56.93
1950-1959       15      0.00088  0.00088  0.50   92879      81   92838  5198907  55.98
1950-1959       16      0.00109  0.00109  0.50   92798     101   92747  5106069  55.02
1950-1959       17      0.00128  0.00128  0.50   92697     119   92637  5013322  54.08
1950-1959       18      0.00156  0.00156  0.50   92578     144   92506  4920685  53.15
1950-1959       19      0.00183  0.00183  0.50   92433     169   92349  4828179  52.23
1950-1959       20      0.00200  0.00200  0.50   92264     184   92172  4735830  51.33
1950-1959       21      0.00221  0.00220  0.50   92080     203   91978  4643659  50.43
1950-1959       22      0.00234  0.00234  0.50   91877     215   91769  4551680  49.54
1950-1959       23      0.00252  0.00252  0.50   91662     231   91546  4459911  48.66
1950-1959       24      0.00262  0.00262  0.50   91431     240   91311  4368364  47.78
1950-1959       25      0.00261  0.00261  0.50   91191     238   91073  4277053  46.90
1950-1959       26      0.00268  0.00267  0.50   90954     243   90832  4185981  46.02
1950-1959       27      0.00272  0.00271  0.50   90710     246   90587  4095149  45.15
1950-1959       28      0.00276  0.00275  0.50   90464     249   90340  4004561  44.27
1950-1959       29      0.00282  0.00281  0.50   90215     254   90088  3914221  43.39
1950-1959       30      0.00288  0.00287  0.50   89962     258   89833  3824133  42.51
1950-1959       31      0.00285  0.00285  0.50   89703     256   89576  3734300  41.63
1950-1959       32      0.00292  0.00291  0.50   89448     260   89318  3644725  40.75
1950-1959       33      0.00299  0.00298  0.50   89187     266   89054  3555407  39.86
1950-1959       34      0.00309  0.00309  0.50   88921     275   88784  3466353  38.98
1950-1959       35      0.00316  0.00316  0.50   88647     280   88507  3377569  38.10
1950-1959       36      0.00328  0.00328  0.50   88366     290   88222  3289063  37.22
1950-1959       37      0.00339  0.00338  0.50   88077     298   87928  3200841  36.34
1950-1959       38      0.00352  0.00352  0.50   87779     309   87625  3112913  35.46
1950-1959       39      0.00369  0.00368  0.50   87470     322   87309  3025288  34.59
1950-1959       40      0.00383  0.00382  0.50   87148     333   86982  2937979  33.71
1950-1959       41      0.00398  0.00397  0.50   86815     345   86643  2850997  32.84
1950-1959       42      0.00416  0.00415  0.50   86470     359   86291  2764355  31.97
1950-1959       43      0.00434  0.00433  0.50   86112     373   85925  2678064  31.10
1950-1959       44      0.00457  0.00456  0.50   85739     391   85543  2592138  30.23
1950-1959       45      0.00488  0.00487  0.50   85348     416   85140  2506595  29.37
1950-1959       46      0.00523  0.00521  0.50   84933     443   84711  2421455  28.51
1950-1959       47      0.00557  0.00556  0.50   84490     469   84255  2336744  27.66
1950-1959       48      0.00613  0.00611  0.50   84020     513   83763  2252489  26.81
1950-1959       49      0.00661  0.00659  0.50   83507     550   83232  2168725  25.97
1950-1959       50      0.00711  0.00708  0.50   82957     587   82663  2085493  25.14
1950-1959       51      0.00765  0.00762  0.50   82369     628   82056  2002830  24.32
1950-1959       52      0.00822  0.00819  0.50   81742     669   81407  1920775  23.50
1950-1959       53      0.00885  0.00881  0.50   81073     714   80716  1839367  22.69
1950-1959       54      0.00945  0.00941  0.50   80359     756   79981  1758652  21.89
1950-1959       55      0.01010  0.01005  0.50   79603     800   79203  1678671  21.09
1950-1959       56      0.01093  0.01087  0.50   78803     857   78374  1599469  20.30
1950-1959       57      0.01192  0.01185  0.50   77946     924   77484  1521094  19.51
1950-1959       58      0.01351  0.01342  0.50   77022    1033   76506  1443610  18.74
1950-1959       59      0.01392  0.01382  0.50   75989    1050   75464  1367105  17.99
1950-1959       60      0.01537  0.01525  0.50   74939    1143   74367  1291641  17.24
1950-1959       61      0.01675  0.01661  0.50   73796    1226   73183  1217273  16.50
1950-1959       62      0.01832  0.01815  0.50   72570    1317   71911  1144091  15.77
1950-1959       63      0.02051  0.02030  0.50   71252    1446   70529  1072180  15.05
1950-1959       64      0.02271  0.02245  0.50   69806    1567   69022  1001650  14.35
1950-1959       65      0.02487  0.02457  0.50   68239    1677   67401   932628  13.67
1950-1959       66      0.02764  0.02726  0.50   66562    1814   65655   865227  13.00
1950-1959       67      0.03073  0.03027  0.50   64748    1960   63768   799572  12.35
1950-1959       68      0.03405  0.03348  0.50   62788    2102   61737   735804  11.72
1950-1959       69      0.03828  0.03756  0.50   60686    2280   59546   674067  11.11
1950-1959       70      0.04216  0.04129  0.50   58406    2411   57200   614521  10.52
1950-1959       71      0.04703  0.04595  0.50   55995    2573   54708   557321   9.95
1950-1959       72      0.05190  0.05058  0.50   53422    2702   52071   502613   9.41
1950-1959       73      0.05715  0.05556  0.50   50719    2818   49310   450542   8.88
1950-1959       74      0.06338  0.06144  0.50   47901    2943   46430   401232   8.38
1950-1959       75      0.07020  0.06782  0.50   44959    3049   43434   354802   7.89
1950-1959       76      0.07722  0.07435  0.50   41909    3116   40351   311368   7.43
1950-1959       77      0.08399  0.08061  0.50   38793    3127   37230   271017   6.99
1950-1959       78      0.09363  0.08944  0.50   35666    3190   34071   233787   6.55
1950-1959       79      0.10215  0.09719  0.50   32476    3156   30898   199715   6.15
1950-1959       80      0.11491  0.10866  0.50   29320    3186   27727   168817   5.76
1950-1959       81      0.12637  0.11886  0.50   26134    3106   24581   141090   5.40
1950-1959       82      0.13779  0.12890  0.50   23028    2968   21544   116509   5.06
1950-1959       83      0.15197  0.14124  0.50   20059    2833   18643    94966   4.73
1950-1959       84      0.16745  0.15451  0.50   17226    2662   15895    76323   4.43
1950-1959       85      0.18181  0.16666  0.50   14565    2427   13351    60427   4.15
1950-1959       86      0.20142  0.18299  0.50   12137    2221   11027    47076   3.88
1950-1959       87      0.21809  0.19664  0.50    9916    1950    8941    36050   3.64
1950-1959       88      0.23933  0.21375  0.50    7966    1703    7115    27108   3.40
1950-1959       89      0.25841  0.22885  0.50    6263    1433    5547    19993   3.19
1950-1959       90      0.27792  0.24401  0.50    4830    1179    4241    14447   2.99
1950-1959       91      0.30963  0.26812  0.50    3652     979    3162    10206   2.79
1950-1959       92      0.33367  0.28596  0.50    2672     764    2290     7044   2.64
1950-1959       93      0.35706  0.30297  0.50    1908     578    1619     4753   2.49
1950-1959       94      0.38335  0.32169  0.50    1330     428    1116     3134   2.36
1950-1959       95      0.40517  0.33691  0.50     902     304     750     2018   2.24
1950-1959       96      0.43216  0.35537  0.50     598     213     492     1268   2.12
1950-1959       97      0.45956  0.37369  0.50     386     144     314      776   2.01
1950-1959       98      0.48721  0.39177  0.50     242      95     194      462   1.91
1950-1959       99      0.51494  0.40951  0.50     147      60     117      268   1.83
1950-1959      100      0.54258  0.42679  0.50      87      37      68      151   1.74
1950-1959      101      0.56996  0.44355  0.50      50      22      39       83   1.67
1950-1959      102      0.59691  0.45971  0.50      28      13      21       44   1.60
1950-1959      103      0.62329  0.47520  0.50      15       7      11       23   1.54
1950-1959      104      0.64897  0.48998  0.50       8       4       6       12   1.49
1950-1959      105      0.67380  0.50400  0.50       4       2       3        6   1.44
1950-1959      106      0.69770  0.51726  0.50       2       1       1        3   1.40
1950-1959      107      0.72058  0.52972  0.50       1       1       1        1   1.36
1950-1959      108      0.74236  0.54140  0.50       0       0       0        1   1.32
1950-1959      109      0.76300  0.55230  0.50       0       0       0        0   1.30
1950-1959      110+     0.78248  1.00000  1.28       0       0       0        0   1.28
1960-1969        0      0.01886  0.01855  0.12  100000    1855   98367  7270373  72.70
1960-1969        1      0.00219  0.00219  0.50   98145     215   98037  7172006  73.08
1960-1969        2      0.00140  0.00140  0.50   97930     137   97862  7073968  72.23
1960-1969        3      0.00105  0.00105  0.50   97793     102   97742  6976107  71.34
1960-1969        4      0.00089  0.00089  0.50   97691      87   97648  6878365  70.41
1960-1969        5      0.00073  0.00073  0.50   97604      71   97569  6780717  69.47
1960-1969        6      0.00058  0.00058  0.50   97533      56   97505  6683148  68.52
1960-1969        7      0.00048  0.00048  0.50   97477      47   97453  6585643  67.56
1960-1969        8      0.00040  0.00040  0.50   97430      39   97410  6488190  66.59
1960-1969        9      0.00036  0.00036  0.50   97390      35   97373  6390780  65.62
1960-1969       10      0.00033  0.00033  0.50   97355      32   97339  6293407  64.64
1960-1969       11      0.00033  0.00033  0.50   97323      32   97307  6196068  63.67
1960-1969       12      0.00033  0.00033  0.50   97291      32   97275  6098761  62.69
1960-1969       13      0.00034  0.00034  0.50   97259      33   97242  6001486  61.71
1960-1969       14      0.00034  0.00034  0.50   97226      33   97209  5904244  60.73
1960-1969       15      0.00037  0.00037  0.50   97193      36   97175  5807035  59.75
1960-1969       16      0.00045  0.00045  0.50   97157      44   97135  5709860  58.77
1960-1969       17      0.00051  0.00051  0.50   97113      50   97088  5612725  57.80
1960-1969       18      0.00060  0.00060  0.50   97063      59   97034  5515637  56.83
1960-1969       19      0.00071  0.00071  0.50   97005      69   96970  5418603  55.86
1960-1969       20      0.00079  0.00079  0.50   96936      76   96898  5321633  54.90
1960-1969       21      0.00084  0.00084  0.50   96860      82   96819  5224735  53.94
1960-1969       22      0.00093  0.00093  0.50   96778      90   96733  5127916  52.99
1960-1969       23      0.00099  0.00099  0.50   96688      96   96640  5031183  52.04
1960-1969       24      0.00103  0.00103  0.50   96592      99   96543  4934543  51.09
1960-1969       25      0.00106  0.00106  0.50   96493     102   96442  4838000  50.14
1960-1969       26      0.00109  0.00109  0.50   96391     105   96338  4741558  49.19
1960-1969       27      0.00111  0.00111  0.50   96286     107   96232  4645220  48.24
1960-1969       28      0.00116  0.00116  0.50   96179     112   96123  4548988  47.30
1960-1969       29      0.00121  0.00121  0.50   96067     116   96009  4452865  46.35
1960-1969       30      0.00124  0.00124  0.50   95951     119   95891  4356856  45.41
1960-1969       31      0.00128  0.00128  0.50   95832     123   95770  4260965  44.46
1960-1969       32      0.00137  0.00136  0.50   95709     131   95644  4165194  43.52
1960-1969       33      0.00141  0.00141  0.50   95578     135   95511  4069551  42.58
1960-1969       34      0.00150  0.00150  0.50   95444     143   95372  3974040  41.64
1960-1969       35      0.00157  0.00157  0.50   95300     149   95226  3878668  40.70
1960-1969       36      0.00165  0.00165  0.50   95151     157   95073  3783442  39.76
1960-1969       37      0.00176  0.00176  0.50   94994     167   94910  3688370  38.83
1960-1969       38      0.00188  0.00188  0.50   94827     178   94738  3593459  37.89
1960-1969       39      0.00202  0.00202  0.50   94649     191   94553  3498721  36.97
1960-1969       40      0.00213  0.00213  0.50   94458     201   94357  3404168  36.04
1960-1969       41      0.00227  0.00227  0.50   94257     214   94150  3309811  35.11
1960-1969       42      0.00241  0.00241  0.50   94043     227   93929  3215661  34.19
1960-1969       43      0.00262  0.00262  0.50   93816     245   93693  3121732  33.28
1960-1969       44      0.00288  0.00287  0.50   93570     269   93436  3028038  32.36
1960-1969       45      0.00312  0.00311  0.50   93301     290   93156  2934602  31.45
1960-1969       46      0.00339  0.00338  0.50   93011     315   92854  2841446  30.55
1960-1969       47      0.00371  0.00371  0.50   92696     344   92524  2748593  29.65
1960-1969       48      0.00406  0.00405  0.50   92353     374   92166  2656068  28.76
1960-1969       49      0.00441  0.00440  0.50   91979     405   91776  2563903  27.87
1960-1969       50      0.00479  0.00478  0.50   91574     438   91355  2472126  27.00
1960-1969       51      0.00525  0.00524  0.50   91136     477   90898  2380771  26.12
1960-1969       52      0.00570  0.00569  0.50   90659     515   90401  2289873  25.26
1960-1969       53      0.00615  0.00613  0.50   90144     552   89867  2199472  24.40
1960-1969       54      0.00671  0.00669  0.50   89591     600   89291  2109605  23.55
1960-1969       55      0.00716  0.00713  0.50   88992     635   88674  2020313  22.70
1960-1969       56      0.00781  0.00778  0.50   88357     687   88013  1931639  21.86
1960-1969       57      0.00850  0.00847  0.50   87669     742   87298  1843626  21.03
1960-1969       58      0.00979  0.00974  0.50   86927     847   86504  1756328  20.20
1960-1969       59      0.01034  0.01029  0.50   86080     885   85637  1669824  19.40
1960-1969       60      0.01128  0.01121  0.50   85195     955   84717  1584187  18.59
1960-1969       61      0.01247  0.01239  0.50   84239    1044   83718  1499470  17.80
1960-1969       62      0.01372  0.01363  0.50   83196    1134   82629  1415752  17.02
1960-1969       63      0.01530  0.01519  0.50   82062    1246   81439  1333123  16.25
1960-1969       64      0.01711  0.01697  0.50   80816    1371   80130  1251685  15.49
1960-1969       65      0.01875  0.01857  0.50   79444    1476   78707  1171555  14.75
1960-1969       66      0.02098  0.02076  0.50   77969    1619   77159  1092848  14.02
1960-1969       67      0.02350  0.02323  0.50   76350    1773   75463  1015689  13.30
1960-1969       68      0.02644  0.02609  0.50   74577    1946   73604   940225  12.61
1960-1969       69      0.02936  0.02894  0.50   72631    2102   71580   866622  11.93
1960-1969       70      0.03300  0.03246  0.50   70529    2289   69384   795042  11.27
1960-1969       71      0.03731  0.03662  0.50   68240    2499   66990   725657  10.63
1960-1969       72      0.04193  0.04107  0.50   65740    2700   64390   658667  10.02
1960-1969       73      0.04757  0.04647  0.50   63040    2929   61576   594277   9.43
1960-1969       74      0.05285  0.05149  0.50   60111    3095   58564   532701   8.86
1960-1969       75      0.05987  0.05813  0.50   57016    3315   55359   474138   8.32
1960-1969       76      0.06757  0.06536  0.50   53701    3510   51946   418779   7.80
1960-1969       77      0.07544  0.07269  0.50   50191    3649   48367   366833   7.31
1960-1969       78      0.08466  0.08122  0.50   46543    3780   44652   318466   6.84
1960-1969       79      0.09487  0.09058  0.50   42762    3873   40826   273813   6.40
1960-1969       80      0.10532  0.10005  0.50   38889    3891   36944   232988   5.99
1960-1969       81      0.11744  0.11093  0.50   34998    3882   33057   196044   5.60
1960-1969       82      0.12943  0.12156  0.50   31116    3783   29225   162987   5.24
1960-1969       83      0.14448  0.13475  0.50   27333    3683   25492   133762   4.89
1960-1969       84      0.15838  0.14676  0.50   23650    3471   21915   108271   4.58
1960-1969       85      0.17325  0.15944  0.50   20179    3217   18571    86356   4.28
1960-1969       86      0.19106  0.17440  0.50   16962    2958   15483    67786   4.00
1960-1969       87      0.20966  0.18977  0.50   14004    2657   12675    52303   3.73
1960-1969       88      0.23059  0.20676  0.50   11346    2346   10173    39628   3.49
1960-1969       89      0.25159  0.22347  0.50    9000    2011    7995    29455   3.27
1960-1969       90      0.27095  0.23862  0.50    6989    1668    6155    21460   3.07
1960-1969       91      0.29347  0.25592  0.50    5321    1362    4640    15305   2.88
1960-1969       92      0.32397  0.27880  0.50    3959    1104    3408    10664   2.69
1960-1969       93      0.34303  0.29281  0.50    2856     836    2437     7257   2.54
1960-1969       94      0.37369  0.31486  0.50    2019     636    1702     4819   2.39
1960-1969       95      0.40010  0.33341  0.50    1384     461    1153     3118   2.25
1960-1969       96      0.42806  0.35259  0.50     922     325     760     1965   2.13
1960-1969       97      0.45648  0.37165  0.50     597     222     486     1205   2.02
1960-1969       98      0.48519  0.39046  0.50     375     146     302      719   1.92
1960-1969       99      0.51400  0.40891  0.50     229      94     182      417   1.82
1960-1969      100      0.54271  0.42687  0.50     135      58     106      235   1.74
1960-1969      101      0.57114  0.44427  0.50      77      34      60      129   1.67
1960-1969      102      0.59911  0.46101  0.50      43      20      33       69   1.60
1960-1969      103      0.62645  0.47703  0.50      23      11      18       36   1.54
1960-1969      104      0.65301  0.49228  0.50      12       6       9       18   1.48
1960-1969      105      0.67864  0.50671  0.50       6       3       5        9   1.43
1960-1969      106      0.70325  0.52030  0.50       3       2       2        4   1.39
1960-1969      107      0.72672  0.53304  0.50       1       1       1        2   1.35
1960-1969      108      0.74901  0.54493  0.50       1       0       0        1   1.31
1960-1969      109      0.77005  0.55598  0.50       0       0       0        0   1.28
1960-1969      110+     0.78982  1.00000  1.27       0       0       0        0   1.27
1970-1979        0      0.00918  0.00911  0.13  100000     911   99208  7680115  76.80
1970-1979        1      0.00129  0.00129  0.50   99089     128   99025  7580907  76.51
1970-1979        2      0.00073  0.00073  0.50   98961      73   98925  7481881  75.60
1970-1979        3      0.00054  0.00054  0.50   98889      54   98862  7382957  74.66
1970-1979        4      0.00044  0.00044  0.50   98835      44   98813  7284095  73.70
1970-1979        5      0.00037  0.00037  0.50   98791      37   98773  7185282  72.73
1970-1979        6      0.00033  0.00033  0.50   98754      32   98738  7086509  71.76
1970-1979        7      0.00028  0.00028  0.50   98722      28   98708  6987771  70.78
1970-1979        8      0.00023  0.00023  0.50   98694      23   98683  6889062  69.80
1970-1979        9      0.00021  0.00021  0.50   98672      20   98661  6790380  68.82
1970-1979       10      0.00020  0.00020  0.50   98651      20   98641  6691718  67.83
1970-1979       11      0.00018  0.00018  0.50   98632      18   98623  6593077  66.85
1970-1979       12      0.00019  0.00019  0.50   98614      19   98604  6494454  65.86
1970-1979       13      0.00021  0.00021  0.50   98595      20   98585  6395850  64.87
1970-1979       14      0.00021  0.00021  0.50   98574      21   98564  6297265  63.88
1970-1979       15      0.00025  0.00025  0.50   98554      25   98541  6198701  62.90
1970-1979       16      0.00030  0.00030  0.50   98529      30   98514  6100160  61.91
1970-1979       17      0.00035  0.00035  0.50   98499      35   98482  6001646  60.93
1970-1979       18      0.00038  0.00038  0.50   98464      38   98445  5903164  59.95
1970-1979       19      0.00045  0.00045  0.50   98427      44   98405  5804719  58.98
1970-1979       20      0.00051  0.00051  0.50   98383      50   98357  5706314  58.00
1970-1979       21      0.00053  0.00053  0.50   98332      52   98306  5607957  57.03
1970-1979       22      0.00055  0.00055  0.50   98280      54   98253  5509650  56.06
1970-1979       23      0.00060  0.00060  0.50   98226      59   98197  5411397  55.09
1970-1979       24      0.00059  0.00059  0.50   98168      58   98138  5313200  54.12
1970-1979       25      0.00062  0.00062  0.50   98109      61   98079  5215062  53.16
1970-1979       26      0.00062  0.00062  0.50   98048      61   98018  5116983  52.19
1970-1979       27      0.00064  0.00064  0.50   97987      63   97956  5018966  51.22
1970-1979       28      0.00066  0.00066  0.50   97924      65   97892  4921010  50.25
1970-1979       29      0.00070  0.00070  0.50   97859      68   97825  4823118  49.29
1970-1979       30      0.00074  0.00074  0.50   97791      72   97755  4725293  48.32
1970-1979       31      0.00076  0.00076  0.50   97719      74   97682  4627538  47.36
1970-1979       32      0.00081  0.00081  0.50   97645      79   97605  4529856  46.39
1970-1979       33      0.00088  0.00088  0.50   97565      86   97523  4432251  45.43
1970-1979       34      0.00092  0.00092  0.50   97480      90   97435  4334729  44.47
1970-1979       35      0.00098  0.00097  0.50   97390      95   97343  4237294  43.51
1970-1979       36      0.00105  0.00105  0.50   97295     102   97244  4139951  42.55
1970-1979       37      0.00114  0.00114  0.50   97193     111   97138  4042706  41.59
1970-1979       38      0.00121  0.00121  0.50   97083     117   97024  3945568  40.64
1970-1979       39      0.00133  0.00133  0.50   96965     129   96901  3848544  39.69
1970-1979       40      0.00142  0.00142  0.50   96837     137   96768  3751643  38.74
1970-1979       41      0.00155  0.00155  0.50   96699     150   96624  3654876  37.80
1970-1979       42      0.00167  0.00167  0.50   96550     161   96469  3558251  36.85
1970-1979       43      0.00182  0.00182  0.50   96389     175   96301  3461782  35.91
1970-1979       44      0.00200  0.00200  0.50   96213     192   96117  3365481  34.98
1970-1979       45      0.00215  0.00214  0.50   96021     206   95918  3269364  34.05
1970-1979       46      0.00234  0.00234  0.50   95815     224   95703  3173446  33.12
1970-1979       47      0.00256  0.00256  0.50   95591     245   95468  3077744  32.20
1970-1979       48      0.00282  0.00281  0.50   95346     268   95212  2982275  31.28
1970-1979       49      0.00305  0.00304  0.50   95078     289   94933  2887063  30.37
1970-1979       50      0.00334  0.00334  0.50   94788     316   94630  2792130  29.46
1970-1979       51      0.00362  0.00361  0.50   94472     341   94301  2697500  28.55
1970-1979       52      0.00394  0.00393  0.50   94131     370   93945  2603199  27.66
1970-1979       53      0.00430  0.00429  0.50   93760     402   93559  2509254  26.76
1970-1979       54      0.00462  0.00461  0.50   93358     430   93143  2415694  25.88
1970-1979       55      0.00499  0.00497  0.50   92928     462   92697  2322551  24.99
1970-1979       56      0.00550  0.00548  0.50   92466     507   92213  2229854  24.12
1970-1979       57      0.00601  0.00600  0.50   91959     551   91683  2137641  23.25
1970-1979       58      0.00661  0.00659  0.50   91408     603   91106  2045958  22.38
1970-1979       59      0.00718  0.00715  0.50   90805     650   90480  1954851  21.53
1970-1979       60      0.00788  0.00785  0.50   90155     707   89802  1864371  20.68
1970-1979       61      0.00886  0.00883  0.50   89448     789   89053  1774570  19.84
1970-1979       62      0.00968  0.00963  0.50   88658     854   88231  1685516  19.01
1970-1979       63      0.01068  0.01062  0.50   87805     933   87338  1597285  18.19
1970-1979       64      0.01195  0.01188  0.50   86872    1032   86356  1509947  17.38
1970-1979       65      0.01337  0.01328  0.50   85840    1140   85270  1423591  16.58
1970-1979       66      0.01477  0.01466  0.50   84699    1242   84079  1338322  15.80
1970-1979       67      0.01679  0.01665  0.50   83458    1389   82763  1254243  15.03
1970-1979       68      0.01876  0.01858  0.50   82068    1525   81306  1171480  14.27
1970-1979       69      0.02097  0.02075  0.50   80543    1672   79708  1090174  13.54
1970-1979       70      0.02394  0.02366  0.50   78872    1866   77939  1010466  12.81
1970-1979       71      0.02682  0.02646  0.50   77006    2038   75987   932527  12.11
1970-1979       72      0.03055  0.03009  0.50   74968    2256   73840   856540  11.43
1970-1979       73      0.03445  0.03387  0.50   72712    2463   71481   782699  10.76
1970-1979       74      0.03919  0.03843  0.50   70250    2700   68900   711218  10.12
1970-1979       75      0.04402  0.04307  0.50   67550    2909   66095   642319   9.51
1970-1979       76      0.05026  0.04903  0.50   64640    3169   63056   576224   8.91
1970-1979       77      0.05681  0.05524  0.50   61471    3396   59773   513168   8.35
1970-1979       78      0.06431  0.06231  0.50   58075    3618   56266   453394   7.81
1970-1979       79      0.07233  0.06980  0.50   54457    3801   52556   397128   7.29
1970-1979       80      0.08234  0.07909  0.50   50656    4006   48653   344572   6.80
1970-1979       81      0.09325  0.08910  0.50   46650    4156   44571   295919   6.34
1970-1979       82      0.10373  0.09861  0.50   42493    4190   40398   251348   5.91
1970-1979       83      0.11750  0.11098  0.50   38303    4251   36178   210950   5.51
1970-1979       84      0.13030  0.12233  0.50   34052    4165   31969   174772   5.13
1970-1979       85      0.14530  0.13546  0.50   29887    4048   27862   142803   4.78
1970-1979       86      0.16161  0.14952  0.50   25838    3863   23907   114940   4.45
1970-1979       87      0.17879  0.16412  0.50   21975    3606   20172    91034   4.14
1970-1979       88      0.19657  0.17898  0.50   18368    3288   16725    70862   3.86
1970-1979       89      0.21837  0.19687  0.50   15081    2969   13596    54137   3.59
1970-1979       90      0.23892  0.21343  0.50   12112    2585   10819    40541   3.35
1970-1979       91      0.26432  0.23347  0.50    9527    2224    8415    29722   3.12
1970-1979       92      0.29009  0.25334  0.50    7303    1850    6378    21307   2.92
1970-1979       93      0.30893  0.26760  0.50    5453    1459    4723    14929   2.74
1970-1979       94      0.33850  0.28950  0.50    3993    1156    3415    10206   2.56
1970-1979       95      0.36875  0.31135  0.50    2837     883    2396     6791   2.39
1970-1979       96      0.39807  0.33199  0.50    1954     649    1630     4395   2.25
1970-1979       97      0.42813  0.35264  0.50    1305     460    1075     2766   2.12
1970-1979       98      0.45874  0.37315  0.50     845     315     687     1690   2.00
1970-1979       99      0.48966  0.39335  0.50     530     208     425     1003   1.89
1970-1979      100      0.52066  0.41311  0.50     321     133     255      578   1.80
1970-1979      101      0.55150  0.43229  0.50     189      82     148      323   1.71
1970-1979      102      0.58195  0.45078  0.50     107      48      83      175   1.63
1970-1979      103      0.61179  0.46848  0.50      59      28      45       92   1.56
1970-1979      104      0.64081  0.48531  0.50      31      15      24       47   1.50
1970-1979      105      0.66884  0.50122  0.50      16       8      12       23   1.45
1970-1979      106      0.69572  0.51616  0.50       8       4       6       11   1.40
1970-1979      107      0.72132  0.53013  0.50       4       2       3        5   1.35
1970-1979      108      0.74556  0.54310  0.50       2       1       1        2   1.32
1970-1979      109      0.76837  0.55511  0.50       1       0       1        1   1.29
1970-1979      110+     0.78971  1.00000  1.27       0       0       0        0   1.27
1980-1989        0      0.00531  0.00528  0.14  100000     528   99545  8043738  80.44
1980-1989        1      0.00081  0.00081  0.50   99472      81   99432  7944193  79.86
1980-1989        2      0.00045  0.00045  0.50   99391      44   99369  7844762  78.93
1980-1989        3      0.00033  0.00033  0.50   99347      33   99331  7745393  77.96
1980-1989        4      0.00024  0.00024  0.50   99314      24   99302  7646062  76.99
1980-1989        5      0.00021  0.00021  0.50   99290      21   99279  7546760  76.01
1980-1989        6      0.00020  0.00020  0.50   99269      20   99259  7447481  75.02
1980-1989        7      0.00017  0.00017  0.50   99249      17   99241  7348222  74.04
1980-1989        8      0.00014  0.00014  0.50   99233      14   99225  7248981  73.05
1980-1989        9      0.00013  0.00013  0.50   99218      13   99212  7149756  72.06
1980-1989       10      0.00012  0.00012  0.50   99205      12   99199  7050544  71.07
1980-1989       11      0.00012  0.00012  0.50   99193      12   99187  6951345  70.08
1980-1989       12      0.00012  0.00012  0.50   99181      12   99175  6852158  69.09
1980-1989       13      0.00013  0.00013  0.50   99169      13   99163  6752983  68.10
1980-1989       14      0.00015  0.00015  0.50   99156      14   99149  6653820  67.10
1980-1989       15      0.00018  0.00018  0.50   99142      18   99133  6554672  66.11
1980-1989       16      0.00022  0.00022  0.50   99124      22   99113  6455539  65.13
1980-1989       17      0.00025  0.00025  0.50   99102      25   99090  6356426  64.14
1980-1989       18      0.00029  0.00029  0.50   99077      28   99063  6257336  63.16
1980-1989       19      0.00031  0.00031  0.50   99049      30   99034  6158273  62.17
1980-1989       20      0.00033  0.00033  0.50   99018      32   99002  6059240  61.19
1980-1989       21      0.00033  0.00033  0.50   98986      33   98970  5960238  60.21
1980-1989       22      0.00033  0.00033  0.50   98953      32   98937  5861268  59.23
1980-1989       23      0.00035  0.00035  0.50   98921      34   98904  5762331  58.25
1980-1989       24      0.00036  0.00036  0.50   98887      36   98869  5663427  57.27
1980-1989       25      0.00038  0.00038  0.50   98851      38   98832  5564559  56.29
1980-1989       26      0.00040  0.00040  0.50   98813      40   98793  5465727  55.31
1980-1989       27      0.00042  0.00042  0.50   98773      41   98753  5366934  54.34
1980-1989       28      0.00044  0.00044  0.50   98732      43   98710  5268181  53.36
1980-1989       29      0.00046  0.00046  0.50   98689      46   98666  5169471  52.38
1980-1989       30      0.00049  0.00049  0.50   98643      48   98619  5070805  51.41
1980-1989       31      0.00051  0.00051  0.50   98595      50   98570  4972186  50.43
1980-1989       32      0.00054  0.00054  0.50   98545      53   98518  4873616  49.46
1980-1989       33      0.00058  0.00058  0.50   98492      57   98463  4775098  48.48
1980-1989       34      0.00064  0.00064  0.50   98434      63   98403  4676635  47.51
1980-1989       35      0.00068  0.00068  0.50   98371      66   98338  4578232  46.54
1980-1989       36      0.00073  0.00073  0.50   98305      72   98269  4479894  45.57
1980-1989       37      0.00080  0.00080  0.50   98233      78   98194  4381625  44.60
1980-1989       38      0.00084  0.00084  0.50   98155      83   98113  4283431  43.64
1980-1989       39      0.00094  0.00094  0.50   98072      92   98026  4185318  42.68
1980-1989       40      0.00102  0.00102  0.50   97980     100   97930  4087292  41.72
1980-1989       41      0.00111  0.00111  0.50   97881     108   97826  3989361  40.76
1980-1989       42      0.00119  0.00119  0.50   97772     116   97714  3891535  39.80
1980-1989       43      0.00133  0.00133  0.50   97656     130   97591  3793821  38.85
1980-1989       44      0.00145  0.00145  0.50   97526     141   97455  3696230  37.90
1980-1989       45      0.00154  0.00154  0.50   97384     149   97310  3598775  36.95
1980-1989       46      0.00169  0.00168  0.50   97235     164   97153  3501465  36.01
1980-1989       47      0.00187  0.00186  0.50   97071     181   96981  3404312  35.07
1980-1989       48      0.00207  0.00206  0.50   96890     200   96790  3307331  34.13
1980-1989       49      0.00225  0.00225  0.50   96690     217   96582  3210541  33.20
1980-1989       50      0.00245  0.00245  0.50   96473     236   96355  3113959  32.28
1980-1989       51      0.00269  0.00269  0.50   96237     259   96108  3017604  31.36
1980-1989       52      0.00288  0.00287  0.50   95978     276   95841  2921496  30.44
1980-1989       53      0.00307  0.00307  0.50   95703     294   95556  2825656  29.53
1980-1989       54      0.00334  0.00334  0.50   95409     318   95250  2730100  28.61
1980-1989       55      0.00360  0.00359  0.50   95091     341   94920  2634850  27.71
1980-1989       56      0.00389  0.00388  0.50   94749     368   94565  2539930  26.81
1980-1989       57      0.00421  0.00420  0.50   94381     397   94183  2445364  25.91
1980-1989       58      0.00459  0.00458  0.50   93984     430   93769  2351182  25.02
1980-1989       59      0.00497  0.00496  0.50   93554     464   93323  2257412  24.13
1980-1989       60      0.00548  0.00546  0.50   93091     509   92836  2164090  23.25
1980-1989       61      0.00605  0.00604  0.50   92582     559   92303  2071253  22.37
1980-1989       62      0.00661  0.00659  0.50   92023     607   91720  1978950  21.50
1980-1989       63      0.00737  0.00734  0.50   91417     671   91081  1887230  20.64
1980-1989       64      0.00809  0.00806  0.50   90745     732   90380  1796149  19.79
1980-1989       65      0.00897  0.00893  0.50   90014     804   89612  1705770  18.95
1980-1989       66      0.01003  0.00998  0.50   89210     890   88765  1616158  18.12
1980-1989       67      0.01110  0.01103  0.50   88319     975   87832  1527393  17.29
1980-1989       68      0.01249  0.01242  0.50   87345    1085   86803  1439561  16.48
1980-1989       69      0.01415  0.01405  0.50   86260    1212   85654  1352759  15.68
1980-1989       70      0.01587  0.01574  0.50   85049    1339   84379  1267104  14.90
1980-1989       71      0.01795  0.01779  0.50   83710    1489   82965  1182725  14.13
1980-1989       72      0.02021  0.02001  0.50   82221    1645   81398  1099760  13.38
1980-1989       73      0.02287  0.02262  0.50   80575    1822   79664  1018362  12.64
1980-1989       74      0.02602  0.02569  0.50   78753    2023   77742   938697  11.92
1980-1989       75      0.02975  0.02931  0.50   76730    2249   75606   860956  11.22
1980-1989       76      0.03377  0.03321  0.50   74481    2474   73245   785350  10.54
1980-1989       77      0.03874  0.03801  0.50   72008    2737   70639   712105   9.89
1980-1989       78      0.04446  0.04349  0.50   69271    3013   67765   641466   9.26
1980-1989       79      0.05095  0.04968  0.50   66258    3292   64612   573701   8.66
1980-1989       80      0.05866  0.05699  0.50   62966    3588   61172   509089   8.09
1980-1989       81      0.06677  0.06461  0.50   59378    3836   57460   447917   7.54
1980-1989       82      0.07647  0.07365  0.50   55542    4091   53496   390457   7.03
1980-1989       83      0.08589  0.08235  0.50   51451    4237   49332   336960   6.55
1980-1989       84      0.09734  0.09282  0.50   47214    4382   45023   287628   6.09
1980-1989       85      0.10950  0.10382  0.50   42831    4447   40608   242605   5.66
1980-1989       86      0.12331  0.11615  0.50   38385    4458   36156   201997   5.26
1980-1989       87      0.13791  0.12902  0.50   33926    4377   31738   165842   4.89
1980-1989       88      0.15461  0.14352  0.50   29549    4241   27429   134104   4.54
1980-1989       89      0.17210  0.15846  0.50   25309    4011   23303   106675   4.21
1980-1989       90      0.19071  0.17411  0.50   21298    3708   19444    83371   3.91
1980-1989       91      0.21332  0.19276  0.50   17590    3391   15894    63928   3.63
1980-1989       92      0.23283  0.20855  0.50   14199    2961   12719    48033   3.38
1980-1989       93      0.25734  0.22800  0.50   11238    2562    9957    35314   3.14
1980-1989       94      0.28233  0.24741  0.50    8676    2146    7602    25358   2.92
1980-1989       95      0.31146  0.26949  0.50    6529    1760    5649    17755   2.72
1980-1989       96      0.34022  0.29076  0.50    4770    1387    4076    12106   2.54
1980-1989       97      0.37020  0.31238  0.50    3383    1057    2854     8030   2.37
1980-1989       98      0.40121  0.33418  0.50    2326     777    1937     5175   2.22
1980-1989       99      0.43304  0.35597  0.50    1549     551    1273     3238   2.09
1980-1989      100      0.46543  0.37757  0.50     997     377     809     1964   1.97
1980-1989      101      0.49812  0.39879  0.50     621     248     497     1155   1.86
1980-1989      102      0.53082  0.41948  0.50     373     157     295      658   1.76
1980-1989      103      0.56326  0.43949  0.50     217      95     169      363   1.68
1980-1989      104      0.59516  0.45867  0.50     121      56      94      194   1.60
1980-1989      105      0.62629  0.47694  0.50      66      31      50      101   1.53
1980-1989      106      0.65640  0.49420  0.50      34      17      26       51   1.47
1980-1989      107      0.68530  0.51041  0.50      17       9      13       25   1.42
1980-1989      108      0.71284  0.52553  0.50       9       4       6       12   1.37
1980-1989      109      0.73888  0.53955  0.50       4       2       3        5   1.33
1980-1989      110+     0.76335  1.00000  1.31       2       2       2        2   1.31
1990-1999        0      0.00376  0.00375  0.14  100000     375   99678  8300715  83.01
1990-1999        1      0.00062  0.00062  0.50   99625      62   99594  8201037  82.32
1990-1999        2      0.00034  0.00034  0.50   99563      34   99546  8101443  81.37
1990-1999        3      0.00024  0.00024  0.50   99529      24   99517  8001897  80.40
1990-1999        4      0.00020  0.00020  0.50   99505      20   99495  7902380  79.42
1990-1999        5      0.00017  0.00017  0.50   99485      17   99476  7802886  78.43
1990-1999        6      0.00015  0.00015  0.50   99467      15   99460  7703410  77.45
1990-1999        7      0.00015  0.00015  0.50   99453      14   99445  7603950  76.46
1990-1999        8      0.00012  0.00012  0.50   99438      11   99432  7504504  75.47
1990-1999        9      0.00010  0.00010  0.50   99427      10   99421  7405072  74.48
1990-1999       10      0.00010  0.00010  0.50   99416      10   99411  7305650  73.49
1990-1999       11      0.00010  0.00010  0.50   99407      10   99402  7206239  72.49
1990-1999       12      0.00011  0.00011  0.50   99397      11   99391  7106838  71.50
1990-1999       13      0.00012  0.00012  0.50   99386      11   99380  7007446  70.51
1990-1999       14      0.00012  0.00012  0.50   99374      12   99368  6908066  69.52
1990-1999       15      0.00015  0.00015  0.50   99362      15   99355  6808698  68.52
1990-1999       16      0.00019  0.00019  0.50   99347      19   99338  6709343  67.53
1990-1999       17      0.00021  0.00021  0.50   99328      21   99318  6610005  66.55
1990-1999       18      0.00025  0.00025  0.50   99308      25   99295  6510687  65.56
1990-1999       19      0.00027  0.00027  0.50   99283      27   99269  6411392  64.58
1990-1999       20      0.00028  0.00028  0.50   99256      28   99242  6312122  63.59
1990-1999       21      0.00029  0.00029  0.50   99228      29   99214  6212881  62.61
1990-1999       22      0.00029  0.00029  0.50   99199      29   99185  6113667  61.63
1990-1999       23      0.00029  0.00029  0.50   99171      28   99156  6014482  60.65
1990-1999       24      0.00029  0.00029  0.50   99142      29   99128  5915326  59.67
1990-1999       25      0.00029  0.00029  0.50   99114      29   99099  5816198  58.68
1990-1999       26      0.00031  0.00031  0.50   99085      31   99069  5717099  57.70
1990-1999       27      0.00033  0.00033  0.50   99054      32   99037  5618030  56.72
1990-1999       28      0.00035  0.00035  0.50   99021      34   99004  5518992  55.74
1990-1999       29      0.00037  0.00037  0.50   98987      36   98969  5419988  54.75
1990-1999       30      0.00039  0.00039  0.50   98951      39   98931  5321019  53.77
1990-1999       31      0.00043  0.00043  0.50   98912      42   98891  5222088  52.80
1990-1999       32      0.00045  0.00045  0.50   98870      44   98848  5123197  51.82
1990-1999       33      0.00048  0.00048  0.50   98825      47   98802  5024350  50.84
1990-1999       34      0.00050  0.00050  0.50   98778      50   98753  4925548  49.86
1990-1999       35      0.00056  0.00056  0.50   98729      55   98701  4826795  48.89
1990-1999       36      0.00057  0.00057  0.50   98674      57   98645  4728093  47.92
1990-1999       37      0.00062  0.00062  0.50   98617      61   98587  4629448  46.94
1990-1999       38      0.00069  0.00069  0.50   98556      68   98522  4530861  45.97
1990-1999       39      0.00074  0.00074  0.50   98488      73   98452  4432339  45.00
1990-1999       40      0.00083  0.00083  0.50   98415      81   98375  4333887  44.04
1990-1999       41      0.00090  0.00090  0.50   98334      89   98290  4235513  43.07
1990-1999       42      0.00101  0.00101  0.50   98245      99   98196  4137223  42.11
1990-1999       43      0.00112  0.00112  0.50   98146     110   98091  4039027  41.15
1990-1999       44      0.00121  0.00121  0.50   98036     118   97977  3940937  40.20
1990-1999       45      0.00133  0.00133  0.50   97918     130   97852  3842960  39.25
1990-1999       46      0.00145  0.00145  0.50   97787     142   97716  3745107  38.30
1990-1999       47      0.00159  0.00159  0.50   97645     155   97568  3647391  37.35
1990-1999       48      0.00173  0.00173  0.50   97490     169   97406  3549823  36.41
1990-1999       49      0.00192  0.00192  0.50   97321     187   97228  3452417  35.47
1990-1999       50      0.00207  0.00206  0.50   97135     200   97035  3355189  34.54
1990-1999       51      0.00223  0.00223  0.50   96935     216   96827  3258154  33.61
1990-1999       52      0.00241  0.00240  0.50   96719     233   96602  3161328  32.69
1990-1999       53      0.00258  0.00258  0.50   96486     249   96362  3064725  31.76
1990-1999       54      0.00276  0.00276  0.50   96238     265   96105  2968363  30.84
1990-1999       55      0.00296  0.00296  0.50   95972     284   95830  2872259  29.93
1990-1999       56      0.00322  0.00322  0.50   95689     308   95534  2776428  29.02
1990-1999       57      0.00345  0.00344  0.50   95380     328   95216  2680894  28.11
1990-1999       58      0.00372  0.00371  0.50   95052     353   94876  2585677  27.20
1990-1999       59      0.00414  0.00413  0.50   94700     391   94504  2490801  26.30
1990-1999       60      0.00449  0.00448  0.50   94309     423   94098  2396297  25.41
1990-1999       61      0.00491  0.00489  0.50   93886     460   93656  2302199  24.52
1990-1999       62      0.00534  0.00533  0.50   93427     498   93178  2208543  23.64
1990-1999       63      0.00580  0.00578  0.50   92929     537   92661  2115365  22.76
1990-1999       64      0.00640  0.00637  0.50   92392     589   92098  2022704  21.89
1990-1999       65      0.00698  0.00695  0.50   91803     638   91484  1930607  21.03
1990-1999       66      0.00773  0.00770  0.50   91165     702   90814  1839123  20.17
1990-1999       67      0.00846  0.00842  0.50   90463     762   90082  1748309  19.33
1990-1999       68      0.00944  0.00940  0.50   89700     843   89279  1658228  18.49
1990-1999       69      0.01047  0.01041  0.50   88858     925   88395  1568949  17.66
1990-1999       70      0.01163  0.01156  0.50   87932    1017   87424  1480554  16.84
1990-1999       71      0.01311  0.01302  0.50   86916    1132   86350  1393130  16.03
1990-1999       72      0.01462  0.01452  0.50   85784    1245   85161  1306780  15.23
1990-1999       73      0.01658  0.01644  0.50   84538    1390   83843  1221619  14.45
1990-1999       74      0.01883  0.01866  0.50   83148    1551   82373  1137776  13.68
1990-1999       75      0.02141  0.02118  0.50   81597    1728   80733  1055403  12.93
1990-1999       76      0.02430  0.02401  0.50   79869    1918   78910   974670  12.20
1990-1999       77      0.02788  0.02749  0.50   77951    2143   76880   895760  11.49
1990-1999       78      0.03153  0.03104  0.50   75808    2353   74631   818881  10.80
1990-1999       79      0.03646  0.03580  0.50   73455    2630   72140   744250  10.13
1990-1999       80      0.04194  0.04108  0.50   70825    2909   69370   672110   9.49
1990-1999       81      0.04798  0.04686  0.50   67915    3182   66324   602740   8.87
1990-1999       82      0.05471  0.05325  0.50   64733    3447   63009   536416   8.29
1990-1999       83      0.06276  0.06085  0.50   61286    3729   59421   473406   7.72
1990-1999       84      0.07133  0.06887  0.50   57557    3964   55575   413985   7.19
1990-1999       85      0.08142  0.07824  0.50   53593    4193   51496   358411   6.69
1990-1999       86      0.09226  0.08819  0.50   49400    4357   47221   306915   6.21
1990-1999       87      0.10510  0.09985  0.50   45043    4498   42794   259693   5.77
1990-1999       88      0.11830  0.11169  0.50   40546    4529   38281   216899   5.35
1990-1999       89      0.13351  0.12516  0.50   36017    4508   33763   178618   4.96
1990-1999       90      0.15008  0.13960  0.50   31509    4399   29310   144854   4.60
1990-1999       91      0.16863  0.15552  0.50   27110    4216   25002   115545   4.26
1990-1999       92      0.18674  0.17079  0.50   22894    3910   20939    90542   3.95
1990-1999       93      0.20759  0.18807  0.50   18984    3570   17199    69603   3.67
1990-1999       94      0.22874  0.20526  0.50   15414    3164   13832    52404   3.40
1990-1999       95      0.25503  0.22619  0.50   12250    2771   10865    38572   3.15
1990-1999       96      0.28168  0.24691  0.50    9479    2340    8309    27708   2.92
1990-1999       97      0.30997  0.26837  0.50    7139    1916    6181    19399   2.72
1990-1999       98      0.33975  0.29041  0.50    5223    1517    4464    13218   2.53
1990-1999       99      0.37085  0.31284  0.50    3706    1159    3126     8753   2.36
1990-1999      100      0.40306  0.33546  0.50    2547     854    2120     5627   2.21
1990-1999      101      0.43613  0.35805  0.50    1692     606    1389     3508   2.07
1990-1999      102      0.46978  0.38043  0.50    1086     413     880     2118   1.95
1990-1999      103      0.50371  0.40237  0.50     673     271     538     1238   1.84
1990-1999      104      0.53760  0.42371  0.50     402     170     317      701   1.74
1990-1999      105      0.57115  0.44428  0.50     232     103     180      384   1.65
1990-1999      106      0.60406  0.46394  0.50     129      60      99      203   1.58
1990-1999      107      0.63605  0.48258  0.50      69      33      52      104   1.51
1990-1999      108      0.66688  0.50012  0.50      36      18      27       52   1.45
1990-1999      109      0.69635  0.51651  0.50      18       9      13       25   1.41
1990-1999      110+     0.72428  1.00000  1.38       9       9      12       12   1.38
2000-2009        0      0.00263  0.00263  0.14  100000     263   99775  8550467  85.50
2000-2009        1      0.00039  0.00039  0.50   99737      39   99718  8450692  84.73
2000-2009        2      0.00023  0.00023  0.50   99698      23   99687  8350974  83.76
2000-2009        3      0.00017  0.00017  0.50   99676      17   99667  8251287  82.78
2000-2009        4      0.00013  0.00013  0.50   99659      13   99652  8151620  81.80
2000-2009        5      0.00011  0.00011  0.50   99646      11   99640  8051967  80.81
2000-2009        6      0.00010  0.00010  0.50   99634      10   99629  7952327  79.82
2000-2009        7      0.00010  0.00010  0.50   99625      10   99620  7852698  78.82
2000-2009        8      0.00008  0.00008  0.50   99615       8   99611  7753078  77.83
2000-2009        9      0.00007  0.00007  0.50   99607       7   99603  7653467  76.84
2000-2009       10      0.00008  0.00008  0.50   99599       8   99596  7553864  75.84
2000-2009       11      0.00006  0.00006  0.50   99592       6   99589  7454269  74.85
2000-2009       12      0.00007  0.00007  0.50   99585       7   99582  7354680  73.85
2000-2009       13      0.00008  0.00008  0.50   99578       8   99574  7255098  72.86
2000-2009       14      0.00009  0.00009  0.50   99570       9   99565  7155524  71.86
2000-2009       15      0.00012  0.00012  0.50   99561      12   99555  7055958  70.87
2000-2009       16      0.00016  0.00016  0.50   99549      16   99541  6956404  69.88
2000-2009       17      0.00018  0.00018  0.50   99533      18   99524  6856863  68.89
2000-2009       18      0.00021  0.00021  0.50   99515      21   99505  6757339  67.90
2000-2009       19      0.00025  0.00025  0.50   99494      25   99482  6657834  66.92
2000-2009       20      0.00025  0.00025  0.50   99470      25   99457  6558352  65.93
2000-2009       21      0.00026  0.00026  0.50   99445      26   99431  6458895  64.95
2000-2009       22      0.00028  0.00028  0.50   99418      28   99404  6359464  63.97
2000-2009       23      0.00029  0.00029  0.50   99390      29   99375  6260059  62.98
2000-2009       24      0.00029  0.00029  0.50   99361      29   99346  6160684  62.00
2000-2009       25      0.00030  0.00030  0.50   99332      30   99317  6061338  61.02
2000-2009       26      0.00030  0.00030  0.50   99302      30   99287  5962020  60.04
2000-2009       27      0.00031  0.00031  0.50   99272      31   99257  5862733  59.06
2000-2009       28      0.00033  0.00033  0.50   99241      33   99225  5763477  58.08
2000-2009       29      0.00035  0.00035  0.50   99209      35   99191  5664252  57.09
2000-2009       30      0.00037  0.00037  0.50   99174      36   99156  5565061  56.11
2000-2009       31      0.00039  0.00039  0.50   99138      39   99118  5465905  55.13
2000-2009       32      0.00041  0.00041  0.50   99099      41   99078  5366787  54.16
2000-2009       33      0.00043  0.00043  0.50   99058      42   99037  5267709  53.18
2000-2009       34      0.00048  0.00048  0.50   99016      47   98992  5168672  52.20
2000-2009       35      0.00051  0.00051  0.50   98968      50   98943  5069680  51.23
2000-2009       36      0.00054  0.00054  0.50   98918      54   98891  4970737  50.25
2000-2009       37      0.00060  0.00060  0.50   98864      59   98835  4871846  49.28
2000-2009       38      0.00064  0.00064  0.50   98805      63   98774  4773011  48.31
2000-2009       39      0.00070  0.00070  0.50   98742      69   98708  4674237  47.34
2000-2009       40      0.00073  0.00073  0.50   98674      72   98637  4575529  46.37
2000-2009       41      0.00081  0.00081  0.50   98601      80   98561  4476892  45.40
2000-2009       42      0.00087  0.00087  0.50   98522      85   98479  4378330  44.44
2000-2009       43      0.00095  0.00095  0.50   98436      94   98390  4279851  43.48
2000-2009       44      0.00105  0.00105  0.50   98343     103   98291  4181462  42.52
2000-2009       45      0.00113  0.00113  0.50   98240     111   98185  4083170  41.56
2000-2009       46      0.00126  0.00126  0.50   98129     123   98068  3984986  40.61
2000-2009       47      0.00134  0.00134  0.50   98006     131   97941  3886918  39.66
2000-2009       48      0.00149  0.00149  0.50   97875     146   97802  3788977  38.71
2000-2009       49      0.00162  0.00162  0.50   97729     158   97650  3691175  37.77
2000-2009       50      0.00180  0.00180  0.50   97571     176   97483  3593524  36.83
2000-2009       51      0.00196  0.00196  0.50   97396     191   97300  3496041  35.90
2000-2009       52      0.00210  0.00210  0.50   97205     204   97103  3398741  34.96
2000-2009       53      0.00229  0.00228  0.50   97001     222   96890  3301638  34.04
2000-2009       54      0.00246  0.00246  0.50   96779     238   96660  3204748  33.11
2000-2009       55      0.00262  0.00262  0.50   96541     253   96415  3108088  32.19
2000-2009       56      0.00279  0.00278  0.50   96288     268   96155  3011673  31.28
2000-2009       57      0.00297  0.00297  0.50   96021     285   95878  2915519  30.36
2000-2009       58      0.00319  0.00318  0.50   95736     304   95584  2819640  29.45
2000-2009       59      0.00339  0.00339  0.50   95431     323   95270  2724057  28.54
2000-2009       60      0.00362  0.00361  0.50   95108     344   94936  2628787  27.64
2000-2009       61      0.00391  0.00390  0.50   94765     370   94580  2533850  26.74
2000-2009       62      0.00419  0.00418  0.50   94395     395   94197  2439271  25.84
2000-2009       63      0.00459  0.00458  0.50   94000     431   93785  2345073  24.95
2000-2009       64      0.00498  0.00497  0.50   93569     465   93337  2251289  24.06
2000-2009       65      0.00544  0.00542  0.50   93105     505   92852  2157952  23.18
2000-2009       66      0.00593  0.00591  0.50   92600     548   92326  2065099  22.30
2000-2009       67      0.00657  0.00655  0.50   92052     603   91751  1972773  21.43
2000-2009       68      0.00725  0.00723  0.50   91450     661   91119  1881022  20.57
2000-2009       69      0.00805  0.00802  0.50   90789     728   90425  1789903  19.72
2000-2009       70      0.00897  0.00893  0.50   90061     805   89658  1699478  18.87
2000-2009       71      0.00992  0.00987  0.50   89256     881   88816  1609820  18.04
2000-2009       72      0.01111  0.01105  0.50   88375     977   87887  1521004  17.21
2000-2009       73      0.01241  0.01233  0.50   87398    1078   86859  1433118  16.40
2000-2009       74      0.01380  0.01370  0.50   86320    1183   85729  1346258  15.60
2000-2009       75      0.01559  0.01547  0.50   85137    1317   84479  1260529  14.81
2000-2009       76      0.01757  0.01742  0.50   83820    1460   83091  1176050  14.03
2000-2009       77      0.01993  0.01974  0.50   82361    1625   81548  1092960  13.27
2000-2009       78      0.02258  0.02232  0.50   80735    1802   79834  1011412  12.53
2000-2009       79      0.02568  0.02536  0.50   78933    2002   77932   931578  11.80
2000-2009       80      0.02949  0.02906  0.50   76931    2235   75814   853646  11.10
2000-2009       81      0.03374  0.03318  0.50   74696    2479   73457   777832  10.41
2000-2009       82      0.03859  0.03786  0.50   72217    2734   70850   704375   9.75
2000-2009       83      0.04416  0.04320  0.50   69484    3002   67983   633525   9.12
2000-2009       84      0.05075  0.04949  0.50   66482    3290   64836   565542   8.51
2000-2009       85      0.05830  0.05665  0.50   63191    3580   61402   500706   7.92
2000-2009       86      0.06641  0.06428  0.50   59612    3832   57696   439304   7.37
2000-2009       87      0.07641  0.07359  0.50   55780    4105   53728   381608   6.84
2000-2009       88      0.08716  0.08352  0.50   51675    4316   49517   327881   6.35
2000-2009       89      0.09949  0.09477  0.50   47359    4488   45115   278364   5.88
2000-2009       90      0.11315  0.10709  0.50   42871    4591   40575   233249   5.44
2000-2009       91      0.12866  0.12088  0.50   38280    4627   35966   192674   5.03
2000-2009       92      0.14434  0.13462  0.50   33652    4530   31387   156708   4.66
2000-2009       93      0.16337  0.15104  0.50   29122    4398   26923   125321   4.30
2000-2009       94      0.18241  0.16716  0.50   24723    4133   22657    98398   3.98
2000-2009       95      0.20360  0.18478  0.50   20591    3805   18688    75741   3.68
2000-2009       96      0.22754  0.20430  0.50   16786    3429   15071    57053   3.40
2000-2009       97      0.25341  0.22492  0.50   13356    3004   11854    41982   3.14
2000-2009       98      0.28115  0.24650  0.50   10352    2552    9076    30127   2.91
2000-2009       99      0.31067  0.26890  0.50    7800    2098    6752    21051   2.70
2000-2009      100      0.34181  0.29192  0.50    5703    1665    4871    14299   2.51
2000-2009      101      0.37437  0.31534  0.50    4038    1273    3401     9429   2.33
2000-2009      102      0.40811  0.33895  0.50    2765     937    2296     6027   2.18
2000-2009      103      0.44275  0.36250  0.50    1828     663    1496     3731   2.04
2000-2009      104      0.47794  0.38576  0.50    1165     449     940     2235   1.92
2000-2009      105      0.51336  0.40851  0.50     716     292     569     1294   1.81
2000-2009      106      0.54865  0.43054  0.50     423     182     332      725   1.71
2000-2009      107      0.58345  0.45168  0.50     241     109     187      392   1.63
2000-2009      108      0.61744  0.47179  0.50     132      62     101      206   1.56
2000-2009      109      0.65032  0.49075  0.50      70      34      53      105   1.50
2000-2009      110+     0.68183  1.00000  1.47      36      36      52       52   1.47
2010-2016        0      0.00206  0.00206  0.14  100000     206   99824  8659725  86.60
2010-2016        1      0.00034  0.00034  0.50   99794      34   99777  8559901  85.78
2010-2016        2      0.00020  0.00020  0.50   99760      20   99750  8460124  84.81
2010-2016        3      0.00014  0.00014  0.50   99740      14   99733  8360374  83.82
2010-2016        4      0.00011  0.00011  0.50   99726      11   99721  8260642  82.83
2010-2016        5      0.00010  0.00010  0.50   99715      10   99710  8160921  81.84
2010-2016        6      0.00009  0.00009  0.50   99705       9   99700  8061211  80.85
2010-2016        7      0.00007  0.00007  0.50   99695       7   99692  7961511  79.86
2010-2016        8      0.00007  0.00007  0.50   99688       7   99685  7861819  78.86
2010-2016        9      0.00007  0.00007  0.50   99681       7   99678  7762135  77.87
2010-2016       10      0.00007  0.00007  0.50   99674       7   99671  7662457  76.87
2010-2016       11      0.00007  0.00007  0.50   99667       7   99664  7562786  75.88
2010-2016       12      0.00007  0.00007  0.50   99660       7   99657  7463122  74.89
2010-2016       13      0.00007  0.00007  0.50   99653       7   99650  7363465  73.89
2010-2016       14      0.00009  0.00009  0.50   99646       9   99642  7263816  72.90
2010-2016       15      0.00011  0.00011  0.50   99638      11   99632  7164174  71.90
2010-2016       16      0.00013  0.00013  0.50   99627      13   99620  7064542  70.91
2010-2016       17      0.00014  0.00014  0.50   99614      14   99607  6964921  69.92
2010-2016       18      0.00017  0.00017  0.50   99600      17   99591  6865315  68.93
2010-2016       19      0.00019  0.00019  0.50   99582      19   99573  6765724  67.94
2010-2016       20      0.00021  0.00021  0.50   99563      21   99553  6666151  66.95
2010-2016       21      0.00023  0.00023  0.50   99543      23   99531  6566598  65.97
2010-2016       22      0.00025  0.00025  0.50   99520      25   99507  6467066  64.98
2010-2016       23      0.00026  0.00026  0.50   99495      26   99482  6367559  64.00
2010-2016       24      0.00026  0.00026  0.50   99469      26   99456  6268077  63.02
2010-2016       25      0.00026  0.00026  0.50   99443      26   99430  6168621  62.03
2010-2016       26      0.00028  0.00028  0.50   99417      28   99402  6069192  61.05
2010-2016       27      0.00030  0.00030  0.50   99388      29   99374  5969789  60.07
2010-2016       28      0.00030  0.00030  0.50   99359      30   99344  5870416  59.08
2010-2016       29      0.00032  0.00032  0.50   99329      31   99313  5771071  58.10
2010-2016       30      0.00034  0.00034  0.50   99298      33   99281  5671758  57.12
2010-2016       31      0.00036  0.00036  0.50   99264      36   99247  5572477  56.14
2010-2016       32      0.00038  0.00038  0.50   99229      37   99210  5473230  55.16
2010-2016       33      0.00039  0.00039  0.50   99191      39   99172  5374020  54.18
2010-2016       34      0.00043  0.00043  0.50   99153      42   99131  5274849  53.20
2010-2016       35      0.00046  0.00045  0.50   99110      45   99088  5175717  52.22
2010-2016       36      0.00048  0.00048  0.50   99065      48   99041  5076629  51.25
2010-2016       37      0.00052  0.00052  0.50   99017      52   98991  4977588  50.27
2010-2016       38      0.00057  0.00057  0.50   98966      57   98937  4878597  49.30
2010-2016       39      0.00062  0.00062  0.50   98909      61   98878  4779660  48.32
2010-2016       40      0.00067  0.00067  0.50   98848      66   98815  4680781  47.35
2010-2016       41      0.00073  0.00073  0.50   98782      72   98745  4581967  46.38
2010-2016       42      0.00080  0.00080  0.50   98709      79   98670  4483221  45.42
2010-2016       43      0.00084  0.00084  0.50   98630      83   98589  4384551  44.45
2010-2016       44      0.00094  0.00094  0.50   98548      92   98501  4285962  43.49
2010-2016       45      0.00102  0.00102  0.50   98455     101   98405  4187461  42.53
2010-2016       46      0.00111  0.00111  0.50   98354     109   98300  4089056  41.57
2010-2016       47      0.00122  0.00122  0.50   98245     120   98185  3990757  40.62
2010-2016       48      0.00133  0.00133  0.50   98125     131   98060  3892572  39.67
2010-2016       49      0.00146  0.00146  0.50   97994     143   97923  3794512  38.72
2010-2016       50      0.00160  0.00160  0.50   97851     156   97773  3696589  37.78
2010-2016       51      0.00172  0.00172  0.50   97694     168   97610  3598817  36.84
2010-2016       52      0.00185  0.00185  0.50   97526     180   97436  3501206  35.90
2010-2016       53      0.00203  0.00203  0.50   97346     197   97248  3403770  34.97
2010-2016       54      0.00215  0.00215  0.50   97149     208   97045  3306522  34.04
2010-2016       55      0.00229  0.00229  0.50   96940     222   96829  3209478  33.11
2010-2016       56      0.00245  0.00245  0.50   96718     237   96600  3112648  32.18
2010-2016       57      0.00263  0.00263  0.50   96481     254   96355  3016048  31.26
2010-2016       58      0.00279  0.00279  0.50   96228     268   96094  2919694  30.34
2010-2016       59      0.00301  0.00301  0.50   95960     289   95815  2823600  29.42
2010-2016       60      0.00330  0.00329  0.50   95671     315   95513  2727785  28.51
2010-2016       61      0.00356  0.00356  0.50   95356     339   95186  2632272  27.60
2010-2016       62      0.00384  0.00384  0.50   95016     364   94834  2537086  26.70
2010-2016       63      0.00412  0.00411  0.50   94652     389   94457  2442252  25.80
2010-2016       64      0.00443  0.00442  0.50   94263     417   94055  2347794  24.91
2010-2016       65      0.00486  0.00485  0.50   93846     455   93619  2253740  24.02
2010-2016       66      0.00525  0.00524  0.50   93391     489   93146  2160121  23.13
2010-2016       67      0.00566  0.00565  0.50   92902     524   92640  2066975  22.25
2010-2016       68      0.00621  0.00619  0.50   92377     572   92091  1974335  21.37
2010-2016       69      0.00681  0.00678  0.50   91805     623   91494  1882244  20.50
2010-2016       70      0.00750  0.00747  0.50   91183     681   90842  1790750  19.64
2010-2016       71      0.00831  0.00828  0.50   90502     749   90127  1699908  18.78
2010-2016       72      0.00917  0.00913  0.50   89753     819   89343  1609781  17.94
2010-2016       73      0.01029  0.01023  0.50   88933     910   88478  1520438  17.10
2010-2016       74      0.01145  0.01138  0.50   88023    1002   87522  1431959  16.27
2010-2016       75      0.01299  0.01291  0.50   87021    1123   86460  1344437  15.45
2010-2016       76      0.01461  0.01450  0.50   85898    1246   85275  1257977  14.65
2010-2016       77      0.01675  0.01661  0.50   84653    1406   83950  1172702  13.85
2010-2016       78      0.01906  0.01888  0.50   83247    1572   82461  1088752  13.08
2010-2016       79      0.02189  0.02165  0.50   81675    1769   80791  1006292  12.32
2010-2016       80      0.02517  0.02486  0.50   79907    1986   78913   925501  11.58
2010-2016       81      0.02905  0.02864  0.50   77920    2231   76804   846587  10.86
2010-2016       82      0.03312  0.03258  0.50   75689    2466   74456   769783  10.17
2010-2016       83      0.03841  0.03768  0.50   73223    2759   71843   695327   9.50
2010-2016       84      0.04428  0.04332  0.50   70464    3052   68938   623484   8.85
2010-2016       85      0.05142  0.05013  0.50   67412    3380   65722   554546   8.23
2010-2016       86      0.05917  0.05747  0.50   64032    3680   62192   488824   7.63
2010-2016       87      0.06846  0.06619  0.50   60352    3995   58354   426632   7.07
2010-2016       88      0.07934  0.07632  0.50   56357    4301   54207   368278   6.53
2010-2016       89      0.09154  0.08754  0.50   52056    4557   49778   314071   6.03
2010-2016       90      0.10627  0.10091  0.50   47499    4793   45103   264294   5.56
2010-2016       91      0.12146  0.11451  0.50   42706    4890   40261   219191   5.13
2010-2016       92      0.13800  0.12909  0.50   37816    4882   35375   178929   4.73
2010-2016       93      0.15617  0.14486  0.50   32934    4771   30549   143554   4.36
2010-2016       94      0.17607  0.16182  0.50   28163    4557   25885   113005   4.01
2010-2016       95      0.19894  0.18094  0.50   23606    4271   21470    87121   3.69
2010-2016       96      0.22418  0.20158  0.50   19335    3898   17386    65650   3.40
2010-2016       97      0.25162  0.22350  0.50   15437    3450   13712    48264   3.13
2010-2016       98      0.28121  0.24654  0.50   11987    2955   10509    34552   2.88
2010-2016       99      0.31281  0.27050  0.50    9032    2443    7810    24043   2.66
2010-2016      100      0.34626  0.29516  0.50    6589    1945    5616    16233   2.46
2010-2016      101      0.38130  0.32025  0.50    4644    1487    3900    10616   2.29
2010-2016      102      0.41763  0.34548  0.50    3157    1091    2611     6716   2.13
2010-2016      103      0.45486  0.37058  0.50    2066     766    1683     4105   1.99
2010-2016      104      0.49261  0.39526  0.50    1300     514    1043     2421   1.86
2010-2016      105      0.53045  0.41925  0.50     786     330     622     1378   1.75
2010-2016      106      0.56793  0.44233  0.50     457     202     356      756   1.66
2010-2016      107      0.60466  0.46429  0.50     255     118     196      401   1.57
2010-2016      108      0.64024  0.48499  0.50     136      66     103      205   1.50
2010-2016      109      0.67434  0.50431  0.50      70      35      53      102   1.45
2010-2016      110+     0.70670  1.00000  1.42      35      35      49       49   1.42
