Luxembourg, Life tables (period 1x10), Females	Last modified: 26 Sep 2017;  Methods Protocol: v6 (2017)

  Year          Age         mx       qx    ax      lx      dx      Lx       Tx     ex
1960-1969        0      0.02113  0.02075  0.13  100000    2075   98192  7264520  72.65
1960-1969        1      0.00253  0.00253  0.50   97925     248   97801  7166328  73.18
1960-1969        2      0.00097  0.00097  0.50   97677      95   97630  7068527  72.37
1960-1969        3      0.00065  0.00065  0.50   97582      63   97551  6970898  71.44
1960-1969        4      0.00085  0.00085  0.50   97519      83   97478  6873347  70.48
1960-1969        5      0.00045  0.00045  0.50   97436      44   97414  6775869  69.54
1960-1969        6      0.00066  0.00066  0.50   97392      64   97360  6678455  68.57
1960-1969        7      0.00050  0.00050  0.50   97328      48   97304  6581095  67.62
1960-1969        8      0.00063  0.00063  0.50   97280      62   97249  6483791  66.65
1960-1969        9      0.00013  0.00013  0.50   97218      13   97212  6386541  65.69
1960-1969       10      0.00026  0.00026  0.50   97206      26   97193  6289329  64.70
1960-1969       11      0.00036  0.00036  0.50   97180      35   97163  6192136  63.72
1960-1969       12      0.00027  0.00027  0.50   97146      26   97133  6094973  62.74
1960-1969       13      0.00032  0.00032  0.50   97120      31   97104  5997840  61.76
1960-1969       14      0.00019  0.00019  0.50   97089      18   97080  5900736  60.78
1960-1969       15      0.00024  0.00024  0.50   97071      23   97059  5803656  59.79
1960-1969       16      0.00047  0.00047  0.50   97048      46   97025  5706597  58.80
1960-1969       17      0.00038  0.00038  0.50   97002      37   96983  5609573  57.83
1960-1969       18      0.00052  0.00052  0.50   96965      51   96940  5512589  56.85
1960-1969       19      0.00043  0.00043  0.50   96914      42   96893  5415650  55.88
1960-1969       20      0.00067  0.00067  0.50   96872      65   96840  5318756  54.90
1960-1969       21      0.00062  0.00062  0.50   96807      60   96777  5221917  53.94
1960-1969       22      0.00067  0.00066  0.50   96748      64   96715  5125139  52.97
1960-1969       23      0.00047  0.00047  0.50   96683      46   96660  5028424  52.01
1960-1969       24      0.00033  0.00033  0.50   96637      32   96622  4931763  51.03
1960-1969       25      0.00060  0.00060  0.50   96606      58   96577  4835142  50.05
1960-1969       26      0.00046  0.00046  0.50   96548      44   96525  4738565  49.08
1960-1969       27      0.00101  0.00101  0.50   96503      97   96455  4642040  48.10
1960-1969       28      0.00050  0.00050  0.50   96406      48   96382  4545585  47.15
1960-1969       29      0.00102  0.00102  0.50   96358      98   96309  4449203  46.17
1960-1969       30      0.00109  0.00109  0.50   96260     105   96208  4352894  45.22
1960-1969       31      0.00087  0.00087  0.50   96155      84   96113  4256686  44.27
1960-1969       32      0.00103  0.00103  0.50   96071      99   96022  4160573  43.31
1960-1969       33      0.00123  0.00123  0.50   95973     118   95913  4064551  42.35
1960-1969       34      0.00118  0.00118  0.50   95854     113   95798  3968638  41.40
1960-1969       35      0.00129  0.00129  0.50   95741     124   95679  3872840  40.45
1960-1969       36      0.00095  0.00095  0.50   95617      91   95572  3777161  39.50
1960-1969       37      0.00149  0.00149  0.50   95526     142   95455  3681589  38.54
1960-1969       38      0.00174  0.00174  0.50   95384     166   95301  3586134  37.60
1960-1969       39      0.00192  0.00192  0.50   95218     183   95127  3490833  36.66
1960-1969       40      0.00261  0.00261  0.50   95035     248   94911  3395706  35.73
1960-1969       41      0.00270  0.00269  0.50   94787     255   94660  3300794  34.82
1960-1969       42      0.00199  0.00199  0.50   94532     188   94438  3206135  33.92
1960-1969       43      0.00220  0.00220  0.50   94344     207   94240  3111697  32.98
1960-1969       44      0.00312  0.00311  0.50   94137     293   93990  3017457  32.05
1960-1969       45      0.00378  0.00377  0.50   93843     354   93666  2923467  31.15
1960-1969       46      0.00351  0.00350  0.50   93490     327   93326  2829800  30.27
1960-1969       47      0.00355  0.00355  0.50   93162     330   92997  2736474  29.37
1960-1969       48      0.00423  0.00422  0.50   92832     392   92636  2643477  28.48
1960-1969       49      0.00433  0.00433  0.50   92440     400   92240  2550841  27.59
1960-1969       50      0.00562  0.00561  0.50   92040     516   91782  2458601  26.71
1960-1969       51      0.00510  0.00509  0.50   91524     466   91292  2366818  25.86
1960-1969       52      0.00533  0.00531  0.50   91059     484   90817  2275527  24.99
1960-1969       53      0.00681  0.00678  0.50   90575     614   90267  2184710  24.12
1960-1969       54      0.00617  0.00615  0.50   89960     553   89684  2094443  23.28
1960-1969       55      0.00723  0.00720  0.50   89407     644   89085  2004759  22.42
1960-1969       56      0.00765  0.00762  0.50   88763     676   88425  1915674  21.58
1960-1969       57      0.00852  0.00848  0.50   88087     747   87713  1827249  20.74
1960-1969       58      0.00883  0.00879  0.50   87340     768   86956  1739536  19.92
1960-1969       59      0.00888  0.00884  0.50   86572     765   86189  1652581  19.09
1960-1969       60      0.01166  0.01160  0.50   85807     995   85309  1566391  18.25
1960-1969       61      0.01344  0.01335  0.50   84812    1132   84246  1481082  17.46
1960-1969       62      0.01516  0.01504  0.50   83680    1259   83050  1396837  16.69
1960-1969       63      0.01457  0.01446  0.50   82421    1192   81825  1313787  15.94
1960-1969       64      0.01707  0.01693  0.50   81229    1375   80541  1231962  15.17
1960-1969       65      0.02085  0.02063  0.50   79854    1647   79030  1151421  14.42
1960-1969       66      0.02233  0.02208  0.50   78206    1727   77343  1072391  13.71
1960-1969       67      0.02719  0.02683  0.50   76479    2052   75453   995048  13.01
1960-1969       68      0.02804  0.02765  0.50   74427    2058   73398   919595  12.36
1960-1969       69      0.03046  0.03000  0.50   72369    2171   71284   846196  11.69
1960-1969       70      0.03482  0.03423  0.50   70198    2403   68997   774913  11.04
1960-1969       71      0.04117  0.04034  0.50   67795    2735   66428   705916  10.41
1960-1969       72      0.04036  0.03956  0.50   65061    2574   63774   639488   9.83
1960-1969       73      0.04744  0.04634  0.50   62487    2896   61039   575714   9.21
1960-1969       74      0.05794  0.05631  0.50   59591    3356   57913   514675   8.64
1960-1969       75      0.05974  0.05801  0.50   56236    3262   54605   456761   8.12
1960-1969       76      0.07124  0.06879  0.50   52974    3644   51152   402157   7.59
1960-1969       77      0.07940  0.07636  0.50   49330    3767   47446   351005   7.12
1960-1969       78      0.08461  0.08118  0.50   45563    3699   43713   303559   6.66
1960-1969       79      0.09968  0.09495  0.50   41864    3975   39877   259846   6.21
1960-1969       80      0.10617  0.10082  0.50   37889    3820   35979   219969   5.81
1960-1969       81      0.12431  0.11704  0.50   34069    3987   32076   183990   5.40
1960-1969       82      0.14415  0.13446  0.50   30082    4045   28060   151914   5.05
1960-1969       83      0.15850  0.14686  0.50   26037    3824   24125   123855   4.76
1960-1969       84      0.15742  0.14593  0.50   22213    3242   20592    99730   4.49
1960-1969       85      0.19704  0.17937  0.50   18972    3403   17270    79137   4.17
1960-1969       86      0.18267  0.16738  0.50   15569    2606   14266    61867   3.97
1960-1969       87      0.22112  0.19910  0.50   12963    2581   11672    47601   3.67
1960-1969       88      0.22013  0.19831  0.50   10382    2059    9352    35929   3.46
1960-1969       89      0.27659  0.24298  0.50    8323    2022    7312    26576   3.19
1960-1969       90      0.26472  0.23377  0.50    6301    1473    5564    19265   3.06
1960-1969       91      0.30202  0.26240  0.50    4828    1267    4194    13700   2.84
1960-1969       92      0.32609  0.28038  0.50    3561     998    3062     9506   2.67
1960-1969       93      0.35112  0.29868  0.50    2563     765    2180     6444   2.51
1960-1969       94      0.37699  0.31720  0.50    1797     570    1512     4264   2.37
1960-1969       95      0.40358  0.33582  0.50    1227     412    1021     2752   2.24
1960-1969       96      0.43076  0.35442  0.50     815     289     671     1731   2.12
1960-1969       97      0.45835  0.37289  0.50     526     196     428     1061   2.02
1960-1969       98      0.48620  0.39112  0.50     330     129     265      633   1.92
1960-1969       99      0.51414  0.40900  0.50     201      82     160      367   1.83
1960-1969      100      0.54200  0.42643  0.50     119      51      93      207   1.75
1960-1969      101      0.56959  0.44333  0.50      68      30      53      114   1.67
1960-1969      102      0.59675  0.45961  0.50      38      17      29       61   1.60
1960-1969      103      0.62334  0.47522  0.50      20      10      16       32   1.54
1960-1969      104      0.64920  0.49011  0.50      11       5       8       16   1.49
1960-1969      105      0.67422  0.50423  0.50       5       3       4        8   1.44
1960-1969      106      0.69828  0.51757  0.50       3       1       2        4   1.40
1960-1969      107      0.72129  0.53011  0.50       1       1       1        2   1.36
1960-1969      108      0.74320  0.54185  0.50       1       0       0        1   1.32
1960-1969      109      0.76395  0.55280  0.50       0       0       0        0   1.29
1960-1969      110+     0.78351  1.00000  1.28       0       0       0        0   1.28
1970-1979        0      0.01272  0.01258  0.12  100000    1258   98897  7435712  74.36
1970-1979        1      0.00135  0.00135  0.50   98742     133   98676  7336815  74.30
1970-1979        2      0.00098  0.00097  0.50   98609      96   98561  7238139  73.40
1970-1979        3      0.00071  0.00071  0.50   98513      69   98478  7139578  72.47
1970-1979        4      0.00036  0.00036  0.50   98443      36   98426  7041100  71.52
1970-1979        5      0.00070  0.00070  0.50   98408      69   98373  6942675  70.55
1970-1979        6      0.00026  0.00026  0.50   98338      25   98326  6844302  69.60
1970-1979        7      0.00008  0.00008  0.50   98313       8   98309  6745976  68.62
1970-1979        8      0.00024  0.00024  0.50   98305      24   98293  6647667  67.62
1970-1979        9      0.00024  0.00024  0.50   98281      23   98269  6549373  66.64
1970-1979       10      0.00027  0.00027  0.50   98258      27   98244  6451104  65.65
1970-1979       11      0.00012  0.00012  0.50   98231      11   98225  6352860  64.67
1970-1979       12      0.00023  0.00023  0.50   98219      23   98208  6254635  63.68
1970-1979       13      0.00027  0.00027  0.50   98196      27   98183  6156427  62.70
1970-1979       14      0.00039  0.00039  0.50   98170      38   98151  6058244  61.71
1970-1979       15      0.00039  0.00039  0.50   98132      38   98113  5960093  60.74
1970-1979       16      0.00038  0.00038  0.50   98094      38   98075  5861980  59.76
1970-1979       17      0.00088  0.00088  0.50   98056      86   98013  5763905  58.78
1970-1979       18      0.00069  0.00069  0.50   97970      67   97936  5665892  57.83
1970-1979       19      0.00046  0.00046  0.50   97903      45   97880  5567955  56.87
1970-1979       20      0.00034  0.00034  0.50   97858      34   97841  5470075  55.90
1970-1979       21      0.00054  0.00054  0.50   97824      53   97798  5372234  54.92
1970-1979       22      0.00062  0.00062  0.50   97772      60   97741  5274436  53.95
1970-1979       23      0.00055  0.00054  0.50   97711      53   97684  5176695  52.98
1970-1979       24      0.00063  0.00063  0.50   97658      62   97627  5079010  52.01
1970-1979       25      0.00088  0.00088  0.50   97596      86   97553  4981383  51.04
1970-1979       26      0.00061  0.00061  0.50   97510      59   97481  4883830  50.09
1970-1979       27      0.00078  0.00078  0.50   97451      76   97413  4786349  49.12
1970-1979       28      0.00062  0.00062  0.50   97375      60   97345  4688936  48.15
1970-1979       29      0.00097  0.00096  0.50   97315      94   97268  4591591  47.18
1970-1979       30      0.00110  0.00110  0.50   97221     107   97168  4494323  46.23
1970-1979       31      0.00102  0.00102  0.50   97114      99   97065  4397155  45.28
1970-1979       32      0.00128  0.00128  0.50   97015     125   96953  4300091  44.32
1970-1979       33      0.00095  0.00095  0.50   96891      92   96845  4203138  43.38
1970-1979       34      0.00091  0.00091  0.50   96798      88   96754  4106293  42.42
1970-1979       35      0.00104  0.00104  0.50   96710     101   96660  4009539  41.46
1970-1979       36      0.00122  0.00122  0.50   96609     118   96550  3912879  40.50
1970-1979       37      0.00109  0.00109  0.50   96491     105   96438  3816329  39.55
1970-1979       38      0.00153  0.00153  0.50   96386     147   96312  3719891  38.59
1970-1979       39      0.00133  0.00133  0.50   96239     128   96175  3623579  37.65
1970-1979       40      0.00170  0.00170  0.50   96111     163   96029  3527404  36.70
1970-1979       41      0.00203  0.00203  0.50   95947     195   95850  3431375  35.76
1970-1979       42      0.00244  0.00243  0.50   95753     233   95636  3335525  34.83
1970-1979       43      0.00242  0.00242  0.50   95520     231   95404  3239889  33.92
1970-1979       44      0.00274  0.00274  0.50   95289     261   95159  3144485  33.00
1970-1979       45      0.00323  0.00322  0.50   95028     306   94875  3049326  32.09
1970-1979       46      0.00313  0.00313  0.50   94722     296   94574  2954451  31.19
1970-1979       47      0.00340  0.00339  0.50   94426     320   94265  2859877  30.29
1970-1979       48      0.00402  0.00401  0.50   94105     377   93917  2765612  29.39
1970-1979       49      0.00415  0.00414  0.50   93728     388   93534  2671695  28.50
1970-1979       50      0.00532  0.00531  0.50   93340     496   93092  2578161  27.62
1970-1979       51      0.00473  0.00472  0.50   92844     438   92625  2485069  26.77
1970-1979       52      0.00599  0.00597  0.50   92406     552   92131  2392444  25.89
1970-1979       53      0.00540  0.00539  0.50   91855     495   91607  2300314  25.04
1970-1979       54      0.00562  0.00560  0.50   91360     512   91104  2208706  24.18
1970-1979       55      0.00687  0.00684  0.50   90848     622   90537  2117602  23.31
1970-1979       56      0.00770  0.00767  0.50   90226     692   89880  2027065  22.47
1970-1979       57      0.00862  0.00858  0.50   89534     768   89150  1937185  21.64
1970-1979       58      0.00779  0.00776  0.50   88766     689   88421  1848035  20.82
1970-1979       59      0.00888  0.00884  0.50   88077     779   87688  1759613  19.98
1970-1979       60      0.00966  0.00961  0.50   87298     839   86878  1671926  19.15
1970-1979       61      0.01199  0.01192  0.50   86459    1030   85944  1585047  18.33
1970-1979       62      0.01252  0.01244  0.50   85429    1063   84897  1499104  17.55
1970-1979       63      0.01539  0.01528  0.50   84366    1289   83722  1414206  16.76
1970-1979       64      0.01576  0.01563  0.50   83077    1299   82428  1330485  16.02
1970-1979       65      0.01823  0.01807  0.50   81778    1477   81039  1248057  15.26
1970-1979       66      0.01911  0.01893  0.50   80301    1520   79541  1167018  14.53
1970-1979       67      0.02358  0.02331  0.50   78781    1836   77863  1087477  13.80
1970-1979       68      0.02464  0.02434  0.50   76944    1873   76008  1009614  13.12
1970-1979       69      0.02672  0.02637  0.50   75072    1980   74082   933606  12.44
1970-1979       70      0.02993  0.02949  0.50   73092    2156   72014   859525  11.76
1970-1979       71      0.03328  0.03274  0.50   70937    2322   69775   787510  11.10
1970-1979       72      0.03878  0.03804  0.50   68614    2610   67309   717735  10.46
1970-1979       73      0.04357  0.04264  0.50   66004    2814   64597   650426   9.85
1970-1979       74      0.04849  0.04734  0.50   63190    2991   61694   585829   9.27
1970-1979       75      0.05306  0.05169  0.50   60198    3112   58643   524135   8.71
1970-1979       76      0.06278  0.06087  0.50   57087    3475   55349   465492   8.15
1970-1979       77      0.07253  0.06999  0.50   53612    3753   51736   410143   7.65
1970-1979       78      0.07818  0.07524  0.50   49859    3751   47984   358407   7.19
1970-1979       79      0.08972  0.08587  0.50   46108    3959   44128   310424   6.73
1970-1979       80      0.09280  0.08869  0.50   42149    3738   40280   266295   6.32
1970-1979       81      0.10924  0.10359  0.50   38411    3979   36421   226016   5.88
1970-1979       82      0.11247  0.10648  0.50   34432    3666   32599   189595   5.51
1970-1979       83      0.13373  0.12535  0.50   30765    3856   28837   156996   5.10
1970-1979       84      0.14570  0.13580  0.50   26909    3654   25082   128159   4.76
1970-1979       85      0.16381  0.15141  0.50   23255    3521   21494   103077   4.43
1970-1979       86      0.17619  0.16193  0.50   19734    3195   18136    81583   4.13
1970-1979       87      0.20424  0.18531  0.50   16538    3065   15006    63447   3.84
1970-1979       88      0.21720  0.19592  0.50   13474    2640   12154    48441   3.60
1970-1979       89      0.24250  0.21628  0.50   10834    2343    9662    36287   3.35
1970-1979       90      0.24877  0.22125  0.50    8491    1879    7551    26625   3.14
1970-1979       91      0.30483  0.26452  0.50    6612    1749    5738    19073   2.88
1970-1979       92      0.31142  0.26946  0.50    4863    1310    4208    13336   2.74
1970-1979       93      0.33817  0.28926  0.50    3553    1028    3039     9128   2.57
1970-1979       94      0.36600  0.30938  0.50    2525     781    2134     6089   2.41
1970-1979       95      0.39475  0.32968  0.50    1744     575    1456     3955   2.27
1970-1979       96      0.42426  0.35001  0.50    1169     409     964     2498   2.14
1970-1979       97      0.45431  0.37021  0.50     760     281     619     1534   2.02
1970-1979       98      0.48469  0.39014  0.50     478     187     385      915   1.91
1970-1979       99      0.51520  0.40967  0.50     292     120     232      530   1.82
1970-1979      100      0.54558  0.42865  0.50     172      74     135      298   1.73
1970-1979      101      0.57564  0.44699  0.50      98      44      76      162   1.65
1970-1979      102      0.60514  0.46457  0.50      54      25      42       86   1.58
1970-1979      103      0.63390  0.48134  0.50      29      14      22       44   1.52
1970-1979      104      0.66173  0.49722  0.50      15       8      11       22   1.46
1970-1979      105      0.68849  0.51217  0.50       8       4       6       11   1.41
1970-1979      106      0.71404  0.52618  0.50       4       2       3        5   1.36
1970-1979      107      0.73830  0.53924  0.50       2       1       1        2   1.33
1970-1979      108      0.76118  0.55135  0.50       1       0       1        1   1.29
1970-1979      109      0.78266  0.56253  0.50       0       0       0        0   1.26
1970-1979      110+     0.80270  1.00000  1.25       0       0       0        0   1.25
1980-1989        0      0.00939  0.00932  0.13  100000     932   99189  7697525  76.98
1980-1989        1      0.00067  0.00067  0.50   99068      66   99035  7598336  76.70
1980-1989        2      0.00058  0.00058  0.50   99002      57   98973  7499301  75.75
1980-1989        3      0.00039  0.00039  0.50   98944      39   98925  7400328  74.79
1980-1989        4      0.00015  0.00015  0.50   98906      15   98898  7301403  73.82
1980-1989        5      0.00029  0.00029  0.50   98891      29   98877  7202504  72.83
1980-1989        6      0.00025  0.00025  0.50   98862      24   98850  7103627  71.85
1980-1989        7      0.00020  0.00020  0.50   98838      20   98828  7004777  70.87
1980-1989        8      0.00010  0.00010  0.50   98818      10   98813  6905949  69.89
1980-1989        9      0.00020  0.00020  0.50   98809      19   98799  6807136  68.89
1980-1989       10      0.00034  0.00034  0.50   98789      33   98772  6708337  67.91
1980-1989       11      0.00014  0.00014  0.50   98756      14   98749  6609564  66.93
1980-1989       12      0.00028  0.00028  0.50   98742      27   98728  6510815  65.94
1980-1989       13      0.00009  0.00009  0.50   98715       9   98710  6412087  64.96
1980-1989       14      0.00030  0.00030  0.50   98706      30   98691  6313377  63.96
1980-1989       15      0.00013  0.00013  0.50   98676      12   98670  6214686  62.98
1980-1989       16      0.00040  0.00040  0.50   98663      40   98643  6116017  61.99
1980-1989       17      0.00028  0.00028  0.50   98623      27   98610  6017373  61.01
1980-1989       18      0.00053  0.00053  0.50   98596      53   98570  5918764  60.03
1980-1989       19      0.00081  0.00081  0.50   98544      80   98504  5820194  59.06
1980-1989       20      0.00057  0.00057  0.50   98464      56   98435  5721690  58.11
1980-1989       21      0.00059  0.00059  0.50   98407      58   98378  5623255  57.14
1980-1989       22      0.00051  0.00051  0.50   98349      50   98324  5524876  56.18
1980-1989       23      0.00050  0.00050  0.50   98299      49   98275  5426552  55.20
1980-1989       24      0.00026  0.00026  0.50   98250      26   98237  5328277  54.23
1980-1989       25      0.00046  0.00046  0.50   98224      45   98202  5230040  53.25
1980-1989       26      0.00075  0.00075  0.50   98180      73   98143  5131838  52.27
1980-1989       27      0.00085  0.00084  0.50   98106      83   98065  5033695  51.31
1980-1989       28      0.00049  0.00049  0.50   98023      48   97999  4935630  50.35
1980-1989       29      0.00066  0.00066  0.50   97975      65   97943  4837631  49.38
1980-1989       30      0.00044  0.00044  0.50   97910      43   97889  4739688  48.41
1980-1989       31      0.00071  0.00071  0.50   97868      70   97833  4641799  47.43
1980-1989       32      0.00069  0.00069  0.50   97798      67   97765  4543966  46.46
1980-1989       33      0.00063  0.00063  0.50   97731      62   97700  4446201  45.49
1980-1989       34      0.00082  0.00082  0.50   97669      80   97629  4348501  44.52
1980-1989       35      0.00110  0.00110  0.50   97589     108   97535  4250872  43.56
1980-1989       36      0.00091  0.00091  0.50   97481      88   97437  4153336  42.61
1980-1989       37      0.00081  0.00081  0.50   97393      79   97354  4055899  41.64
1980-1989       38      0.00133  0.00133  0.50   97314     130   97249  3958545  40.68
1980-1989       39      0.00140  0.00140  0.50   97185     136   97116  3861296  39.73
1980-1989       40      0.00152  0.00151  0.50   97048     147   96975  3764179  38.79
1980-1989       41      0.00158  0.00157  0.50   96901     153   96825  3667205  37.84
1980-1989       42      0.00222  0.00222  0.50   96749     215   96641  3570380  36.90
1980-1989       43      0.00166  0.00166  0.50   96534     161   96454  3473738  35.98
1980-1989       44      0.00254  0.00254  0.50   96374     244   96251  3377284  35.04
1980-1989       45      0.00189  0.00189  0.50   96129     182   96038  3281033  34.13
1980-1989       46      0.00274  0.00273  0.50   95947     262   95816  3184995  33.20
1980-1989       47      0.00318  0.00318  0.50   95685     304   95533  3089179  32.28
1980-1989       48      0.00275  0.00275  0.50   95381     262   95250  2993645  31.39
1980-1989       49      0.00336  0.00335  0.50   95119     319   94959  2898395  30.47
1980-1989       50      0.00417  0.00416  0.50   94800     394   94603  2803436  29.57
1980-1989       51      0.00391  0.00390  0.50   94406     369   94222  2708833  28.69
1980-1989       52      0.00434  0.00433  0.50   94037     408   93833  2614612  27.80
1980-1989       53      0.00524  0.00522  0.50   93630     489   93385  2520778  26.92
1980-1989       54      0.00438  0.00437  0.50   93141     407   92937  2427393  26.06
1980-1989       55      0.00504  0.00503  0.50   92734     466   92501  2334456  25.17
1980-1989       56      0.00630  0.00628  0.50   92268     580   91978  2241955  24.30
1980-1989       57      0.00579  0.00577  0.50   91688     529   91423  2149977  23.45
1980-1989       58      0.00711  0.00708  0.50   91159     646   90836  2058554  22.58
1980-1989       59      0.00751  0.00748  0.50   90513     677   90174  1967718  21.74
1980-1989       60      0.00960  0.00955  0.50   89836     858   89407  1877543  20.90
1980-1989       61      0.00954  0.00949  0.50   88978     844   88555  1788137  20.10
1980-1989       62      0.00991  0.00986  0.50   88133     869   87699  1699581  19.28
1980-1989       63      0.01105  0.01099  0.50   87264     959   86785  1611883  18.47
1980-1989       64      0.01121  0.01115  0.50   86305     962   85824  1525098  17.67
1980-1989       65      0.01236  0.01229  0.50   85343    1049   84818  1439274  16.86
1980-1989       66      0.01401  0.01392  0.50   84294    1173   83707  1354456  16.07
1980-1989       67      0.01886  0.01869  0.50   83121    1553   82344  1270748  15.29
1980-1989       68      0.01805  0.01789  0.50   81568    1459   80838  1188404  14.57
1980-1989       69      0.02004  0.01984  0.50   80108    1590   79313  1107566  13.83
1980-1989       70      0.02383  0.02355  0.50   78519    1849   77594  1028253  13.10
1980-1989       71      0.02517  0.02486  0.50   76670    1906   75716   950659  12.40
1980-1989       72      0.02975  0.02932  0.50   74763    2192   73668   874942  11.70
1980-1989       73      0.03244  0.03193  0.50   72572    2317   71413   801275  11.04
1980-1989       74      0.03598  0.03534  0.50   70255    2483   69013   729861  10.39
1980-1989       75      0.04145  0.04061  0.50   67772    2752   66396   660848   9.75
1980-1989       76      0.04621  0.04517  0.50   65020    2937   63551   594452   9.14
1980-1989       77      0.05028  0.04905  0.50   62083    3045   60560   530901   8.55
1980-1989       78      0.06015  0.05839  0.50   59038    3447   57314   470341   7.97
1980-1989       79      0.06686  0.06470  0.50   55591    3597   53792   413026   7.43
1980-1989       80      0.08085  0.07771  0.50   51994    4041   49974   359234   6.91
1980-1989       81      0.09395  0.08973  0.50   47953    4303   45802   309261   6.45
1980-1989       82      0.09843  0.09382  0.50   43650    4095   41603   263459   6.04
1980-1989       83      0.11449  0.10829  0.50   39555    4283   37414   221856   5.61
1980-1989       84      0.12458  0.11727  0.50   35272    4136   33204   184443   5.23
1980-1989       85      0.13615  0.12747  0.50   31135    3969   29151   151239   4.86
1980-1989       86      0.15980  0.14798  0.50   27166    4020   25156   122088   4.49
1980-1989       87      0.17128  0.15777  0.50   23146    3652   21321    96932   4.19
1980-1989       88      0.19214  0.17530  0.50   19495    3417   17786    75611   3.88
1980-1989       89      0.21255  0.19214  0.50   16077    3089   14533    57825   3.60
1980-1989       90      0.26355  0.23286  0.50   12988    3024   11476    43292   3.33
1980-1989       91      0.23273  0.20847  0.50    9964    2077    8925    31816   3.19
1980-1989       92      0.30113  0.26173  0.50    7887    2064    6855    22891   2.90
1980-1989       93      0.30857  0.26733  0.50    5822    1557    5044    16037   2.75
1980-1989       94      0.33587  0.28757  0.50    4266    1227    3653    10992   2.58
1980-1989       95      0.36430  0.30817  0.50    3039     937    2571     7340   2.42
1980-1989       96      0.39371  0.32896  0.50    2103     692    1757     4769   2.27
1980-1989       97      0.42392  0.34978  0.50    1411     494    1164     3012   2.13
1980-1989       98      0.45470  0.37048  0.50     917     340     747     1848   2.01
1980-1989       99      0.48584  0.39089  0.50     578     226     465     1101   1.91
1980-1989      100      0.51708  0.41086  0.50     352     145     280      636   1.81
1980-1989      101      0.54820  0.43026  0.50     207      89     163      356   1.72
1980-1989      102      0.57894  0.44897  0.50     118      53      92      194   1.64
1980-1989      103      0.60908  0.46689  0.50      65      30      50      102   1.57
1980-1989      104      0.63841  0.48393  0.50      35      17      26       52   1.51
1980-1989      105      0.66674  0.50004  0.50      18       9      13       26   1.45
1980-1989      106      0.69392  0.51517  0.50       9       5       7       13   1.40
1980-1989      107      0.71981  0.52931  0.50       4       2       3        6   1.36
1980-1989      108      0.74432  0.54244  0.50       2       1       1        3   1.32
1980-1989      109      0.76738  0.55459  0.50       1       1       1        1   1.29
1980-1989      110+     0.78895  1.00000  1.27       0       0       1        1   1.27
1990-1999        0      0.00600  0.00597  0.14  100000     597   99485  7936957  79.37
1990-1999        1      0.00038  0.00038  0.50   99403      38   99384  7837472  78.85
1990-1999        2      0.00034  0.00034  0.50   99365      34   99348  7738088  77.88
1990-1999        3      0.00019  0.00019  0.50   99331      19   99321  7638740  76.90
1990-1999        4      0.00028  0.00028  0.50   99312      27   99298  7539419  75.92
1990-1999        5      0.00036  0.00036  0.50   99284      36   99266  7440121  74.94
1990-1999        6      0.00025  0.00025  0.50   99248      24   99236  7340855  73.96
1990-1999        7      0.00017  0.00017  0.50   99224      17   99216  7241619  72.98
1990-1999        8      0.00000  0.00000  0.50   99207       0   99207  7142403  71.99
1990-1999        9      0.00013  0.00013  0.50   99207      13   99201  7043196  70.99
1990-1999       10      0.00009  0.00009  0.50   99194       9   99190  6943995  70.00
1990-1999       11      0.00013  0.00013  0.50   99186      13   99179  6844805  69.01
1990-1999       12      0.00013  0.00013  0.50   99173      13   99166  6745626  68.02
1990-1999       13      0.00000  0.00000  0.50   99159       0   99159  6646460  67.03
1990-1999       14      0.00014  0.00014  0.50   99159      14   99152  6547301  66.03
1990-1999       15      0.00023  0.00023  0.50   99146      23   99134  6448148  65.04
1990-1999       16      0.00037  0.00037  0.50   99123      37   99104  6349014  64.05
1990-1999       17      0.00028  0.00028  0.50   99086      28   99072  6249910  63.08
1990-1999       18      0.00050  0.00050  0.50   99058      50   99033  6150838  62.09
1990-1999       19      0.00062  0.00062  0.50   99008      61   98978  6051805  61.12
1990-1999       20      0.00042  0.00042  0.50   98947      42   98926  5952827  60.16
1990-1999       21      0.00041  0.00041  0.50   98905      40   98885  5853900  59.19
1990-1999       22      0.00027  0.00027  0.50   98865      27   98852  5755015  58.21
1990-1999       23      0.00056  0.00056  0.50   98838      55   98810  5656163  57.23
1990-1999       24      0.00046  0.00046  0.50   98783      45   98760  5557353  56.26
1990-1999       25      0.00034  0.00034  0.50   98738      33   98721  5458593  55.28
1990-1999       26      0.00045  0.00045  0.50   98704      44   98683  5359872  54.30
1990-1999       27      0.00049  0.00049  0.50   98661      48   98636  5261189  53.33
1990-1999       28      0.00036  0.00036  0.50   98612      35   98595  5162553  52.35
1990-1999       29      0.00053  0.00053  0.50   98577      52   98551  5063958  51.37
1990-1999       30      0.00043  0.00043  0.50   98525      43   98504  4965407  50.40
1990-1999       31      0.00066  0.00066  0.50   98482      65   98450  4866904  49.42
1990-1999       32      0.00060  0.00060  0.50   98417      59   98388  4768454  48.45
1990-1999       33      0.00092  0.00092  0.50   98358      90   98313  4670066  47.48
1990-1999       34      0.00081  0.00081  0.50   98268      80   98228  4571753  46.52
1990-1999       35      0.00085  0.00085  0.50   98188      83   98147  4473525  45.56
1990-1999       36      0.00119  0.00119  0.50   98105     117   98047  4375378  44.60
1990-1999       37      0.00085  0.00084  0.50   97988      83   97947  4277332  43.65
1990-1999       38      0.00095  0.00095  0.50   97906      93   97859  4179385  42.69
1990-1999       39      0.00129  0.00129  0.50   97812     126   97749  4081526  41.73
1990-1999       40      0.00109  0.00109  0.50   97686     107   97633  3983777  40.78
1990-1999       41      0.00158  0.00158  0.50   97579     154   97502  3886144  39.83
1990-1999       42      0.00168  0.00168  0.50   97425     163   97344  3788642  38.89
1990-1999       43      0.00151  0.00151  0.50   97262     147   97189  3691298  37.95
1990-1999       44      0.00190  0.00190  0.50   97116     185   97023  3594109  37.01
1990-1999       45      0.00186  0.00185  0.50   96931     180   96841  3497086  36.08
1990-1999       46      0.00262  0.00261  0.50   96751     253   96625  3400245  35.14
1990-1999       47      0.00227  0.00226  0.50   96499     218   96389  3303620  34.23
1990-1999       48      0.00274  0.00274  0.50   96280     264   96148  3207230  33.31
1990-1999       49      0.00290  0.00289  0.50   96016     278   95877  3111082  32.40
1990-1999       50      0.00348  0.00348  0.50   95739     333   95572  3015205  31.49
1990-1999       51      0.00312  0.00312  0.50   95406     297   95257  2919633  30.60
1990-1999       52      0.00318  0.00317  0.50   95108     302   94957  2824376  29.70
1990-1999       53      0.00389  0.00389  0.50   94806     368   94622  2729418  28.79
1990-1999       54      0.00431  0.00430  0.50   94438     406   94235  2634796  27.90
1990-1999       55      0.00464  0.00463  0.50   94032     435   93814  2540561  27.02
1990-1999       56      0.00502  0.00501  0.50   93597     469   93362  2446747  26.14
1990-1999       57      0.00513  0.00511  0.50   93128     476   92890  2353385  25.27
1990-1999       58      0.00430  0.00429  0.50   92652     397   92453  2260495  24.40
1990-1999       59      0.00612  0.00610  0.50   92254     563   91973  2168042  23.50
1990-1999       60      0.00704  0.00702  0.50   91692     643   91370  2076069  22.64
1990-1999       61      0.00769  0.00766  0.50   91048     698   90700  1984699  21.80
1990-1999       62      0.00801  0.00798  0.50   90351     721   89990  1893999  20.96
1990-1999       63      0.00929  0.00925  0.50   89630     829   89215  1804009  20.13
1990-1999       64      0.00928  0.00924  0.50   88801     820   88391  1714794  19.31
1990-1999       65      0.01155  0.01149  0.50   87981    1011   87475  1626403  18.49
1990-1999       66      0.01030  0.01025  0.50   86970     891   86524  1538928  17.69
1990-1999       67      0.01266  0.01258  0.50   86079    1083   85537  1452403  16.87
1990-1999       68      0.01454  0.01443  0.50   84995    1227   84382  1366866  16.08
1990-1999       69      0.01690  0.01676  0.50   83769    1404   83067  1282484  15.31
1990-1999       70      0.01894  0.01877  0.50   82365    1546   81592  1199417  14.56
1990-1999       71      0.01875  0.01857  0.50   80819    1501   80068  1117826  13.83
1990-1999       72      0.02241  0.02216  0.50   79318    1758   78439  1037757  13.08
1990-1999       73      0.02305  0.02279  0.50   77560    1768   76676   959318  12.37
1990-1999       74      0.02776  0.02738  0.50   75793    2075   74755   882642  11.65
1990-1999       75      0.03311  0.03257  0.50   73718    2401   72517   807887  10.96
1990-1999       76      0.03439  0.03381  0.50   71316    2411   70111   735370  10.31
1990-1999       77      0.03802  0.03731  0.50   68905    2571   67620   665259   9.65
1990-1999       78      0.04865  0.04750  0.50   66334    3151   64759   597639   9.01
1990-1999       79      0.04727  0.04618  0.50   63184    2918   61725   532880   8.43
1990-1999       80      0.06443  0.06242  0.50   60266    3762   58385   471155   7.82
1990-1999       81      0.06423  0.06223  0.50   56504    3516   54746   412770   7.31
1990-1999       82      0.08270  0.07941  0.50   52988    4208   50884   358025   6.76
1990-1999       83      0.08686  0.08324  0.50   48780    4061   46749   307141   6.30
1990-1999       84      0.10416  0.09901  0.50   44719    4427   42505   260392   5.82
1990-1999       85      0.11526  0.10898  0.50   40292    4391   38096   217886   5.41
1990-1999       86      0.12936  0.12150  0.50   35901    4362   33720   179790   5.01
1990-1999       87      0.14657  0.13656  0.50   31539    4307   29385   146070   4.63
1990-1999       88      0.16492  0.15236  0.50   27232    4149   25157   116685   4.28
1990-1999       89      0.18229  0.16706  0.50   23083    3856   21155    91528   3.97
1990-1999       90      0.20487  0.18584  0.50   19226    3573   17440    70373   3.66
1990-1999       91      0.24709  0.21992  0.50   15654    3443   13932    52933   3.38
1990-1999       92      0.25692  0.22767  0.50   12211    2780   10821    39001   3.19
1990-1999       93      0.27231  0.23968  0.50    9431    2260    8301    28180   2.99
1990-1999       94      0.30264  0.26286  0.50    7170    1885    6228    19880   2.77
1990-1999       95      0.33165  0.28448  0.50    5286    1504    4534    13652   2.58
1990-1999       96      0.36199  0.30651  0.50    3782    1159    3202     9118   2.41
1990-1999       97      0.39348  0.32879  0.50    2623     862    2192     5915   2.26
1990-1999       98      0.42587  0.35111  0.50    1760     618    1451     3724   2.12
1990-1999       99      0.45892  0.37327  0.50    1142     426     929     2273   1.99
1990-1999      100      0.49233  0.39508  0.50     716     283     575     1343   1.88
1990-1999      101      0.52581  0.41635  0.50     433     180     343      769   1.78
1990-1999      102      0.55906  0.43693  0.50     253     110     198      426   1.69
1990-1999      103      0.59179  0.45666  0.50     142      65     110      228   1.60
1990-1999      104      0.62372  0.47545  0.50      77      37      59      119   1.53
1990-1999      105      0.65461  0.49319  0.50      41      20      31       60   1.47
1990-1999      106      0.68425  0.50983  0.50      21      10      15       29   1.41
1990-1999      107      0.71247  0.52533  0.50      10       5       7       14   1.37
1990-1999      108      0.73912  0.53968  0.50       5       3       3        6   1.32
1990-1999      109      0.76413  0.55289  0.50       2       1       2        3   1.29
1990-1999      110+     0.78742  1.00000  1.27       1       1       1        1   1.27
2000-2009        0      0.00336  0.00335  0.14  100000     335   99712  8171922  81.72
2000-2009        1      0.00019  0.00019  0.50   99665      19   99655  8072210  80.99
2000-2009        2      0.00018  0.00018  0.50   99646      18   99637  7972555  80.01
2000-2009        3      0.00022  0.00022  0.50   99628      22   99617  7872918  79.02
2000-2009        4      0.00025  0.00025  0.50   99606      25   99594  7773300  78.04
2000-2009        5      0.00004  0.00004  0.50   99581       4   99580  7673707  77.06
2000-2009        6      0.00000  0.00000  0.50   99578       0   99578  7574127  76.06
2000-2009        7      0.00003  0.00003  0.50   99578       3   99576  7474549  75.06
2000-2009        8      0.00017  0.00017  0.50   99574      17   99566  7374973  74.07
2000-2009        9      0.00014  0.00014  0.50   99557      14   99550  7275408  73.08
2000-2009       10      0.00014  0.00014  0.50   99543      14   99536  7175858  72.09
2000-2009       11      0.00007  0.00007  0.50   99529       7   99525  7076322  71.10
2000-2009       12      0.00007  0.00007  0.50   99522       7   99518  6976797  70.10
2000-2009       13      0.00011  0.00011  0.50   99515      11   99509  6877279  69.11
2000-2009       14      0.00026  0.00026  0.50   99504      26   99491  6777769  68.12
2000-2009       15      0.00015  0.00015  0.50   99478      15   99471  6678278  67.13
2000-2009       16      0.00019  0.00019  0.50   99463      19   99454  6578807  66.14
2000-2009       17      0.00019  0.00019  0.50   99444      19   99435  6479354  65.16
2000-2009       18      0.00027  0.00027  0.50   99425      27   99412  6379919  64.17
2000-2009       19      0.00039  0.00039  0.50   99398      39   99379  6280507  63.19
2000-2009       20      0.00019  0.00019  0.50   99360      19   99350  6181128  62.21
2000-2009       21      0.00038  0.00038  0.50   99341      38   99322  6081778  61.22
2000-2009       22      0.00030  0.00030  0.50   99303      30   99288  5982456  60.24
2000-2009       23      0.00026  0.00026  0.50   99273      26   99260  5883169  59.26
2000-2009       24      0.00028  0.00028  0.50   99247      28   99233  5783908  58.28
2000-2009       25      0.00041  0.00041  0.50   99219      41   99199  5684675  57.29
2000-2009       26      0.00033  0.00033  0.50   99178      33   99162  5585476  56.32
2000-2009       27      0.00038  0.00038  0.50   99146      38   99127  5486314  55.34
2000-2009       28      0.00018  0.00018  0.50   99108      18   99099  5387188  54.36
2000-2009       29      0.00047  0.00047  0.50   99090      47   99066  5288089  53.37
2000-2009       30      0.00052  0.00052  0.50   99043      51   99017  5189022  52.39
2000-2009       31      0.00042  0.00042  0.50   98991      42   98971  5090005  51.42
2000-2009       32      0.00052  0.00052  0.50   98950      52   98924  4991035  50.44
2000-2009       33      0.00043  0.00043  0.50   98898      43   98877  4892111  49.47
2000-2009       34      0.00053  0.00053  0.50   98856      52   98830  4793234  48.49
2000-2009       35      0.00049  0.00049  0.50   98804      49   98779  4694404  47.51
2000-2009       36      0.00056  0.00056  0.50   98755      55   98727  4595625  46.54
2000-2009       37      0.00048  0.00048  0.50   98700      48   98676  4496898  45.56
2000-2009       38      0.00096  0.00096  0.50   98652      95   98604  4398222  44.58
2000-2009       39      0.00064  0.00064  0.50   98557      63   98526  4299617  43.63
2000-2009       40      0.00054  0.00054  0.50   98494      53   98468  4201092  42.65
2000-2009       41      0.00067  0.00067  0.50   98442      66   98409  4102623  41.68
2000-2009       42      0.00100  0.00100  0.50   98376      98   98326  4004215  40.70
2000-2009       43      0.00139  0.00139  0.50   98277     136   98209  3905888  39.74
2000-2009       44      0.00125  0.00125  0.50   98141     123   98080  3807679  38.80
2000-2009       45      0.00136  0.00136  0.50   98018     133   97952  3709600  37.85
2000-2009       46      0.00140  0.00139  0.50   97885     136   97817  3611648  36.90
2000-2009       47      0.00192  0.00192  0.50   97748     188   97654  3513832  35.95
2000-2009       48      0.00189  0.00189  0.50   97561     184   97468  3416177  35.02
2000-2009       49      0.00232  0.00232  0.50   97376     226   97263  3318709  34.08
2000-2009       50      0.00261  0.00260  0.50   97150     253   97024  3221446  33.16
2000-2009       51      0.00255  0.00255  0.50   96897     247   96774  3124422  32.24
2000-2009       52      0.00289  0.00289  0.50   96650     279   96511  3027648  31.33
2000-2009       53      0.00381  0.00380  0.50   96371     366   96188  2931138  30.42
2000-2009       54      0.00315  0.00315  0.50   96004     302   95853  2834950  29.53
2000-2009       55      0.00349  0.00349  0.50   95702     334   95535  2739097  28.62
2000-2009       56      0.00457  0.00456  0.50   95368     435   95151  2643561  27.72
2000-2009       57      0.00482  0.00481  0.50   94933     457   94705  2548411  26.84
2000-2009       58      0.00553  0.00552  0.50   94476     521   94215  2453706  25.97
2000-2009       59      0.00513  0.00512  0.50   93955     481   93714  2359491  25.11
2000-2009       60      0.00492  0.00491  0.50   93474     459   93245  2265776  24.24
2000-2009       61      0.00644  0.00641  0.50   93015     597   92717  2172532  23.36
2000-2009       62      0.00644  0.00642  0.50   92419     593   92122  2079815  22.50
2000-2009       63      0.00810  0.00806  0.50   91825     741   91455  1987693  21.65
2000-2009       64      0.00797  0.00794  0.50   91085     723   90723  1896238  20.82
2000-2009       65      0.00819  0.00816  0.50   90362     737   89993  1805514  19.98
2000-2009       66      0.01002  0.00997  0.50   89624     894   89177  1715521  19.14
2000-2009       67      0.01080  0.01074  0.50   88730     953   88254  1626344  18.33
2000-2009       68      0.01122  0.01115  0.50   87777     979   87288  1538090  17.52
2000-2009       69      0.01175  0.01169  0.50   86798    1014   86291  1450803  16.71
2000-2009       70      0.01408  0.01398  0.50   85784    1199   85184  1364512  15.91
2000-2009       71      0.01488  0.01477  0.50   84585    1249   83960  1279327  15.12
2000-2009       72      0.01884  0.01866  0.50   83335    1555   82558  1195368  14.34
2000-2009       73      0.01895  0.01877  0.50   81780    1535   81013  1112810  13.61
2000-2009       74      0.02285  0.02259  0.50   80245    1813   79339  1031797  12.86
2000-2009       75      0.02519  0.02488  0.50   78432    1951   77456   952459  12.14
2000-2009       76      0.02858  0.02817  0.50   76481    2155   75403   875003  11.44
2000-2009       77      0.03255  0.03203  0.50   74326    2380   73136   799599  10.76
2000-2009       78      0.03762  0.03692  0.50   71946    2656   70617   726463  10.10
2000-2009       79      0.04149  0.04065  0.50   69289    2817   67881   655846   9.47
2000-2009       80      0.04568  0.04466  0.50   66473    2968   64988   587965   8.85
2000-2009       81      0.05468  0.05322  0.50   63504    3380   61814   522976   8.24
2000-2009       82      0.06417  0.06217  0.50   60124    3738   58255   461162   7.67
2000-2009       83      0.07101  0.06858  0.50   56386    3867   54453   402907   7.15
2000-2009       84      0.07698  0.07413  0.50   52519    3893   50573   348454   6.63
2000-2009       85      0.08889  0.08511  0.50   48626    4139   46557   297882   6.13
2000-2009       86      0.10571  0.10041  0.50   44487    4467   42254   251325   5.65
2000-2009       87      0.11881  0.11215  0.50   40021    4488   37777   209071   5.22
2000-2009       88      0.14042  0.13121  0.50   35532    4662   33201   171295   4.82
2000-2009       89      0.16088  0.14890  0.50   30870    4597   28572   138093   4.47
2000-2009       90      0.18858  0.17233  0.50   26273    4528   24010   109521   4.17
2000-2009       91      0.18611  0.17026  0.50   21746    3703   19894    85512   3.93
2000-2009       92      0.19683  0.17919  0.50   18043    3233   16427    65617   3.64
2000-2009       93      0.23806  0.21274  0.50   14810    3151   13235    49191   3.32
2000-2009       94      0.23957  0.21394  0.50   11659    2494   10412    35956   3.08
2000-2009       95      0.29729  0.25882  0.50    9165    2372    7979    25544   2.79
2000-2009       96      0.32799  0.28178  0.50    6793    1914    5836    17565   2.59
2000-2009       97      0.36023  0.30525  0.50    4879    1489    4134    11729   2.40
2000-2009       98      0.39379  0.32901  0.50    3390    1115    2832     7595   2.24
2000-2009       99      0.42838  0.35281  0.50    2274     802    1873     4763   2.09
2000-2009      100      0.46368  0.37641  0.50    1472     554    1195     2890   1.96
2000-2009      101      0.49935  0.39959  0.50     918     367     734     1695   1.85
2000-2009      102      0.53503  0.42211  0.50     551     233     435      961   1.74
2000-2009      103      0.57036  0.44379  0.50     318     141     248      526   1.65
2000-2009      104      0.60498  0.46448  0.50     177      82     136      278   1.57
2000-2009      105      0.63857  0.48403  0.50      95      46      72      142   1.50
2000-2009      106      0.67087  0.50236  0.50      49      25      37       70   1.44
2000-2009      107      0.70163  0.51941  0.50      24      13      18       34   1.38
2000-2009      108      0.73067  0.53516  0.50      12       6       9       16   1.34
2000-2009      109      0.75785  0.54960  0.50       5       3       4        7   1.30
2000-2009      110+     0.78311  1.00000  1.28       2       2       3        3   1.28
2010-2014        0      0.00298  0.00297  0.14  100000     297   99745  8353229  83.53
2010-2014        1      0.00020  0.00020  0.50   99703      20   99693  8253484  82.78
2010-2014        2      0.00020  0.00020  0.50   99683      20   99672  8153791  81.80
2010-2014        3      0.00000  0.00000  0.50   99662       0   99662  8054118  80.81
2010-2014        4      0.00020  0.00020  0.50   99662      20   99652  7954456  79.81
2010-2014        5      0.00000  0.00000  0.50   99642       0   99642  7854804  78.83
2010-2014        6      0.00014  0.00014  0.50   99642      14   99635  7755162  77.83
2010-2014        7      0.00000  0.00000  0.50   99628       0   99628  7655527  76.84
2010-2014        8      0.00000  0.00000  0.50   99628       0   99628  7555899  75.84
2010-2014        9      0.00007  0.00007  0.50   99628       7   99625  7456270  74.84
2010-2014       10      0.00000  0.00000  0.50   99621       0   99621  7356646  73.85
2010-2014       11      0.00007  0.00007  0.50   99621       7   99618  7257024  72.85
2010-2014       12      0.00013  0.00013  0.50   99615      13   99608  7157406  71.85
2010-2014       13      0.00000  0.00000  0.50   99601       0   99601  7057798  70.86
2010-2014       14      0.00006  0.00006  0.50   99601       6   99598  6958197  69.86
2010-2014       15      0.00026  0.00026  0.50   99595      26   99582  6858598  68.86
2010-2014       16      0.00051  0.00051  0.50   99569      51   99544  6759016  67.88
2010-2014       17      0.00019  0.00019  0.50   99518      19   99509  6659472  66.92
2010-2014       18      0.00013  0.00013  0.50   99499      13   99492  6559964  65.93
2010-2014       19      0.00013  0.00013  0.50   99486      13   99479  6460472  64.94
2010-2014       20      0.00033  0.00033  0.50   99473      32   99457  6360992  63.95
2010-2014       21      0.00006  0.00006  0.50   99440       6   99437  6261536  62.97
2010-2014       22      0.00006  0.00006  0.50   99434       6   99431  6162099  61.97
2010-2014       23      0.00031  0.00031  0.50   99428      31   99412  6062668  60.98
2010-2014       24      0.00024  0.00024  0.50   99397      24   99385  5963256  59.99
2010-2014       25      0.00017  0.00017  0.50   99373      17   99364  5863871  59.01
2010-2014       26      0.00028  0.00028  0.50   99355      28   99341  5764507  58.02
2010-2014       27      0.00033  0.00033  0.50   99327      32   99311  5665166  57.04
2010-2014       28      0.00058  0.00058  0.50   99295      58   99266  5565855  56.05
2010-2014       29      0.00026  0.00026  0.50   99237      25   99224  5466589  55.09
2010-2014       30      0.00051  0.00051  0.50   99212      50   99187  5367365  54.10
2010-2014       31      0.00010  0.00010  0.50   99162      10   99157  5268179  53.13
2010-2014       32      0.00029  0.00029  0.50   99152      29   99137  5169022  52.13
2010-2014       33      0.00049  0.00049  0.50   99122      49   99098  5069885  51.15
2010-2014       34      0.00069  0.00069  0.50   99074      69   99039  4970787  50.17
2010-2014       35      0.00034  0.00034  0.50   99005      34   98988  4871748  49.21
2010-2014       36      0.00049  0.00049  0.50   98971      49   98946  4772760  48.22
2010-2014       37      0.00045  0.00045  0.50   98922      44   98900  4673814  47.25
2010-2014       38      0.00054  0.00054  0.50   98878      54   98851  4574914  46.27
2010-2014       39      0.00049  0.00049  0.50   98824      48   98800  4476064  45.29
2010-2014       40      0.00068  0.00068  0.50   98776      67   98742  4377264  44.32
2010-2014       41      0.00067  0.00067  0.50   98709      66   98676  4278522  43.34
2010-2014       42      0.00057  0.00057  0.50   98643      56   98615  4179846  42.37
2010-2014       43      0.00085  0.00085  0.50   98587      83   98545  4081232  41.40
2010-2014       44      0.00070  0.00070  0.50   98503      69   98469  3982687  40.43
2010-2014       45      0.00155  0.00155  0.50   98434     152   98358  3884218  39.46
2010-2014       46      0.00118  0.00118  0.50   98282     116   98224  3785860  38.52
2010-2014       47      0.00173  0.00173  0.50   98166     170   98081  3687636  37.57
2010-2014       48      0.00185  0.00185  0.50   97996     181   97905  3589555  36.63
2010-2014       49      0.00188  0.00188  0.50   97815     184   97723  3491650  35.70
2010-2014       50      0.00167  0.00167  0.50   97631     163   97550  3393927  34.76
2010-2014       51      0.00230  0.00229  0.50   97468     224   97356  3296377  33.82
2010-2014       52      0.00252  0.00252  0.50   97244     245   97122  3199021  32.90
2010-2014       53      0.00198  0.00198  0.50   97000     192   96904  3101899  31.98
2010-2014       54      0.00342  0.00341  0.50   96808     331   96642  3004995  31.04
2010-2014       55      0.00382  0.00381  0.50   96477     368   96293  2908353  30.15
2010-2014       56      0.00347  0.00346  0.50   96109     333   95943  2812060  29.26
2010-2014       57      0.00245  0.00245  0.50   95777     234   95660  2716117  28.36
2010-2014       58      0.00378  0.00378  0.50   95542     361   95362  2620457  27.43
2010-2014       59      0.00389  0.00388  0.50   95182     369   94997  2525095  26.53
2010-2014       60      0.00467  0.00466  0.50   94812     442   94591  2430098  25.63
2010-2014       61      0.00563  0.00562  0.50   94370     530   94105  2335507  24.75
2010-2014       62      0.00705  0.00702  0.50   93840     659   93511  2241401  23.89
2010-2014       63      0.00632  0.00630  0.50   93182     588   92888  2147891  23.05
2010-2014       64      0.00598  0.00597  0.50   92594     552   92318  2055003  22.19
2010-2014       65      0.00778  0.00775  0.50   92042     714   91685  1962685  21.32
2010-2014       66      0.00731  0.00729  0.50   91328     666   90995  1871000  20.49
2010-2014       67      0.00956  0.00952  0.50   90662     863   90231  1780005  19.63
2010-2014       68      0.01010  0.01005  0.50   89800     902   89349  1689774  18.82
2010-2014       69      0.01089  0.01083  0.50   88898     963   88416  1600425  18.00
2010-2014       70      0.01182  0.01175  0.50   87935    1033   87418  1512009  17.19
2010-2014       71      0.01264  0.01256  0.50   86902    1092   86356  1424591  16.39
2010-2014       72      0.01231  0.01224  0.50   85810    1050   85285  1338235  15.60
2010-2014       73      0.01481  0.01470  0.50   84760    1246   84137  1252950  14.78
2010-2014       74      0.01757  0.01742  0.50   83514    1455   82787  1168813  14.00
2010-2014       75      0.02212  0.02187  0.50   82059    1795   81162  1086026  13.23
2010-2014       76      0.02139  0.02116  0.50   80264    1699   79415  1004865  12.52
2010-2014       77      0.02597  0.02563  0.50   78565    2014   77559   925450  11.78
2010-2014       78      0.02618  0.02584  0.50   76552    1978   75562   847891  11.08
2010-2014       79      0.03266  0.03214  0.50   74573    2396   73375   772329  10.36
2010-2014       80      0.03693  0.03626  0.50   72177    2617   70868   698954   9.68
2010-2014       81      0.04005  0.03926  0.50   69560    2731   68194   628086   9.03
2010-2014       82      0.05004  0.04882  0.50   66828    3262   65197   559892   8.38
2010-2014       83      0.05670  0.05514  0.50   63566    3505   61813   494695   7.78
2010-2014       84      0.06428  0.06228  0.50   60061    3741   58191   432881   7.21
2010-2014       85      0.07162  0.06915  0.50   56320    3894   54373   374691   6.65
2010-2014       86      0.08499  0.08152  0.50   52426    4274   50289   320318   6.11
2010-2014       87      0.09954  0.09482  0.50   48152    4566   45869   270029   5.61
2010-2014       88      0.12399  0.11675  0.50   43586    5089   41042   224160   5.14
2010-2014       89      0.13758  0.12872  0.50   38498    4955   36020   183118   4.76
2010-2014       90      0.15558  0.14435  0.50   33542    4842   31121   147098   4.39
2010-2014       91      0.18575  0.16997  0.50   28700    4878   26261   115977   4.04
2010-2014       92      0.18411  0.16859  0.50   23822    4016   21814    89716   3.77
2010-2014       93      0.21985  0.19808  0.50   19806    3923   17844    67902   3.43
2010-2014       94      0.24757  0.22030  0.50   15883    3499   14133    50058   3.15
2010-2014       95      0.27754  0.24372  0.50   12384    3018   10875    35924   2.90
2010-2014       96      0.30964  0.26813  0.50    9366    2511    8110    25050   2.67
2010-2014       97      0.34369  0.29329  0.50    6854    2010    5849    16940   2.47
2010-2014       98      0.37943  0.31892  0.50    4844    1545    4072    11090   2.29
2010-2014       99      0.41652  0.34473  0.50    3299    1137    2731     7019   2.13
2010-2014      100      0.45459  0.37040  0.50    2162     801    1761     4288   1.98
2010-2014      101      0.49319  0.39563  0.50    1361     538    1092     2527   1.86
2010-2014      102      0.53187  0.42014  0.50     823     346     650     1435   1.74
2010-2014      103      0.57018  0.44369  0.50     477     212     371      785   1.65
2010-2014      104      0.60766  0.46606  0.50     265     124     204      414   1.56
2010-2014      105      0.64391  0.48709  0.50     142      69     107      210   1.48
2010-2014      106      0.67859  0.50668  0.50      73      37      54      103   1.42
2010-2014      107      0.71140  0.52475  0.50      36      19      26       49   1.36
2010-2014      108      0.74214  0.54128  0.50      17       9      12       22   1.32
2010-2014      109      0.77066  0.55630  0.50       8       4       6       10   1.28
2010-2014      110+     0.79688  1.00000  1.25       3       3       4        4   1.25
