Latvia, Life tables (period 1x10), Females	Last modified: 26 Sep 2017;  Methods Protocol: v6 (2017)

  Year          Age         mx       qx    ax      lx      dx      Lx       Tx     ex
1960-1969        0      0.01833  0.01804  0.12  100000    1804   98408  7417385  74.17
1960-1969        1      0.00213  0.00213  0.50   98196     209   98091  7318976  74.53
1960-1969        2      0.00141  0.00141  0.50   97987     138   97918  7220885  73.69
1960-1969        3      0.00091  0.00091  0.50   97848      89   97804  7122967  72.80
1960-1969        4      0.00071  0.00071  0.50   97760      70   97725  7025163  71.86
1960-1969        5      0.00066  0.00066  0.50   97690      64   97658  6927439  70.91
1960-1969        6      0.00055  0.00055  0.50   97625      54   97599  6829781  69.96
1960-1969        7      0.00054  0.00054  0.50   97572      53   97545  6732183  69.00
1960-1969        8      0.00050  0.00050  0.50   97519      49   97494  6634637  68.03
1960-1969        9      0.00041  0.00041  0.50   97470      40   97450  6537143  67.07
1960-1969       10      0.00039  0.00039  0.50   97430      38   97411  6439694  66.10
1960-1969       11      0.00040  0.00040  0.50   97392      39   97372  6342283  65.12
1960-1969       12      0.00045  0.00045  0.50   97352      44   97330  6244911  64.15
1960-1969       13      0.00036  0.00036  0.50   97309      35   97291  6147581  63.18
1960-1969       14      0.00039  0.00039  0.50   97273      38   97254  6050290  62.20
1960-1969       15      0.00052  0.00052  0.50   97236      51   97210  5953035  61.22
1960-1969       16      0.00057  0.00057  0.50   97185      55   97157  5855825  60.25
1960-1969       17      0.00060  0.00060  0.50   97130      59   97100  5758668  59.29
1960-1969       18      0.00063  0.00063  0.50   97071      61   97040  5661567  58.32
1960-1969       19      0.00073  0.00073  0.50   97010      71   96974  5564527  57.36
1960-1969       20      0.00082  0.00081  0.50   96938      79   96899  5467553  56.40
1960-1969       21      0.00089  0.00089  0.50   96859      86   96816  5370654  55.45
1960-1969       22      0.00088  0.00088  0.50   96773      85   96731  5273838  54.50
1960-1969       23      0.00090  0.00090  0.50   96688      87   96645  5177107  53.54
1960-1969       24      0.00088  0.00088  0.50   96601      85   96559  5080463  52.59
1960-1969       25      0.00093  0.00093  0.50   96516      89   96472  4983904  51.64
1960-1969       26      0.00103  0.00102  0.50   96427      99   96377  4887432  50.69
1960-1969       27      0.00102  0.00102  0.50   96328      98   96279  4791055  49.74
1960-1969       28      0.00105  0.00104  0.50   96230     101   96180  4694776  48.79
1960-1969       29      0.00102  0.00102  0.50   96129      98   96080  4598596  47.84
1960-1969       30      0.00107  0.00107  0.50   96032     103   95980  4502516  46.89
1960-1969       31      0.00121  0.00121  0.50   95929     116   95871  4406536  45.94
1960-1969       32      0.00117  0.00116  0.50   95813     112   95757  4310665  44.99
1960-1969       33      0.00118  0.00118  0.50   95701     113   95645  4214907  44.04
1960-1969       34      0.00137  0.00137  0.50   95589     131   95523  4119262  43.09
1960-1969       35      0.00137  0.00137  0.50   95458     131   95393  4023739  42.15
1960-1969       36      0.00144  0.00144  0.50   95328     137   95259  3928346  41.21
1960-1969       37      0.00166  0.00166  0.50   95190     158   95111  3833087  40.27
1960-1969       38      0.00176  0.00176  0.50   95033     167   94949  3737976  39.33
1960-1969       39      0.00179  0.00179  0.50   94865     170   94780  3643027  38.40
1960-1969       40      0.00184  0.00184  0.50   94695     174   94608  3548247  37.47
1960-1969       41      0.00223  0.00223  0.50   94521     211   94416  3453638  36.54
1960-1969       42      0.00248  0.00248  0.50   94310     234   94193  3359223  35.62
1960-1969       43      0.00263  0.00263  0.50   94076     247   93953  3265029  34.71
1960-1969       44      0.00256  0.00256  0.50   93829     240   93709  3171076  33.80
1960-1969       45      0.00281  0.00280  0.50   93589     262   93458  3077367  32.88
1960-1969       46      0.00326  0.00326  0.50   93327     304   93175  2983909  31.97
1960-1969       47      0.00324  0.00324  0.50   93023     301   92872  2890734  31.08
1960-1969       48      0.00358  0.00358  0.50   92722     332   92556  2797861  30.17
1960-1969       49      0.00405  0.00404  0.50   92390     374   92203  2705305  29.28
1960-1969       50      0.00430  0.00429  0.50   92017     395   91819  2613102  28.40
1960-1969       51      0.00464  0.00463  0.50   91622     424   91409  2521282  27.52
1960-1969       52      0.00513  0.00512  0.50   91197     467   90964  2429873  26.64
1960-1969       53      0.00551  0.00550  0.50   90731     499   90481  2338909  25.78
1960-1969       54      0.00573  0.00572  0.50   90232     516   89974  2248428  24.92
1960-1969       55      0.00611  0.00609  0.50   89716     546   89443  2158454  24.06
1960-1969       56      0.00670  0.00668  0.50   89170     596   88872  2069010  23.20
1960-1969       57      0.00734  0.00731  0.50   88575     647   88251  1980138  22.36
1960-1969       58      0.00790  0.00787  0.50   87927     692   87581  1891887  21.52
1960-1969       59      0.00876  0.00872  0.50   87235     761   86855  1804306  20.68
1960-1969       60      0.01021  0.01016  0.50   86475     878   86035  1717451  19.86
1960-1969       61      0.01044  0.01039  0.50   85596     889   85152  1631415  19.06
1960-1969       62      0.01165  0.01159  0.50   84707     981   84216  1546264  18.25
1960-1969       63      0.01276  0.01268  0.50   83726    1061   83195  1462047  17.46
1960-1969       64      0.01493  0.01482  0.50   82664    1225   82052  1378852  16.68
1960-1969       65      0.01638  0.01625  0.50   81439    1323   80778  1296800  15.92
1960-1969       66      0.01713  0.01699  0.50   80116    1361   79436  1216023  15.18
1960-1969       67      0.02041  0.02021  0.50   78755    1592   77959  1136587  14.43
1960-1969       68      0.02298  0.02272  0.50   77164    1753   76287  1058628  13.72
1960-1969       69      0.02409  0.02380  0.50   75410    1795   74513   982341  13.03
1960-1969       70      0.02970  0.02927  0.50   73616    2155   72538   907828  12.33
1960-1969       71      0.03052  0.03006  0.50   71461    2148   70387   835289  11.69
1960-1969       72      0.03623  0.03559  0.50   69313    2467   68080   764902  11.04
1960-1969       73      0.03974  0.03896  0.50   66846    2604   65544   696823  10.42
1960-1969       74      0.04663  0.04557  0.50   64242    2928   62778   631279   9.83
1960-1969       75      0.04973  0.04852  0.50   61314    2975   59827   568501   9.27
1960-1969       76      0.05647  0.05492  0.50   58339    3204   56737   508674   8.72
1960-1969       77      0.06212  0.06025  0.50   55135    3322   53474   451937   8.20
1960-1969       78      0.07199  0.06949  0.50   51813    3600   50013   398463   7.69
1960-1969       79      0.07579  0.07302  0.50   48213    3521   46453   348450   7.23
1960-1969       80      0.08892  0.08514  0.50   44692    3805   42790   301997   6.76
1960-1969       81      0.09308  0.08894  0.50   40887    3637   39069   259207   6.34
1960-1969       82      0.10863  0.10304  0.50   37251    3838   35332   220138   5.91
1960-1969       83      0.12014  0.11334  0.50   33413    3787   31519   184806   5.53
1960-1969       84      0.13410  0.12567  0.50   29626    3723   27764   153287   5.17
1960-1969       85      0.14562  0.13574  0.50   25903    3516   24145   125523   4.85
1960-1969       86      0.16552  0.15287  0.50   22387    3422   20675   101379   4.53
1960-1969       87      0.17910  0.16438  0.50   18964    3117   17406    80703   4.26
1960-1969       88      0.19525  0.17788  0.50   15847    2819   14437    63298   3.99
1960-1969       89      0.21604  0.19498  0.50   13028    2540   11758    48860   3.75
1960-1969       90      0.22748  0.20425  0.50   10488    2142    9417    37102   3.54
1960-1969       91      0.24394  0.21742  0.50    8346    1815    7438    27685   3.32
1960-1969       92      0.27454  0.24140  0.50    6531    1577    5743    20247   3.10
1960-1969       93      0.30404  0.26392  0.50    4955    1308    4301    14504   2.93
1960-1969       94      0.29601  0.25785  0.50    3647     940    3177    10203   2.80
1960-1969       95      0.33816  0.28926  0.50    2707     783    2315     7027   2.60
1960-1969       96      0.36325  0.30742  0.50    1924     591    1628     4712   2.45
1960-1969       97      0.38911  0.32574  0.50    1332     434    1115     3084   2.31
1960-1969       98      0.41560  0.34410  0.50     898     309     744     1968   2.19
1960-1969       99      0.44260  0.36240  0.50     589     214     482     1224   2.08
1960-1969      100      0.46993  0.38052  0.50     376     143     304      742   1.98
1960-1969      101      0.49745  0.39837  0.50     233      93     186      438   1.88
1960-1969      102      0.52499  0.41583  0.50     140      58     111      251   1.80
1960-1969      103      0.55237  0.43283  0.50      82      35      64      141   1.72
1960-1969      104      0.57944  0.44927  0.50      46      21      36       76   1.65
1960-1969      105      0.60603  0.46510  0.50      26      12      20       40   1.58
1960-1969      106      0.63202  0.48025  0.50      14       7      10       21   1.53
1960-1969      107      0.65726  0.49469  0.50       7       4       5       10   1.48
1960-1969      108      0.68164  0.50838  0.50       4       2       3        5   1.43
1960-1969      109      0.70507  0.52129  0.50       2       1       1        2   1.40
1960-1969      110+     0.72746  1.00000  1.37       1       1       1        1   1.37
1970-1979        0      0.01471  0.01452  0.12  100000    1452   98720  7435154  74.35
1970-1979        1      0.00174  0.00174  0.50   98548     172   98462  7336434  74.45
1970-1979        2      0.00098  0.00098  0.50   98376      96   98328  7237972  73.57
1970-1979        3      0.00067  0.00067  0.50   98280      65   98247  7139644  72.65
1970-1979        4      0.00069  0.00069  0.50   98215      68   98181  7041396  71.69
1970-1979        5      0.00056  0.00056  0.50   98147      55   98119  6943216  70.74
1970-1979        6      0.00047  0.00047  0.50   98092      46   98068  6845096  69.78
1970-1979        7      0.00051  0.00051  0.50   98045      50   98020  6747028  68.82
1970-1979        8      0.00046  0.00046  0.50   97995      45   97973  6649008  67.85
1970-1979        9      0.00033  0.00033  0.50   97950      33   97934  6551035  66.88
1970-1979       10      0.00039  0.00039  0.50   97918      38   97899  6453101  65.90
1970-1979       11      0.00041  0.00041  0.50   97880      40   97860  6355202  64.93
1970-1979       12      0.00039  0.00039  0.50   97840      38   97820  6257342  63.96
1970-1979       13      0.00036  0.00036  0.50   97801      35   97784  6159521  62.98
1970-1979       14      0.00047  0.00047  0.50   97766      46   97743  6061738  62.00
1970-1979       15      0.00048  0.00048  0.50   97720      47   97697  5963994  61.03
1970-1979       16      0.00051  0.00051  0.50   97673      50   97648  5866298  60.06
1970-1979       17      0.00059  0.00059  0.50   97623      57   97594  5768650  59.09
1970-1979       18      0.00068  0.00068  0.50   97565      67   97532  5671056  58.13
1970-1979       19      0.00057  0.00057  0.50   97499      56   97471  5573524  57.17
1970-1979       20      0.00060  0.00060  0.50   97443      59   97413  5476053  56.20
1970-1979       21      0.00081  0.00081  0.50   97384      79   97344  5378640  55.23
1970-1979       22      0.00080  0.00080  0.50   97305      78   97266  5281295  54.28
1970-1979       23      0.00082  0.00082  0.50   97227      79   97187  5184029  53.32
1970-1979       24      0.00080  0.00080  0.50   97148      78   97109  5086842  52.36
1970-1979       25      0.00077  0.00077  0.50   97070      74   97033  4989733  51.40
1970-1979       26      0.00075  0.00075  0.50   96996      73   96959  4892701  50.44
1970-1979       27      0.00083  0.00083  0.50   96923      81   96882  4795741  49.48
1970-1979       28      0.00085  0.00085  0.50   96842      82   96801  4698859  48.52
1970-1979       29      0.00095  0.00095  0.50   96760      92   96714  4602058  47.56
1970-1979       30      0.00112  0.00112  0.50   96668     108   96614  4505344  46.61
1970-1979       31      0.00109  0.00109  0.50   96560     105   96508  4408730  45.66
1970-1979       32      0.00119  0.00119  0.50   96455     115   96398  4312222  44.71
1970-1979       33      0.00115  0.00115  0.50   96341     111   96286  4215824  43.76
1970-1979       34      0.00119  0.00119  0.50   96230     115   96173  4119538  42.81
1970-1979       35      0.00146  0.00146  0.50   96116     140   96045  4023365  41.86
1970-1979       36      0.00158  0.00157  0.50   95975     151   95900  3927320  40.92
1970-1979       37      0.00172  0.00172  0.50   95824     165   95742  3831420  39.98
1970-1979       38      0.00164  0.00164  0.50   95659     157   95580  3735678  39.05
1970-1979       39      0.00181  0.00181  0.50   95502     173   95415  3640098  38.12
1970-1979       40      0.00220  0.00220  0.50   95329     210   95224  3544683  37.18
1970-1979       41      0.00194  0.00194  0.50   95119     184   95027  3449459  36.26
1970-1979       42      0.00252  0.00252  0.50   94935     239   94815  3354432  35.33
1970-1979       43      0.00264  0.00264  0.50   94696     250   94571  3259617  34.42
1970-1979       44      0.00299  0.00298  0.50   94446     282   94305  3165046  33.51
1970-1979       45      0.00292  0.00291  0.50   94165     274   94027  3070740  32.61
1970-1979       46      0.00331  0.00330  0.50   93890     310   93735  2976713  31.70
1970-1979       47      0.00375  0.00375  0.50   93580     351   93405  2882978  30.81
1970-1979       48      0.00413  0.00412  0.50   93230     385   93037  2789573  29.92
1970-1979       49      0.00399  0.00398  0.50   92845     370   92660  2696535  29.04
1970-1979       50      0.00473  0.00472  0.50   92475     436   92257  2603875  28.16
1970-1979       51      0.00497  0.00496  0.50   92039     456   91811  2511618  27.29
1970-1979       52      0.00566  0.00564  0.50   91582     517   91324  2419807  26.42
1970-1979       53      0.00579  0.00577  0.50   91066     526   90803  2328483  25.57
1970-1979       54      0.00645  0.00643  0.50   90540     582   90249  2237680  24.71
1970-1979       55      0.00692  0.00690  0.50   89958     621   89647  2147432  23.87
1970-1979       56      0.00727  0.00724  0.50   89337     647   89013  2057785  23.03
1970-1979       57      0.00807  0.00804  0.50   88690     713   88333  1968771  22.20
1970-1979       58      0.00833  0.00830  0.50   87977     730   87612  1880438  21.37
1970-1979       59      0.00918  0.00914  0.50   87247     798   86848  1792826  20.55
1970-1979       60      0.01101  0.01095  0.50   86450     947   85976  1705977  19.73
1970-1979       61      0.01102  0.01096  0.50   85503     937   85034  1620001  18.95
1970-1979       62      0.01283  0.01275  0.50   84566    1078   84027  1534967  18.15
1970-1979       63      0.01374  0.01365  0.50   83488    1140   82918  1450940  17.38
1970-1979       64      0.01456  0.01445  0.50   82348    1190   81753  1368022  16.61
1970-1979       65      0.01637  0.01624  0.50   81158    1318   80499  1286270  15.85
1970-1979       66      0.01825  0.01809  0.50   79840    1444   79118  1205771  15.10
1970-1979       67      0.02003  0.01983  0.50   78396    1555   77618  1126653  14.37
1970-1979       68      0.02324  0.02297  0.50   76841    1765   75959  1049035  13.65
1970-1979       69      0.02545  0.02513  0.50   75076    1887   74133   973076  12.96
1970-1979       70      0.02901  0.02860  0.50   73190    2093   72143   898943  12.28
1970-1979       71      0.03304  0.03250  0.50   71097    2311   69941   826800  11.63
1970-1979       72      0.03643  0.03578  0.50   68786    2461   67555   756859  11.00
1970-1979       73      0.04101  0.04019  0.50   66325    2666   64992   689304  10.39
1970-1979       74      0.04540  0.04439  0.50   63659    2826   62246   624312   9.81
1970-1979       75      0.05071  0.04945  0.50   60833    3008   59329   562066   9.24
1970-1979       76      0.05877  0.05709  0.50   57825    3301   56174   502737   8.69
1970-1979       77      0.06501  0.06297  0.50   54523    3433   52807   446563   8.19
1970-1979       78      0.07244  0.06991  0.50   51090    3572   49304   393756   7.71
1970-1979       79      0.08129  0.07812  0.50   47518    3712   45662   344452   7.25
1970-1979       80      0.08882  0.08504  0.50   43806    3725   41944   298790   6.82
1970-1979       81      0.09757  0.09303  0.50   40081    3729   38217   256846   6.41
1970-1979       82      0.10468  0.09947  0.50   36352    3616   34544   218630   6.01
1970-1979       83      0.11919  0.11248  0.50   32736    3682   30895   184085   5.62
1970-1979       84      0.12922  0.12138  0.50   29054    3526   27291   153190   5.27
1970-1979       85      0.14416  0.13447  0.50   25527    3433   23811   125900   4.93
1970-1979       86      0.15767  0.14615  0.50   22095    3229   20480   102089   4.62
1970-1979       87      0.17397  0.16004  0.50   18866    3019   17356    81608   4.33
1970-1979       88      0.19271  0.17577  0.50   15846    2785   14454    64252   4.05
1970-1979       89      0.20745  0.18795  0.50   13061    2455   11834    49799   3.81
1970-1979       90      0.22740  0.20419  0.50   10606    2166    9523    37965   3.58
1970-1979       91      0.24755  0.22029  0.50    8440    1859    7511    28442   3.37
1970-1979       92      0.26586  0.23467  0.50    6581    1544    5809    20931   3.18
1970-1979       93      0.28144  0.24672  0.50    5037    1243    4415    15122   3.00
1970-1979       94      0.30198  0.26237  0.50    3794     995    3296    10707   2.82
1970-1979       95      0.33070  0.28378  0.50    2799     794    2402     7410   2.65
1970-1979       96      0.35511  0.30157  0.50    2004     604    1702     5009   2.50
1970-1979       97      0.38031  0.31955  0.50    1400     447    1176     3307   2.36
1970-1979       98      0.40617  0.33760  0.50     953     322     792     2130   2.24
1970-1979       99      0.43255  0.35564  0.50     631     224     519     1338   2.12
1970-1979      100      0.45933  0.37354  0.50     407     152     331      820   2.02
1970-1979      101      0.48634  0.39121  0.50     255     100     205      489   1.92
1970-1979      102      0.51344  0.40855  0.50     155      63     123      284   1.83
1970-1979      103      0.54045  0.42548  0.50      92      39      72      161   1.75
1970-1979      104      0.56723  0.44190  0.50      53      23      41       89   1.68
1970-1979      105      0.59362  0.45775  0.50      29      13      23       47   1.61
1970-1979      106      0.61948  0.47298  0.50      16       8      12       25   1.56
1970-1979      107      0.64468  0.48753  0.50       8       4       6       13   1.50
1970-1979      108      0.66910  0.50137  0.50       4       2       3        6   1.46
1970-1979      109      0.69265  0.51447  0.50       2       1       2        3   1.42
1970-1979      110+     0.71523  1.00000  1.40       1       1       1        1   1.40
1980-1989        0      0.01119  0.01108  0.13  100000    1108   99032  7466191  74.66
1980-1989        1      0.00170  0.00170  0.50   98892     168   98808  7367160  74.50
1980-1989        2      0.00086  0.00086  0.50   98724      85   98681  7268352  73.62
1980-1989        3      0.00070  0.00070  0.50   98638      69   98604  7169671  72.69
1980-1989        4      0.00066  0.00066  0.50   98570      65   98537  7071067  71.74
1980-1989        5      0.00052  0.00052  0.50   98505      51   98479  6972530  70.78
1980-1989        6      0.00046  0.00046  0.50   98453      46   98430  6874051  69.82
1980-1989        7      0.00040  0.00040  0.50   98408      40   98388  6775621  68.85
1980-1989        8      0.00035  0.00035  0.50   98368      34   98351  6677233  67.88
1980-1989        9      0.00035  0.00035  0.50   98334      34   98317  6578882  66.90
1980-1989       10      0.00029  0.00029  0.50   98300      28   98285  6480566  65.93
1980-1989       11      0.00027  0.00027  0.50   98271      27   98258  6382280  64.95
1980-1989       12      0.00040  0.00040  0.50   98244      40   98224  6284022  63.96
1980-1989       13      0.00029  0.00029  0.50   98205      29   98190  6185798  62.99
1980-1989       14      0.00041  0.00041  0.50   98176      40   98156  6087608  62.01
1980-1989       15      0.00046  0.00046  0.50   98135      45   98113  5989452  61.03
1980-1989       16      0.00043  0.00043  0.50   98090      42   98069  5891340  60.06
1980-1989       17      0.00059  0.00059  0.50   98048      57   98019  5793271  59.09
1980-1989       18      0.00056  0.00056  0.50   97990      55   97963  5695252  58.12
1980-1989       19      0.00061  0.00061  0.50   97935      60   97905  5597289  57.15
1980-1989       20      0.00054  0.00054  0.50   97876      53   97849  5499383  56.19
1980-1989       21      0.00068  0.00068  0.50   97823      66   97790  5401534  55.22
1980-1989       22      0.00061  0.00061  0.50   97757      60   97727  5303744  54.25
1980-1989       23      0.00072  0.00072  0.50   97697      70   97661  5206018  53.29
1980-1989       24      0.00063  0.00063  0.50   97626      61   97595  5108356  52.33
1980-1989       25      0.00085  0.00085  0.50   97565      82   97523  5010761  51.36
1980-1989       26      0.00078  0.00078  0.50   97482      76   97444  4913238  50.40
1980-1989       27      0.00079  0.00079  0.50   97406      77   97368  4815793  49.44
1980-1989       28      0.00076  0.00076  0.50   97329      74   97293  4718425  48.48
1980-1989       29      0.00088  0.00088  0.50   97256      85   97213  4621133  47.52
1980-1989       30      0.00097  0.00097  0.50   97170      94   97123  4523920  46.56
1980-1989       31      0.00115  0.00115  0.50   97076     112   97020  4426797  45.60
1980-1989       32      0.00098  0.00098  0.50   96964      95   96916  4329777  44.65
1980-1989       33      0.00121  0.00121  0.50   96869     117   96810  4232860  43.70
1980-1989       34      0.00126  0.00126  0.50   96752     122   96690  4136050  42.75
1980-1989       35      0.00125  0.00125  0.50   96629     120   96569  4039359  41.80
1980-1989       36      0.00150  0.00150  0.50   96509     145   96437  3942790  40.85
1980-1989       37      0.00156  0.00156  0.50   96364     150   96289  3846354  39.91
1980-1989       38      0.00171  0.00170  0.50   96214     164   96132  3750065  38.98
1980-1989       39      0.00194  0.00194  0.50   96050     186   95957  3653933  38.04
1980-1989       40      0.00232  0.00231  0.50   95864     222   95753  3557976  37.11
1980-1989       41      0.00247  0.00247  0.50   95642     236   95524  3462223  36.20
1980-1989       42      0.00248  0.00248  0.50   95406     237   95288  3366699  35.29
1980-1989       43      0.00262  0.00262  0.50   95169     249   95045  3271412  34.37
1980-1989       44      0.00281  0.00281  0.50   94920     267   94787  3176367  33.46
1980-1989       45      0.00312  0.00311  0.50   94653     295   94506  3081581  32.56
1980-1989       46      0.00333  0.00333  0.50   94359     314   94202  2987075  31.66
1980-1989       47      0.00359  0.00358  0.50   94045     337   93876  2892873  30.76
1980-1989       48      0.00366  0.00366  0.50   93707     343   93536  2798997  29.87
1980-1989       49      0.00403  0.00402  0.50   93365     376   93177  2705461  28.98
1980-1989       50      0.00485  0.00483  0.50   92989     450   92764  2612284  28.09
1980-1989       51      0.00497  0.00495  0.50   92540     458   92310  2519520  27.23
1980-1989       52      0.00539  0.00537  0.50   92081     495   91834  2427209  26.36
1980-1989       53      0.00585  0.00583  0.50   91587     534   91319  2335375  25.50
1980-1989       54      0.00633  0.00631  0.50   91052     574   90765  2244056  24.65
1980-1989       55      0.00697  0.00694  0.50   90478     628   90164  2153291  23.80
1980-1989       56      0.00773  0.00770  0.50   89850     692   89504  2063127  22.96
1980-1989       57      0.00852  0.00848  0.50   89158     756   88780  1973623  22.14
1980-1989       58      0.00923  0.00919  0.50   88401     812   87995  1884843  21.32
1980-1989       59      0.01011  0.01006  0.50   87589     881   87149  1796848  20.51
1980-1989       60      0.01104  0.01098  0.50   86708     952   86232  1709699  19.72
1980-1989       61      0.01165  0.01158  0.50   85756     993   85260  1623467  18.93
1980-1989       62      0.01304  0.01295  0.50   84763    1098   84214  1538208  18.15
1980-1989       63      0.01459  0.01448  0.50   83665    1212   83059  1453994  17.38
1980-1989       64      0.01591  0.01578  0.50   82453    1301   81803  1370935  16.63
1980-1989       65      0.01692  0.01678  0.50   81152    1362   80471  1289132  15.89
1980-1989       66      0.01949  0.01930  0.50   79790    1540   79020  1208661  15.15
1980-1989       67      0.02076  0.02055  0.50   78250    1608   77446  1129641  14.44
1980-1989       68      0.02297  0.02271  0.50   76642    1740   75772  1052195  13.73
1980-1989       69      0.02549  0.02516  0.50   74902    1885   73959   976423  13.04
1980-1989       70      0.02776  0.02738  0.50   73017    1999   72017   902464  12.36
1980-1989       71      0.03190  0.03140  0.50   71017    2230   69902   830447  11.69
1980-1989       72      0.03643  0.03578  0.50   68787    2461   67557   760545  11.06
1980-1989       73      0.03998  0.03920  0.50   66327    2600   65027   692988  10.45
1980-1989       74      0.04503  0.04403  0.50   63727    2806   62324   627961   9.85
1980-1989       75      0.05020  0.04897  0.50   60920    2984   59429   565638   9.28
1980-1989       76      0.05577  0.05426  0.50   57937    3144   56365   506209   8.74
1980-1989       77      0.06371  0.06174  0.50   54793    3383   53102   449844   8.21
1980-1989       78      0.06859  0.06632  0.50   51410    3409   49705   396742   7.72
1980-1989       79      0.07772  0.07481  0.50   48001    3591   46205   347037   7.23
1980-1989       80      0.08751  0.08384  0.50   44410    3724   42548   300831   6.77
1980-1989       81      0.09748  0.09295  0.50   40686    3782   38795   258283   6.35
1980-1989       82      0.10813  0.10259  0.50   36905    3786   35012   219488   5.95
1980-1989       83      0.12100  0.11410  0.50   33119    3779   31229   184476   5.57
1980-1989       84      0.13282  0.12455  0.50   29340    3654   27513   153247   5.22
1980-1989       85      0.14660  0.13659  0.50   25686    3508   23932   125734   4.90
1980-1989       86      0.15899  0.14728  0.50   22177    3266   20544   101802   4.59
1980-1989       87      0.17825  0.16366  0.50   18911    3095   17364    81258   4.30
1980-1989       88      0.19938  0.18131  0.50   15816    2868   14382    63895   4.04
1980-1989       89      0.20924  0.18942  0.50   12948    2453   11722    49512   3.82
1980-1989       90      0.22495  0.20221  0.50   10496    2122    9435    37790   3.60
1980-1989       91      0.24213  0.21598  0.50    8373    1808    7469    28356   3.39
1980-1989       92      0.26162  0.23135  0.50    6565    1519    5806    20887   3.18
1980-1989       93      0.28951  0.25290  0.50    5046    1276    4408    15081   2.99
1980-1989       94      0.29760  0.25905  0.50    3770     977    3282    10673   2.83
1980-1989       95      0.33129  0.28422  0.50    2793     794    2396     7392   2.65
1980-1989       96      0.35553  0.30187  0.50    1999     604    1698     4995   2.50
1980-1989       97      0.38053  0.31970  0.50    1396     446    1173     3297   2.36
1980-1989       98      0.40618  0.33762  0.50     950     321     789     2125   2.24
1980-1989       99      0.43236  0.35550  0.50     629     224     517     1335   2.12
1980-1989      100      0.45891  0.37327  0.50     405     151     330      818   2.02
1980-1989      101      0.48571  0.39080  0.50     254      99     204      489   1.92
1980-1989      102      0.51258  0.40801  0.50     155      63     123      284   1.84
1980-1989      103      0.53938  0.42481  0.50      92      39      72      161   1.76
1980-1989      104      0.56596  0.44113  0.50      53      23      41       89   1.68
1980-1989      105      0.59216  0.45689  0.50      29      13      23       48   1.62
1980-1989      106      0.61785  0.47203  0.50      16       8      12       25   1.56
1980-1989      107      0.64290  0.48651  0.50       8       4       6       13   1.51
1980-1989      108      0.66718  0.50029  0.50       4       2       3        6   1.46
1980-1989      109      0.69062  0.51335  0.50       2       1       2        3   1.43
1980-1989      110+     0.71311  1.00000  1.40       1       1       1        1   1.40
1990-1999        0      0.01339  0.01324  0.12  100000    1324   98837  7399201  73.99
1990-1999        1      0.00125  0.00124  0.50   98676     123   98615  7300364  73.98
1990-1999        2      0.00085  0.00085  0.50   98553      84   98512  7201749  73.07
1990-1999        3      0.00066  0.00066  0.50   98470      65   98437  7103237  72.14
1990-1999        4      0.00052  0.00052  0.50   98404      51   98379  7004800  71.18
1990-1999        5      0.00042  0.00042  0.50   98353      42   98333  6906421  70.22
1990-1999        6      0.00041  0.00041  0.50   98312      41   98291  6808089  69.25
1990-1999        7      0.00033  0.00033  0.50   98271      32   98255  6709797  68.28
1990-1999        8      0.00036  0.00036  0.50   98239      35   98221  6611542  67.30
1990-1999        9      0.00028  0.00028  0.50   98204      27   98190  6513320  66.32
1990-1999       10      0.00026  0.00026  0.50   98177      26   98164  6415130  65.34
1990-1999       11      0.00028  0.00028  0.50   98151      27   98137  6316966  64.36
1990-1999       12      0.00028  0.00028  0.50   98124      28   98110  6218829  63.38
1990-1999       13      0.00031  0.00031  0.50   98096      30   98081  6120719  62.40
1990-1999       14      0.00036  0.00036  0.50   98066      36   98048  6022638  61.41
1990-1999       15      0.00049  0.00049  0.50   98030      48   98006  5924591  60.44
1990-1999       16      0.00052  0.00052  0.50   97982      51   97957  5826584  59.47
1990-1999       17      0.00062  0.00062  0.50   97931      61   97900  5728628  58.50
1990-1999       18      0.00060  0.00060  0.50   97870      59   97840  5630727  57.53
1990-1999       19      0.00078  0.00077  0.50   97811      76   97773  5532887  56.57
1990-1999       20      0.00069  0.00069  0.50   97735      67   97702  5435114  55.61
1990-1999       21      0.00071  0.00071  0.50   97668      69   97634  5337412  54.65
1990-1999       22      0.00071  0.00071  0.50   97599      69   97564  5239779  53.69
1990-1999       23      0.00074  0.00074  0.50   97529      72   97493  5142214  52.72
1990-1999       24      0.00070  0.00070  0.50   97457      68   97423  5044721  51.76
1990-1999       25      0.00079  0.00079  0.50   97389      77   97351  4947298  50.80
1990-1999       26      0.00076  0.00076  0.50   97312      74   97275  4849947  49.84
1990-1999       27      0.00083  0.00082  0.50   97238      80   97198  4752672  48.88
1990-1999       28      0.00094  0.00093  0.50   97158      91   97112  4655474  47.92
1990-1999       29      0.00114  0.00113  0.50   97067     110   97012  4558362  46.96
1990-1999       30      0.00110  0.00110  0.50   96957     107   96903  4461350  46.01
1990-1999       31      0.00107  0.00107  0.50   96850     104   96798  4364446  45.06
1990-1999       32      0.00112  0.00112  0.50   96746     108   96692  4267648  44.11
1990-1999       33      0.00125  0.00124  0.50   96638     120   96578  4170956  43.16
1990-1999       34      0.00147  0.00147  0.50   96518     142   96447  4074378  42.21
1990-1999       35      0.00156  0.00156  0.50   96376     150   96301  3977931  41.28
1990-1999       36      0.00185  0.00185  0.50   96226     178   96137  3881631  40.34
1990-1999       37      0.00183  0.00183  0.50   96048     176   95960  3785494  39.41
1990-1999       38      0.00204  0.00204  0.50   95872     196   95774  3689534  38.48
1990-1999       39      0.00245  0.00245  0.50   95676     234   95559  3593760  37.56
1990-1999       40      0.00279  0.00278  0.50   95442     265   95310  3498201  36.65
1990-1999       41      0.00277  0.00277  0.50   95177     263   95045  3402891  35.75
1990-1999       42      0.00278  0.00277  0.50   94913     263   94782  3307846  34.85
1990-1999       43      0.00328  0.00327  0.50   94650     310   94495  3213064  33.95
1990-1999       44      0.00371  0.00371  0.50   94340     350   94165  3118569  33.06
1990-1999       45      0.00417  0.00416  0.50   93990     391   93795  3024404  32.18
1990-1999       46      0.00461  0.00460  0.50   93599     430   93384  2930609  31.31
1990-1999       47      0.00465  0.00464  0.50   93169     432   92952  2837225  30.45
1990-1999       48      0.00515  0.00514  0.50   92736     477   92498  2744273  29.59
1990-1999       49      0.00584  0.00582  0.50   92259     537   91991  2651775  28.74
1990-1999       50      0.00583  0.00581  0.50   91723     533   91456  2559784  27.91
1990-1999       51      0.00613  0.00611  0.50   91190     557   90911  2468328  27.07
1990-1999       52      0.00654  0.00652  0.50   90633     591   90337  2377417  26.23
1990-1999       53      0.00723  0.00721  0.50   90042     649   89717  2287080  25.40
1990-1999       54      0.00796  0.00793  0.50   89393     709   89039  2197362  24.58
1990-1999       55      0.00820  0.00817  0.50   88684     725   88322  2108324  23.77
1990-1999       56      0.00844  0.00840  0.50   87960     739   87590  2020002  22.97
1990-1999       57      0.00958  0.00954  0.50   87221     832   86805  1932412  22.16
1990-1999       58      0.01020  0.01015  0.50   86389     877   85951  1845607  21.36
1990-1999       59      0.01083  0.01078  0.50   85512     921   85052  1759656  20.58
1990-1999       60      0.01155  0.01148  0.50   84591     971   84105  1674605  19.80
1990-1999       61      0.01247  0.01239  0.50   83620    1036   83102  1590499  19.02
1990-1999       62      0.01320  0.01311  0.50   82584    1083   82042  1507398  18.25
1990-1999       63      0.01448  0.01438  0.50   81501    1172   80915  1425355  17.49
1990-1999       64      0.01590  0.01578  0.50   80329    1267   79695  1344440  16.74
1990-1999       65      0.01783  0.01767  0.50   79062    1397   78363  1264745  16.00
1990-1999       66      0.01944  0.01925  0.50   77664    1495   76917  1186381  15.28
1990-1999       67      0.02141  0.02118  0.50   76170    1613   75363  1109464  14.57
1990-1999       68      0.02341  0.02314  0.50   74556    1725   73694  1034102  13.87
1990-1999       69      0.02602  0.02568  0.50   72831    1871   71896   960408  13.19
1990-1999       70      0.02928  0.02886  0.50   70960    2048   69936   888512  12.52
1990-1999       71      0.03109  0.03061  0.50   68912    2110   67858   818576  11.88
1990-1999       72      0.03472  0.03413  0.50   66803    2280   65663   750718  11.24
1990-1999       73      0.03834  0.03762  0.50   64523    2427   63309   685055  10.62
1990-1999       74      0.04201  0.04114  0.50   62096    2555   60818   621746  10.01
1990-1999       75      0.04762  0.04652  0.50   59541    2770   58156   560928   9.42
1990-1999       76      0.05303  0.05166  0.50   56771    2933   55305   502772   8.86
1990-1999       77      0.05856  0.05690  0.50   53838    3063   52307   447467   8.31
1990-1999       78      0.06684  0.06468  0.50   50775    3284   49133   395161   7.78
1990-1999       79      0.07505  0.07234  0.50   47491    3435   45773   346028   7.29
1990-1999       80      0.08429  0.08088  0.50   44056    3563   42274   300254   6.82
1990-1999       81      0.09625  0.09183  0.50   40492    3719   38633   257980   6.37
1990-1999       82      0.10409  0.09894  0.50   36774    3638   34955   219347   5.96
1990-1999       83      0.11511  0.10884  0.50   33135    3607   31332   184393   5.56
1990-1999       84      0.12936  0.12150  0.50   29529    3588   27735   153060   5.18
1990-1999       85      0.14179  0.13240  0.50   25941    3435   24224   125325   4.83
1990-1999       86      0.15918  0.14745  0.50   22506    3319   20847   101102   4.49
1990-1999       87      0.17798  0.16344  0.50   19188    3136   17620    80255   4.18
1990-1999       88      0.19538  0.17799  0.50   16052    2857   14623    62635   3.90
1990-1999       89      0.21695  0.19572  0.50   13195    2582   11903    48012   3.64
1990-1999       90      0.22939  0.20579  0.50   10612    2184    9520    36108   3.40
1990-1999       91      0.25764  0.22824  0.50    8428    1924    7467    26588   3.15
1990-1999       92      0.28422  0.24885  0.50    6505    1619    5695    19121   2.94
1990-1999       93      0.31679  0.27348  0.50    4886    1336    4218    13426   2.75
1990-1999       94      0.33812  0.28922  0.50    3550    1027    3036     9208   2.59
1990-1999       95      0.36003  0.30511  0.50    2523     770    2138     6172   2.45
1990-1999       96      0.38831  0.32517  0.50    1753     570    1468     4034   2.30
1990-1999       97      0.41735  0.34530  0.50    1183     409     979     2565   2.17
1990-1999       98      0.44698  0.36533  0.50     775     283     633     1587   2.05
1990-1999       99      0.47700  0.38514  0.50     492     189     397      953   1.94
1990-1999      100      0.50717  0.40458  0.50     302     122     241      557   1.84
1990-1999      101      0.53730  0.42352  0.50     180      76     142      315   1.75
1990-1999      102      0.56716  0.44186  0.50     104      46      81      174   1.67
1990-1999      103      0.59653  0.45949  0.50      58      27      45       93   1.60
1990-1999      104      0.62524  0.47633  0.50      31      15      24       48   1.54
1990-1999      105      0.65308  0.49232  0.50      16       8      12       24   1.48
1990-1999      106      0.67992  0.50742  0.50       8       4       6       12   1.43
1990-1999      107      0.70561  0.52159  0.50       4       2       3        6   1.38
1990-1999      108      0.73007  0.53483  0.50       2       1       1        3   1.34
1990-1999      109      0.75320  0.54714  0.50       1       0       1        1   1.31
1990-1999      110+     0.77496  1.00000  1.29       0       0       1        1   1.29
2000-2009        0      0.00823  0.00817  0.13  100000     817   99291  7621440  76.21
2000-2009        1      0.00072  0.00072  0.50   99183      71   99148  7522149  75.84
2000-2009        2      0.00041  0.00041  0.50   99112      40   99092  7423001  74.90
2000-2009        3      0.00029  0.00029  0.50   99072      28   99057  7323909  73.93
2000-2009        4      0.00031  0.00031  0.50   99043      31   99028  7224852  72.95
2000-2009        5      0.00030  0.00030  0.50   99012      30   98997  7125824  71.97
2000-2009        6      0.00027  0.00027  0.50   98983      27   98969  7026827  70.99
2000-2009        7      0.00022  0.00022  0.50   98955      22   98944  6927858  70.01
2000-2009        8      0.00018  0.00018  0.50   98933      18   98924  6828913  69.03
2000-2009        9      0.00019  0.00019  0.50   98916      19   98906  6729989  68.04
2000-2009       10      0.00020  0.00020  0.50   98897      20   98886  6631083  67.05
2000-2009       11      0.00013  0.00013  0.50   98876      13   98870  6532196  66.06
2000-2009       12      0.00017  0.00017  0.50   98863      17   98855  6433326  65.07
2000-2009       13      0.00024  0.00024  0.50   98846      23   98835  6334472  64.08
2000-2009       14      0.00026  0.00026  0.50   98823      25   98810  6235637  63.10
2000-2009       15      0.00034  0.00034  0.50   98798      34   98781  6136827  62.12
2000-2009       16      0.00043  0.00043  0.50   98764      43   98743  6038046  61.14
2000-2009       17      0.00050  0.00050  0.50   98721      49   98696  5939303  60.16
2000-2009       18      0.00044  0.00044  0.50   98672      44   98650  5840607  59.19
2000-2009       19      0.00048  0.00048  0.50   98628      47   98605  5741957  58.22
2000-2009       20      0.00049  0.00049  0.50   98581      48   98557  5643352  57.25
2000-2009       21      0.00040  0.00040  0.50   98533      40   98513  5544795  56.27
2000-2009       22      0.00045  0.00045  0.50   98493      45   98471  5446282  55.30
2000-2009       23      0.00052  0.00052  0.50   98448      51   98423  5347812  54.32
2000-2009       24      0.00054  0.00054  0.50   98397      53   98370  5249389  53.35
2000-2009       25      0.00055  0.00055  0.50   98344      54   98317  5151019  52.38
2000-2009       26      0.00056  0.00056  0.50   98290      55   98262  5052702  51.41
2000-2009       27      0.00063  0.00063  0.50   98235      62   98204  4954440  50.43
2000-2009       28      0.00072  0.00072  0.50   98173      70   98138  4856236  49.47
2000-2009       29      0.00070  0.00070  0.50   98102      69   98068  4758099  48.50
2000-2009       30      0.00077  0.00077  0.50   98034      76   97996  4660031  47.54
2000-2009       31      0.00092  0.00092  0.50   97958      90   97913  4562035  46.57
2000-2009       32      0.00105  0.00105  0.50   97868     103   97816  4464122  45.61
2000-2009       33      0.00111  0.00111  0.50   97765     109   97711  4366306  44.66
2000-2009       34      0.00126  0.00126  0.50   97657     123   97595  4268595  43.71
2000-2009       35      0.00130  0.00130  0.50   97534     127   97470  4171000  42.76
2000-2009       36      0.00150  0.00150  0.50   97407     146   97334  4073529  41.82
2000-2009       37      0.00166  0.00166  0.50   97261     162   97180  3976196  40.88
2000-2009       38      0.00176  0.00176  0.50   97099     171   97013  3879016  39.95
2000-2009       39      0.00202  0.00202  0.50   96928     196   96830  3782003  39.02
2000-2009       40      0.00213  0.00212  0.50   96732     205   96629  3685173  38.10
2000-2009       41      0.00225  0.00225  0.50   96527     217   96418  3588543  37.18
2000-2009       42      0.00243  0.00243  0.50   96310     234   96193  3492125  36.26
2000-2009       43      0.00264  0.00264  0.50   96076     253   95949  3395932  35.35
2000-2009       44      0.00290  0.00290  0.50   95822     278   95683  3299984  34.44
2000-2009       45      0.00328  0.00327  0.50   95544     313   95388  3204300  33.54
2000-2009       46      0.00361  0.00360  0.50   95232     343   95060  3108912  32.65
2000-2009       47      0.00373  0.00373  0.50   94889     354   94712  3013852  31.76
2000-2009       48      0.00411  0.00410  0.50   94535     388   94341  2919141  30.88
2000-2009       49      0.00482  0.00481  0.50   94147     453   93920  2824800  30.00
2000-2009       50      0.00529  0.00528  0.50   93694     495   93447  2730879  29.15
2000-2009       51      0.00531  0.00530  0.50   93199     494   92953  2637433  28.30
2000-2009       52      0.00586  0.00584  0.50   92706     541   92435  2544480  27.45
2000-2009       53      0.00620  0.00618  0.50   92165     570   91880  2452045  26.61
2000-2009       54      0.00681  0.00679  0.50   91595     622   91284  2360165  25.77
2000-2009       55      0.00731  0.00728  0.50   90973     662   90642  2268881  24.94
2000-2009       56      0.00762  0.00759  0.50   90311     686   89968  2178239  24.12
2000-2009       57      0.00822  0.00818  0.50   89625     734   89259  2088270  23.30
2000-2009       58      0.00927  0.00923  0.50   88892     820   88482  1999012  22.49
2000-2009       59      0.01016  0.01011  0.50   88072     891   87626  1910530  21.69
2000-2009       60      0.01054  0.01049  0.50   87181     914   86724  1822904  20.91
2000-2009       61      0.01084  0.01079  0.50   86267     930   85801  1736180  20.13
2000-2009       62      0.01172  0.01165  0.50   85336     994   84839  1650378  19.34
2000-2009       63      0.01286  0.01278  0.50   84342    1078   83803  1565539  18.56
2000-2009       64      0.01383  0.01373  0.50   83264    1143   82693  1481736  17.80
2000-2009       65      0.01500  0.01489  0.50   82121    1223   81510  1399043  17.04
2000-2009       66      0.01626  0.01613  0.50   80898    1305   80246  1317534  16.29
2000-2009       67      0.01762  0.01747  0.50   79593    1390   78898  1237288  15.55
2000-2009       68      0.01876  0.01858  0.50   78203    1453   77476  1158390  14.81
2000-2009       69      0.02041  0.02020  0.50   76750    1550   75975  1080914  14.08
2000-2009       70      0.02355  0.02327  0.50   75199    1750   74324  1004939  13.36
2000-2009       71      0.02590  0.02557  0.50   73449    1878   72510   930615  12.67
2000-2009       72      0.02901  0.02859  0.50   71571    2046   70548   858105  11.99
2000-2009       73      0.03225  0.03174  0.50   69525    2207   68421   787557  11.33
2000-2009       74      0.03653  0.03587  0.50   67318    2415   66110   719135  10.68
2000-2009       75      0.04146  0.04062  0.50   64903    2636   63585   653025  10.06
2000-2009       76      0.04559  0.04457  0.50   62267    2775   60879   589440   9.47
2000-2009       77      0.05066  0.04941  0.50   59491    2940   58021   528561   8.88
2000-2009       78      0.05610  0.05457  0.50   56552    3086   55009   470540   8.32
2000-2009       79      0.06384  0.06187  0.50   53466    3308   51812   415531   7.77
2000-2009       80      0.07365  0.07103  0.50   50158    3563   48377   363719   7.25
2000-2009       81      0.08231  0.07906  0.50   46595    3684   44753   315343   6.77
2000-2009       82      0.09292  0.08880  0.50   42912    3810   41006   270589   6.31
2000-2009       83      0.10509  0.09984  0.50   39101    3904   37149   229583   5.87
2000-2009       84      0.11791  0.11135  0.50   35197    3919   33238   192434   5.47
2000-2009       85      0.13116  0.12309  0.50   31278    3850   29353   159196   5.09
2000-2009       86      0.14613  0.13618  0.50   27428    3735   25560   129843   4.73
2000-2009       87      0.16460  0.15208  0.50   23693    3603   21891   104283   4.40
2000-2009       88      0.18121  0.16615  0.50   20090    3338   18421    82391   4.10
2000-2009       89      0.19860  0.18066  0.50   16752    3026   15239    63971   3.82
2000-2009       90      0.22158  0.19948  0.50   13725    2738   12356    48732   3.55
2000-2009       91      0.24339  0.21698  0.50   10987    2384    9795    36376   3.31
2000-2009       92      0.26590  0.23470  0.50    8603    2019    7594    26580   3.09
2000-2009       93      0.28727  0.25119  0.50    6584    1654    5757    18986   2.88
2000-2009       94      0.31659  0.27332  0.50    4930    1348    4257    13229   2.68
2000-2009       95      0.34761  0.29614  0.50    3583    1061    3052     8973   2.50
2000-2009       96      0.37682  0.31708  0.50    2522     800    2122     5920   2.35
2000-2009       97      0.40695  0.33815  0.50    1722     582    1431     3798   2.21
2000-2009       98      0.43780  0.35918  0.50    1140     409     935     2367   2.08
2000-2009       99      0.46914  0.38000  0.50     730     278     592     1432   1.96
2000-2009      100      0.50072  0.40046  0.50     453     181     362      841   1.86
2000-2009      101      0.53230  0.42041  0.50     272     114     214      478   1.76
2000-2009      102      0.56362  0.43971  0.50     157      69     123      264   1.68
2000-2009      103      0.59445  0.45824  0.50      88      40      68      141   1.60
2000-2009      104      0.62454  0.47592  0.50      48      23      36       73   1.53
2000-2009      105      0.65370  0.49267  0.50      25      12      19       37   1.47
2000-2009      106      0.68176  0.50844  0.50      13       6       9       18   1.42
2000-2009      107      0.70855  0.52319  0.50       6       3       5        9   1.37
2000-2009      108      0.73397  0.53692  0.50       3       2       2        4   1.33
2000-2009      109      0.75792  0.54963  0.50       1       1       1        2   1.30
2000-2009      110+     0.78037  1.00000  1.28       1       1       1        1   1.28
2010-2014        0      0.00495  0.00493  0.14  100000     493   99576  7848764  78.49
2010-2014        1      0.00035  0.00035  0.50   99507      35   99490  7749188  77.88
2010-2014        2      0.00034  0.00034  0.50   99472      33   99455  7649698  76.90
2010-2014        3      0.00031  0.00031  0.50   99439      31   99423  7550243  75.93
2010-2014        4      0.00021  0.00021  0.50   99408      21   99398  7450819  74.95
2010-2014        5      0.00014  0.00014  0.50   99387      14   99380  7351422  73.97
2010-2014        6      0.00014  0.00014  0.50   99373      14   99366  7252042  72.98
2010-2014        7      0.00011  0.00011  0.50   99359      11   99353  7152676  71.99
2010-2014        8      0.00009  0.00009  0.50   99348       8   99344  7053322  71.00
2010-2014        9      0.00016  0.00016  0.50   99339      16   99331  6953979  70.00
2010-2014       10      0.00018  0.00018  0.50   99323      17   99315  6854647  69.01
2010-2014       11      0.00015  0.00015  0.50   99306      14   99299  6755333  68.03
2010-2014       12      0.00018  0.00018  0.50   99291      18   99282  6656034  67.04
2010-2014       13      0.00021  0.00021  0.50   99273      21   99263  6556752  66.05
2010-2014       14      0.00019  0.00019  0.50   99253      18   99243  6457489  65.06
2010-2014       15      0.00022  0.00022  0.50   99234      21   99224  6358245  64.07
2010-2014       16      0.00022  0.00022  0.50   99213      22   99202  6259022  63.09
2010-2014       17      0.00026  0.00026  0.50   99191      26   99178  6159820  62.10
2010-2014       18      0.00032  0.00032  0.50   99165      32   99149  6060643  61.12
2010-2014       19      0.00032  0.00032  0.50   99133      32   99117  5961494  60.14
2010-2014       20      0.00039  0.00039  0.50   99101      38   99082  5862377  59.16
2010-2014       21      0.00038  0.00038  0.50   99062      38   99043  5763295  58.18
2010-2014       22      0.00034  0.00034  0.50   99024      34   99007  5664252  57.20
2010-2014       23      0.00039  0.00039  0.50   98990      39   98971  5565244  56.22
2010-2014       24      0.00050  0.00050  0.50   98951      49   98927  5466273  55.24
2010-2014       25      0.00049  0.00049  0.50   98902      49   98878  5367347  54.27
2010-2014       26      0.00043  0.00043  0.50   98853      43   98832  5268469  53.30
2010-2014       27      0.00053  0.00053  0.50   98811      52   98785  5169637  52.32
2010-2014       28      0.00055  0.00055  0.50   98759      55   98731  5070852  51.35
2010-2014       29      0.00065  0.00065  0.50   98704      65   98672  4972121  50.37
2010-2014       30      0.00070  0.00070  0.50   98640      69   98605  4873449  49.41
2010-2014       31      0.00062  0.00062  0.50   98571      61   98540  4774844  48.44
2010-2014       32      0.00086  0.00086  0.50   98509      85   98467  4676304  47.47
2010-2014       33      0.00109  0.00109  0.50   98425     107   98371  4577837  46.51
2010-2014       34      0.00095  0.00095  0.50   98317      94   98271  4479466  45.56
2010-2014       35      0.00090  0.00090  0.50   98224      89   98180  4381195  44.60
2010-2014       36      0.00125  0.00125  0.50   98135     123   98074  4283016  43.64
2010-2014       37      0.00140  0.00140  0.50   98012     137   97944  4184942  42.70
2010-2014       38      0.00143  0.00143  0.50   97875     140   97806  4086998  41.76
2010-2014       39      0.00161  0.00161  0.50   97736     157   97657  3989192  40.82
2010-2014       40      0.00176  0.00176  0.50   97579     171   97493  3891535  39.88
2010-2014       41      0.00187  0.00187  0.50   97407     182   97317  3794042  38.95
2010-2014       42      0.00208  0.00208  0.50   97226     202   97125  3696725  38.02
2010-2014       43      0.00233  0.00233  0.50   97024     226   96911  3599601  37.10
2010-2014       44      0.00251  0.00251  0.50   96798     243   96676  3502690  36.19
2010-2014       45      0.00259  0.00259  0.50   96555     250   96429  3406014  35.28
2010-2014       46      0.00286  0.00285  0.50   96304     275   96167  3309584  34.37
2010-2014       47      0.00309  0.00309  0.50   96030     297   95881  3213417  33.46
2010-2014       48      0.00330  0.00329  0.50   95733     315   95576  3117536  32.56
2010-2014       49      0.00353  0.00352  0.50   95418     336   95250  3021960  31.67
2010-2014       50      0.00376  0.00375  0.50   95082     357   94904  2926710  30.78
2010-2014       51      0.00408  0.00407  0.50   94726     386   94533  2831806  29.89
2010-2014       52      0.00425  0.00425  0.50   94340     401   94140  2737273  29.02
2010-2014       53      0.00455  0.00454  0.50   93939     426   93726  2643134  28.14
2010-2014       54      0.00537  0.00536  0.50   93513     501   93263  2549407  27.26
2010-2014       55      0.00596  0.00594  0.50   93012     553   92736  2456144  26.41
2010-2014       56      0.00614  0.00612  0.50   92460     566   92177  2363408  25.56
2010-2014       57      0.00682  0.00679  0.50   91894     624   91582  2271232  24.72
2010-2014       58      0.00770  0.00767  0.50   91270     700   90920  2179650  23.88
2010-2014       59      0.00829  0.00826  0.50   90570     748   90196  2088730  23.06
2010-2014       60      0.00862  0.00858  0.50   89822     771   89436  1998534  22.25
2010-2014       61      0.00900  0.00896  0.50   89051     798   88652  1909098  21.44
2010-2014       62      0.01024  0.01019  0.50   88253     899   87803  1820446  20.63
2010-2014       63      0.01151  0.01144  0.50   87354     999   86854  1732642  19.83
2010-2014       64      0.01251  0.01243  0.50   86355    1073   85818  1645788  19.06
2010-2014       65      0.01315  0.01306  0.50   85281    1114   84724  1559970  18.29
2010-2014       66      0.01382  0.01372  0.50   84167    1155   83590  1475246  17.53
2010-2014       67      0.01584  0.01571  0.50   83012    1304   82360  1391656  16.76
2010-2014       68      0.01749  0.01734  0.50   81708    1417   81000  1309296  16.02
2010-2014       69      0.01836  0.01820  0.50   80292    1461   79561  1228296  15.30
2010-2014       70      0.01967  0.01948  0.50   78831    1536   78063  1148735  14.57
2010-2014       71      0.02150  0.02127  0.50   77295    1644   76473  1070672  13.85
2010-2014       72      0.02352  0.02324  0.50   75651    1759   74772   994199  13.14
2010-2014       73      0.02575  0.02542  0.50   73892    1879   72953   919428  12.44
2010-2014       74      0.02859  0.02819  0.50   72014    2030   70999   846475  11.75
2010-2014       75      0.03255  0.03203  0.50   69984    2241   68863   775476  11.08
2010-2014       76      0.03712  0.03644  0.50   67742    2469   66508   706613  10.43
2010-2014       77      0.04182  0.04096  0.50   65273    2674   63937   640105   9.81
2010-2014       78      0.04766  0.04655  0.50   62600    2914   61143   576168   9.20
2010-2014       79      0.05329  0.05191  0.50   59686    3098   58137   515026   8.63
2010-2014       80      0.06031  0.05854  0.50   56587    3313   54931   456889   8.07
2010-2014       81      0.06798  0.06575  0.50   53275    3503   51523   401958   7.55
2010-2014       82      0.07614  0.07334  0.50   49772    3651   47947   350435   7.04
2010-2014       83      0.08599  0.08245  0.50   46121    3803   44220   302488   6.56
2010-2014       84      0.09667  0.09221  0.50   42319    3902   40368   258268   6.10
2010-2014       85      0.10864  0.10304  0.50   38417    3959   36437   217900   5.67
2010-2014       86      0.12251  0.11544  0.50   34458    3978   32469   181463   5.27
2010-2014       87      0.13666  0.12792  0.50   30480    3899   28531   148994   4.89
2010-2014       88      0.14986  0.13942  0.50   26581    3706   24728   120463   4.53
2010-2014       89      0.16869  0.15557  0.50   22875    3559   21096    95735   4.19
2010-2014       90      0.19145  0.17472  0.50   19317    3375   17629    74639   3.86
2010-2014       91      0.21097  0.19084  0.50   15942    3042   14420    57010   3.58
2010-2014       92      0.23626  0.21130  0.50   12899    2726   11536    42590   3.30
2010-2014       93      0.27624  0.24272  0.50   10174    2469    8939    31053   3.05
2010-2014       94      0.30459  0.26434  0.50    7704    2037    6686    22114   2.87
2010-2014       95      0.31116  0.26927  0.50    5668    1526    4905    15428   2.72
2010-2014       96      0.33983  0.29048  0.50    4142    1203    3540    10524   2.54
2010-2014       97      0.36973  0.31204  0.50    2939     917    2480     6984   2.38
2010-2014       98      0.40066  0.33379  0.50    2022     675    1684     4503   2.23
2010-2014       99      0.43241  0.35554  0.50    1347     479    1107     2819   2.09
2010-2014      100      0.46471  0.37709  0.50     868     327     704     1712   1.97
2010-2014      101      0.49732  0.39828  0.50     541     215     433     1008   1.86
2010-2014      102      0.52995  0.41894  0.50     325     136     257      575   1.77
2010-2014      103      0.56233  0.43892  0.50     189      83     148      317   1.68
2010-2014      104      0.59418  0.45809  0.50     106      49      82      170   1.60
2010-2014      105      0.62526  0.47634  0.50      57      27      44       88   1.53
2010-2014      106      0.65534  0.49360  0.50      30      15      23       44   1.47
2010-2014      107      0.68423  0.50981  0.50      15       8      11       22   1.42
2010-2014      108      0.71176  0.52494  0.50       7       4       6       10   1.37
2010-2014      109      0.73781  0.53898  0.50       4       2       3        5   1.34
2010-2014      110+     0.76229  1.00000  1.31       2       2       2        2   1.31
