New Zealand, Life tables (period 1x10), Females	Last modified: 26 Sep 2017;  Methods Protocol: v6 (2017)

  Year          Age         mx       qx    ax      lx      dx      Lx       Tx     ex
1948-1949        0      0.02569  0.02514  0.15  100000    2514   97854  7077965  70.78
1948-1949        1      0.00426  0.00425  0.50   97486     415   97279  6980111  71.60
1948-1949        2      0.00187  0.00187  0.50   97071     182   96980  6882832  70.90
1948-1949        3      0.00135  0.00135  0.50   96890     131   96824  6785852  70.04
1948-1949        4      0.00132  0.00132  0.50   96759     127   96695  6689027  69.13
1948-1949        5      0.00121  0.00121  0.50   96632     116   96573  6592332  68.22
1948-1949        6      0.00073  0.00073  0.50   96515      71   96480  6495759  67.30
1948-1949        7      0.00067  0.00067  0.50   96445      64   96412  6399279  66.35
1948-1949        8      0.00063  0.00063  0.50   96380      60   96350  6302867  65.40
1948-1949        9      0.00048  0.00048  0.50   96320      46   96297  6206516  64.44
1948-1949       10      0.00068  0.00068  0.50   96274      66   96241  6110220  63.47
1948-1949       11      0.00054  0.00054  0.50   96208      52   96182  6013979  62.51
1948-1949       12      0.00083  0.00082  0.50   96156      79   96117  5917796  61.54
1948-1949       13      0.00113  0.00112  0.50   96077     108   96023  5821680  60.59
1948-1949       14      0.00071  0.00071  0.50   95969      68   95935  5725657  59.66
1948-1949       15      0.00075  0.00075  0.50   95901      71   95865  5629722  58.70
1948-1949       16      0.00138  0.00138  0.50   95830     133   95763  5533856  57.75
1948-1949       17      0.00135  0.00135  0.50   95697     129   95632  5438093  56.83
1948-1949       18      0.00148  0.00148  0.50   95568     141   95497  5342461  55.90
1948-1949       19      0.00144  0.00144  0.50   95427     137   95358  5246963  54.98
1948-1949       20      0.00118  0.00118  0.50   95290     112   95234  5151605  54.06
1948-1949       21      0.00160  0.00160  0.50   95178     152   95102  5056371  53.13
1948-1949       22      0.00144  0.00144  0.50   95025     137   94957  4961269  52.21
1948-1949       23      0.00136  0.00136  0.50   94889     129   94824  4866312  51.28
1948-1949       24      0.00192  0.00191  0.50   94760     181   94669  4771488  50.35
1948-1949       25      0.00197  0.00197  0.50   94579     186   94486  4676818  49.45
1948-1949       26      0.00170  0.00170  0.50   94393     160   94313  4582333  48.55
1948-1949       27      0.00134  0.00134  0.50   94233     126   94169  4488020  47.63
1948-1949       28      0.00182  0.00182  0.50   94106     171   94020  4393851  46.69
1948-1949       29      0.00175  0.00175  0.50   93935     165   93852  4299830  45.77
1948-1949       30      0.00149  0.00149  0.50   93770     140   93700  4205978  44.85
1948-1949       31      0.00161  0.00161  0.50   93631     151   93555  4112277  43.92
1948-1949       32      0.00198  0.00198  0.50   93480     185   93387  4018722  42.99
1948-1949       33      0.00154  0.00154  0.50   93295     144   93223  3925335  42.07
1948-1949       34      0.00213  0.00213  0.50   93151     198   93052  3832112  41.14
1948-1949       35      0.00234  0.00234  0.50   92953     218   92844  3739060  40.23
1948-1949       36      0.00242  0.00242  0.50   92735     224   92623  3646216  39.32
1948-1949       37      0.00190  0.00190  0.50   92511     175   92423  3553593  38.41
1948-1949       38      0.00261  0.00261  0.50   92335     241   92215  3461170  37.48
1948-1949       39      0.00258  0.00257  0.50   92094     237   91976  3368955  36.58
1948-1949       40      0.00252  0.00252  0.50   91857     231   91742  3276979  35.67
1948-1949       41      0.00266  0.00266  0.50   91626     243   91505  3185237  34.76
1948-1949       42      0.00284  0.00284  0.50   91383     259   91254  3093732  33.85
1948-1949       43      0.00371  0.00370  0.50   91124     337   90955  3002479  32.95
1948-1949       44      0.00288  0.00288  0.50   90787     261   90656  2911523  32.07
1948-1949       45      0.00412  0.00412  0.50   90525     373   90339  2820867  31.16
1948-1949       46      0.00416  0.00415  0.50   90153     374   89966  2730528  30.29
1948-1949       47      0.00480  0.00479  0.50   89779     430   89564  2640562  29.41
1948-1949       48      0.00501  0.00500  0.50   89349     446   89126  2550999  28.55
1948-1949       49      0.00470  0.00469  0.50   88903     417   88694  2461873  27.69
1948-1949       50      0.00610  0.00609  0.50   88486     538   88216  2373179  26.82
1948-1949       51      0.00546  0.00545  0.50   87947     479   87708  2284962  25.98
1948-1949       52      0.00766  0.00763  0.50   87468     668   87134  2197255  25.12
1948-1949       53      0.00669  0.00666  0.50   86800     578   86511  2110121  24.31
1948-1949       54      0.00869  0.00865  0.50   86222     746   85849  2023609  23.47
1948-1949       55      0.00734  0.00732  0.50   85476     625   85163  1937761  22.67
1948-1949       56      0.01126  0.01120  0.50   84850     950   84375  1852598  21.83
1948-1949       57      0.01022  0.01017  0.50   83900     853   83473  1768222  21.08
1948-1949       58      0.01172  0.01165  0.50   83047     968   82563  1684749  20.29
1948-1949       59      0.01198  0.01191  0.50   82079     977   81591  1602186  19.52
1948-1949       60      0.01421  0.01411  0.50   81102    1144   80530  1520595  18.75
1948-1949       61      0.01263  0.01255  0.50   79958    1003   79456  1440065  18.01
1948-1949       62      0.01571  0.01559  0.50   78955    1231   78339  1360609  17.23
1948-1949       63      0.01644  0.01631  0.50   77724    1267   77090  1282270  16.50
1948-1949       64      0.02029  0.02009  0.50   76456    1536   75689  1205179  15.76
1948-1949       65      0.02380  0.02352  0.50   74921    1762   74040  1129491  15.08
1948-1949       66      0.02123  0.02101  0.50   73159    1537   72390  1055451  14.43
1948-1949       67      0.02334  0.02308  0.50   71622    1653   70795   983061  13.73
1948-1949       68      0.02688  0.02652  0.50   69969    1856   69041   912266  13.04
1948-1949       69      0.03110  0.03062  0.50   68113    2086   67070   843225  12.38
1948-1949       70      0.03521  0.03460  0.50   66027    2284   64885   776154  11.76
1948-1949       71      0.03240  0.03189  0.50   63743    2033   62727   711269  11.16
1948-1949       72      0.04316  0.04225  0.50   61710    2607   60407   648543  10.51
1948-1949       73      0.04662  0.04556  0.50   59103    2692   57757   588136   9.95
1948-1949       74      0.05222  0.05089  0.50   56411    2871   54975   530379   9.40
1948-1949       75      0.05420  0.05277  0.50   53540    2825   52127   475404   8.88
1948-1949       76      0.06611  0.06399  0.50   50714    3245   49092   423277   8.35
1948-1949       77      0.08115  0.07798  0.50   47469    3702   45618   374185   7.88
1948-1949       78      0.08672  0.08311  0.50   43767    3638   41949   328566   7.51
1948-1949       79      0.09025  0.08635  0.50   40130    3465   38397   286618   7.14
1948-1949       80      0.08915  0.08535  0.50   36665    3129   35100   248221   6.77
1948-1949       81      0.09568  0.09132  0.50   33535    3062   32004   213121   6.36
1948-1949       82      0.11552  0.10921  0.50   30473    3328   28809   181117   5.94
1948-1949       83      0.12338  0.11621  0.50   27145    3154   25568   152308   5.61
1948-1949       84      0.13855  0.12957  0.50   23991    3109   22436   126740   5.28
1948-1949       85      0.15171  0.14102  0.50   20882    2945   19410   104304   4.99
1948-1949       86      0.15997  0.14813  0.50   17937    2657   16609    84894   4.73
1948-1949       87      0.16642  0.15363  0.50   15280    2348   14107    68285   4.47
1948-1949       88      0.18919  0.17284  0.50   12933    2235   11815    54179   4.19
1948-1949       89      0.20859  0.18889  0.50   10697    2021    9687    42364   3.96
1948-1949       90      0.21509  0.19421  0.50    8677    1685    7834    32677   3.77
1948-1949       91      0.23195  0.20785  0.50    6992    1453    6265    24842   3.55
1948-1949       92      0.24971  0.22200  0.50    5538    1230    4924    18577   3.35
1948-1949       93      0.26836  0.23661  0.50    4309    1020    3799    13654   3.17
1948-1949       94      0.28786  0.25164  0.50    3289     828    2876     9854   3.00
1948-1949       95      0.30819  0.26704  0.50    2462     657    2133     6979   2.84
1948-1949       96      0.32928  0.28273  0.50    1804     510    1549     4846   2.69
1948-1949       97      0.35109  0.29866  0.50    1294     387    1101     3297   2.55
1948-1949       98      0.37353  0.31475  0.50     908     286     765     2196   2.42
1948-1949       99      0.39654  0.33092  0.50     622     206     519     1431   2.30
1948-1949      100      0.42001  0.34711  0.50     416     144     344      912   2.19
1948-1949      101      0.44385  0.36324  0.50     272      99     222      568   2.09
1948-1949      102      0.46795  0.37922  0.50     173      66     140      346   2.00
1948-1949      103      0.49220  0.39499  0.50     107      42      86      205   1.91
1948-1949      104      0.51648  0.41048  0.50      65      27      52      119   1.83
1948-1949      105      0.54069  0.42563  0.50      38      16      30       67   1.76
1948-1949      106      0.56471  0.44037  0.50      22      10      17       37   1.70
1948-1949      107      0.58843  0.45466  0.50      12       6      10       20   1.64
1948-1949      108      0.61174  0.46846  0.50       7       3       5       11   1.59
1948-1949      109      0.63456  0.48172  0.50       4       2       3        6   1.55
1948-1949      110+     0.65678  1.00000  1.52       2       2       3        3   1.52
1950-1959        0      0.02272  0.02228  0.13  100000    2228   98072  7262292  72.62
1950-1959        1      0.00281  0.00281  0.50   97772     275   97635  7164219  73.27
1950-1959        2      0.00134  0.00133  0.50   97497     130   97432  7066585  72.48
1950-1959        3      0.00123  0.00123  0.50   97367     119   97308  6969152  71.58
1950-1959        4      0.00075  0.00075  0.50   97248      73   97211  6871845  70.66
1950-1959        5      0.00061  0.00061  0.50   97175      59   97146  6774633  69.72
1950-1959        6      0.00058  0.00058  0.50   97116      56   97088  6677488  68.76
1950-1959        7      0.00043  0.00043  0.50   97060      41   97039  6580400  67.80
1950-1959        8      0.00046  0.00046  0.50   97018      44   96996  6483361  66.83
1950-1959        9      0.00045  0.00045  0.50   96974      43   96952  6386364  65.86
1950-1959       10      0.00041  0.00041  0.50   96930      40   96911  6289412  64.89
1950-1959       11      0.00043  0.00043  0.50   96891      41   96870  6192501  63.91
1950-1959       12      0.00051  0.00051  0.50   96850      50   96825  6095631  62.94
1950-1959       13      0.00048  0.00048  0.50   96800      46   96777  5998806  61.97
1950-1959       14      0.00050  0.00050  0.50   96754      49   96730  5902030  61.00
1950-1959       15      0.00047  0.00047  0.50   96705      45   96683  5805300  60.03
1950-1959       16      0.00053  0.00053  0.50   96660      51   96635  5708617  59.06
1950-1959       17      0.00068  0.00068  0.50   96609      65   96576  5611983  58.09
1950-1959       18      0.00075  0.00074  0.50   96544      72   96508  5515406  57.13
1950-1959       19      0.00069  0.00069  0.50   96472      67   96438  5418899  56.17
1950-1959       20      0.00083  0.00083  0.50   96405      80   96365  5322460  55.21
1950-1959       21      0.00073  0.00073  0.50   96325      70   96290  5226095  54.25
1950-1959       22      0.00084  0.00084  0.50   96256      81   96215  5129804  53.29
1950-1959       23      0.00086  0.00086  0.50   96174      83   96133  5033589  52.34
1950-1959       24      0.00100  0.00099  0.50   96091      96   96044  4937457  51.38
1950-1959       25      0.00076  0.00076  0.50   95996      73   95959  4841413  50.43
1950-1959       26      0.00094  0.00094  0.50   95923      90   95877  4745454  49.47
1950-1959       27      0.00102  0.00102  0.50   95832      98   95784  4649576  48.52
1950-1959       28      0.00102  0.00102  0.50   95735      98   95686  4553793  47.57
1950-1959       29      0.00111  0.00111  0.50   95637     106   95584  4458107  46.61
1950-1959       30      0.00102  0.00102  0.50   95531      98   95482  4362523  45.67
1950-1959       31      0.00114  0.00114  0.50   95433     108   95379  4267041  44.71
1950-1959       32      0.00104  0.00104  0.50   95325      99   95275  4171662  43.76
1950-1959       33      0.00125  0.00125  0.50   95225     119   95166  4076387  42.81
1950-1959       34      0.00124  0.00124  0.50   95106     118   95047  3981221  41.86
1950-1959       35      0.00161  0.00161  0.50   94988     153   94912  3886174  40.91
1950-1959       36      0.00151  0.00151  0.50   94836     143   94764  3791262  39.98
1950-1959       37      0.00172  0.00172  0.50   94693     163   94611  3696497  39.04
1950-1959       38      0.00197  0.00197  0.50   94530     186   94437  3601886  38.10
1950-1959       39      0.00204  0.00203  0.50   94344     192   94248  3507449  37.18
1950-1959       40      0.00222  0.00222  0.50   94152     209   94048  3413201  36.25
1950-1959       41      0.00194  0.00194  0.50   93943     183   93852  3319154  35.33
1950-1959       42      0.00262  0.00261  0.50   93761     245   93638  3225302  34.40
1950-1959       43      0.00279  0.00278  0.50   93516     260   93385  3131664  33.49
1950-1959       44      0.00290  0.00290  0.50   93255     270   93120  3038278  32.58
1950-1959       45      0.00372  0.00371  0.50   92985     345   92813  2945158  31.67
1950-1959       46      0.00358  0.00358  0.50   92640     331   92474  2852345  30.79
1950-1959       47      0.00412  0.00411  0.50   92309     379   92119  2759871  29.90
1950-1959       48      0.00448  0.00447  0.50   91930     411   91724  2667752  29.02
1950-1959       49      0.00508  0.00507  0.50   91519     464   91287  2576028  28.15
1950-1959       50      0.00534  0.00533  0.50   91055     485   90812  2484741  27.29
1950-1959       51      0.00499  0.00498  0.50   90569     451   90344  2393929  26.43
1950-1959       52      0.00646  0.00644  0.50   90118     580   89828  2303585  25.56
1950-1959       53      0.00704  0.00702  0.50   89538     628   89224  2213757  24.72
1950-1959       54      0.00752  0.00749  0.50   88910     666   88577  2124533  23.90
1950-1959       55      0.00713  0.00710  0.50   88243     627   87930  2035956  23.07
1950-1959       56      0.00914  0.00910  0.50   87617     797   87218  1948026  22.23
1950-1959       57      0.00914  0.00910  0.50   86820     790   86425  1860808  21.43
1950-1959       58      0.01108  0.01102  0.50   86030     948   85556  1774383  20.63
1950-1959       59      0.01152  0.01145  0.50   85082     975   84595  1688827  19.85
1950-1959       60      0.01282  0.01274  0.50   84108    1072   83572  1604232  19.07
1950-1959       61      0.01183  0.01176  0.50   83036     977   82548  1520660  18.31
1950-1959       62      0.01493  0.01482  0.50   82059    1216   81451  1438113  17.53
1950-1959       63      0.01707  0.01692  0.50   80843    1368   80159  1356662  16.78
1950-1959       64      0.01885  0.01867  0.50   79475    1484   78733  1276503  16.06
1950-1959       65      0.02094  0.02072  0.50   77991    1616   77183  1197770  15.36
1950-1959       66      0.02084  0.02062  0.50   76375    1575   75587  1120587  14.67
1950-1959       67      0.02321  0.02294  0.50   74800    1716   73942  1044999  13.97
1950-1959       68      0.02570  0.02537  0.50   73084    1854   72157   971058  13.29
1950-1959       69      0.02940  0.02897  0.50   71230    2064   70198   898901  12.62
1950-1959       70      0.03087  0.03040  0.50   69166    2103   68115   828703  11.98
1950-1959       71      0.03290  0.03236  0.50   67064    2170   65978   760588  11.34
1950-1959       72      0.04106  0.04023  0.50   64893    2611   63588   694609  10.70
1950-1959       73      0.04535  0.04434  0.50   62282    2762   60901   631021  10.13
1950-1959       74      0.05063  0.04938  0.50   59520    2939   58051   570120   9.58
1950-1959       75      0.05772  0.05611  0.50   56582    3175   54994   512069   9.05
1950-1959       76      0.06394  0.06196  0.50   53407    3309   51753   457075   8.56
1950-1959       77      0.06514  0.06309  0.50   50098    3160   48518   405322   8.09
1950-1959       78      0.07894  0.07594  0.50   46938    3565   45155   356804   7.60
1950-1959       79      0.08418  0.08078  0.50   43373    3504   41621   311649   7.19
1950-1959       80      0.09111  0.08714  0.50   39869    3474   38132   270028   6.77
1950-1959       81      0.08827  0.08454  0.50   36395    3077   34857   231896   6.37
1950-1959       82      0.10863  0.10304  0.50   33318    3433   31602   197039   5.91
1950-1959       83      0.11802  0.11145  0.50   29885    3331   28220   165437   5.54
1950-1959       84      0.14134  0.13201  0.50   26555    3506   24802   137217   5.17
1950-1959       85      0.14797  0.13777  0.50   23049    3176   21461   112416   4.88
1950-1959       86      0.16691  0.15405  0.50   19873    3062   18343    90954   4.58
1950-1959       87      0.17995  0.16509  0.50   16812    2776   15424    72612   4.32
1950-1959       88      0.18707  0.17107  0.50   14036    2401   12836    57187   4.07
1950-1959       89      0.21625  0.19515  0.50   11635    2271   10500    44352   3.81
1950-1959       90      0.22957  0.20593  0.50    9365    1928    8400    33852   3.61
1950-1959       91      0.22600  0.20305  0.50    7436    1510    6681    25451   3.42
1950-1959       92      0.26561  0.23447  0.50    5926    1390    5231    18770   3.17
1950-1959       93      0.28394  0.24864  0.50    4537    1128    3973    13539   2.98
1950-1959       94      0.29482  0.25694  0.50    3409     876    2971     9566   2.81
1950-1959       95      0.33704  0.28844  0.50    2533     731    2168     6595   2.60
1950-1959       96      0.36202  0.30653  0.50    1802     552    1526     4428   2.46
1950-1959       97      0.38777  0.32479  0.50    1250     406    1047     2902   2.32
1950-1959       98      0.41415  0.34311  0.50     844     290     699     1855   2.20
1950-1959       99      0.44105  0.36136  0.50     554     200     454     1156   2.08
1950-1959      100      0.46829  0.37944  0.50     354     134     287      701   1.98
1950-1959      101      0.49572  0.39725  0.50     220      87     176      415   1.89
1950-1959      102      0.52317  0.41470  0.50     132      55     105      239   1.80
1950-1959      103      0.55049  0.43167  0.50      78      33      61      134   1.72
1950-1959      104      0.57751  0.44811  0.50      44      20      34       73   1.65
1950-1959      105      0.60407  0.46394  0.50      24      11      19       39   1.59
1950-1959      106      0.63003  0.47910  0.50      13       6      10       20   1.53
1950-1959      107      0.65526  0.49356  0.50       7       3       5       10   1.48
1950-1959      108      0.67964  0.50726  0.50       3       2       3        5   1.44
1950-1959      109      0.70308  0.52021  0.50       2       1       1        2   1.40
1950-1959      110+     0.72550  1.00000  1.38       1       1       1        1   1.38
1960-1969        0      0.01695  0.01670  0.11  100000    1670   98521  7426452  74.26
1960-1969        1      0.00170  0.00170  0.50   98330     167   98247  7327931  74.52
1960-1969        2      0.00097  0.00096  0.50   98163      95   98116  7229684  73.65
1960-1969        3      0.00078  0.00078  0.50   98069      77   98030  7131568  72.72
1960-1969        4      0.00055  0.00055  0.50   97992      54   97965  7033538  71.78
1960-1969        5      0.00041  0.00041  0.50   97938      40   97918  6935574  70.82
1960-1969        6      0.00035  0.00035  0.50   97898      34   97881  6837656  69.84
1960-1969        7      0.00036  0.00036  0.50   97863      35   97846  6739775  68.87
1960-1969        8      0.00032  0.00032  0.50   97829      31   97813  6641929  67.89
1960-1969        9      0.00033  0.00033  0.50   97797      32   97781  6544116  66.92
1960-1969       10      0.00023  0.00023  0.50   97765      23   97754  6446335  65.94
1960-1969       11      0.00022  0.00022  0.50   97742      22   97731  6348581  64.95
1960-1969       12      0.00034  0.00034  0.50   97720      33   97704  6250850  63.97
1960-1969       13      0.00032  0.00032  0.50   97687      31   97672  6153146  62.99
1960-1969       14      0.00040  0.00040  0.50   97656      39   97637  6055474  62.01
1960-1969       15      0.00045  0.00045  0.50   97617      44   97595  5957838  61.03
1960-1969       16      0.00042  0.00042  0.50   97573      41   97553  5860242  60.06
1960-1969       17      0.00056  0.00056  0.50   97533      54   97506  5762689  59.08
1960-1969       18      0.00054  0.00054  0.50   97479      53   97453  5665183  58.12
1960-1969       19      0.00051  0.00051  0.50   97426      50   97402  5567731  57.15
1960-1969       20      0.00057  0.00057  0.50   97377      56   97349  5470329  56.18
1960-1969       21      0.00061  0.00061  0.50   97321      60   97291  5372980  55.21
1960-1969       22      0.00055  0.00055  0.50   97261      54   97234  5275689  54.24
1960-1969       23      0.00052  0.00052  0.50   97207      51   97182  5178455  53.27
1960-1969       24      0.00057  0.00057  0.50   97157      56   97129  5081272  52.30
1960-1969       25      0.00060  0.00060  0.50   97101      58   97072  4984143  51.33
1960-1969       26      0.00068  0.00068  0.50   97043      66   97010  4887071  50.36
1960-1969       27      0.00072  0.00072  0.50   96977      70   96943  4790061  49.39
1960-1969       28      0.00072  0.00072  0.50   96908      69   96873  4693118  48.43
1960-1969       29      0.00070  0.00070  0.50   96838      68   96804  4596245  47.46
1960-1969       30      0.00082  0.00082  0.50   96770      80   96731  4499441  46.50
1960-1969       31      0.00078  0.00078  0.50   96691      75   96653  4402710  45.53
1960-1969       32      0.00092  0.00091  0.50   96616      88   96571  4306057  44.57
1960-1969       33      0.00115  0.00115  0.50   96527     111   96472  4209486  43.61
1960-1969       34      0.00130  0.00129  0.50   96417     125   96354  4113014  42.66
1960-1969       35      0.00110  0.00110  0.50   96292     106   96239  4016660  41.71
1960-1969       36      0.00132  0.00131  0.50   96186     126   96123  3920421  40.76
1960-1969       37      0.00138  0.00138  0.50   96060     133   95993  3824298  39.81
1960-1969       38      0.00175  0.00175  0.50   95927     168   95843  3728305  38.87
1960-1969       39      0.00193  0.00193  0.50   95759     185   95666  3632462  37.93
1960-1969       40      0.00190  0.00190  0.50   95574     181   95483  3536795  37.01
1960-1969       41      0.00192  0.00192  0.50   95393     183   95301  3441312  36.08
1960-1969       42      0.00246  0.00246  0.50   95210     234   95092  3346011  35.14
1960-1969       43      0.00253  0.00253  0.50   94975     240   94855  3250919  34.23
1960-1969       44      0.00272  0.00271  0.50   94735     257   94607  3156063  33.31
1960-1969       45      0.00322  0.00322  0.50   94478     304   94326  3061457  32.40
1960-1969       46      0.00330  0.00329  0.50   94174     310   94019  2967131  31.51
1960-1969       47      0.00357  0.00356  0.50   93864     334   93697  2873111  30.61
1960-1969       48      0.00432  0.00431  0.50   93530     403   93328  2779414  29.72
1960-1969       49      0.00456  0.00455  0.50   93127     424   92915  2686086  28.84
1960-1969       50      0.00471  0.00470  0.50   92703     435   92485  2593171  27.97
1960-1969       51      0.00480  0.00479  0.50   92267     442   92047  2500686  27.10
1960-1969       52      0.00566  0.00564  0.50   91826     518   91567  2408639  26.23
1960-1969       53      0.00611  0.00609  0.50   91308     556   91030  2317072  25.38
1960-1969       54      0.00717  0.00714  0.50   90752     648   90428  2226042  24.53
1960-1969       55      0.00723  0.00721  0.50   90104     650   89779  2135614  23.70
1960-1969       56      0.00828  0.00825  0.50   89455     738   89086  2045835  22.87
1960-1969       57      0.00843  0.00839  0.50   88716     745   88344  1956749  22.06
1960-1969       58      0.00966  0.00961  0.50   87972     846   87549  1868405  21.24
1960-1969       59      0.01036  0.01031  0.50   87126     898   86677  1780856  20.44
1960-1969       60      0.01155  0.01148  0.50   86228     990   85733  1694179  19.65
1960-1969       61      0.01176  0.01169  0.50   85238     996   84740  1608446  18.87
1960-1969       62      0.01355  0.01346  0.50   84242    1134   83675  1523706  18.09
1960-1969       63      0.01494  0.01483  0.50   83109    1232   82492  1440030  17.33
1960-1969       64      0.01634  0.01621  0.50   81876    1327   81213  1357538  16.58
1960-1969       65      0.02049  0.02028  0.50   80549    1634   79732  1276325  15.85
1960-1969       66      0.01779  0.01764  0.50   78915    1392   78219  1196593  15.16
1960-1969       67      0.02101  0.02079  0.50   77523    1612   76717  1118374  14.43
1960-1969       68      0.02537  0.02505  0.50   75911    1902   74961  1041657  13.72
1960-1969       69      0.02613  0.02579  0.50   74010    1909   73055   966696  13.06
1960-1969       70      0.03003  0.02959  0.50   72101    2133   71034   893641  12.39
1960-1969       71      0.02911  0.02870  0.50   69968    2008   68964   822606  11.76
1960-1969       72      0.03603  0.03539  0.50   67960    2405   66757   753642  11.09
1960-1969       73      0.04156  0.04071  0.50   65555    2669   64220   686885  10.48
1960-1969       74      0.04706  0.04598  0.50   62886    2892   61440   622665   9.90
1960-1969       75      0.05245  0.05111  0.50   59994    3066   58461   561225   9.35
1960-1969       76      0.05851  0.05684  0.50   56928    3236   55310   502764   8.83
1960-1969       77      0.05921  0.05750  0.50   53692    3087   52148   447454   8.33
1960-1969       78      0.07320  0.07062  0.50   50604    3574   48818   395306   7.81
1960-1969       79      0.08012  0.07703  0.50   47031    3623   45219   346488   7.37
1960-1969       80      0.08738  0.08372  0.50   43408    3634   41591   301268   6.94
1960-1969       81      0.08203  0.07880  0.50   39774    3134   38207   259678   6.53
1960-1969       82      0.10092  0.09607  0.50   36640    3520   34879   221471   6.04
1960-1969       83      0.11552  0.10921  0.50   33119    3617   31311   186592   5.63
1960-1969       84      0.13474  0.12623  0.50   29502    3724   27640   155281   5.26
1960-1969       85      0.14324  0.13367  0.50   25778    3446   24055   127640   4.95
1960-1969       86      0.16492  0.15235  0.50   22332    3402   20631   103585   4.64
1960-1969       87      0.16895  0.15579  0.50   18930    2949   17456    82954   4.38
1960-1969       88      0.18315  0.16778  0.50   15981    2681   14640    65498   4.10
1960-1969       89      0.21289  0.19241  0.50   13300    2559   12020    50858   3.82
1960-1969       90      0.22507  0.20231  0.50   10741    2173    9654    38838   3.62
1960-1969       91      0.22686  0.20375  0.50    8568    1746    7695    29183   3.41
1960-1969       92      0.26829  0.23656  0.50    6822    1614    6015    21488   3.15
1960-1969       93      0.28945  0.25285  0.50    5208    1317    4550    15473   2.97
1960-1969       94      0.28987  0.25318  0.50    3891     985    3399    10923   2.81
1960-1969       95      0.33775  0.28895  0.50    2906     840    2486     7525   2.59
1960-1969       96      0.36378  0.30779  0.50    2066     636    1748     5038   2.44
1960-1969       97      0.39063  0.32680  0.50    1430     467    1197     3290   2.30
1960-1969       98      0.41816  0.34585  0.50     963     333     796     2093   2.17
1960-1969       99      0.44622  0.36482  0.50     630     230     515     1297   2.06
1960-1969      100      0.47462  0.38359  0.50     400     153     323      782   1.95
1960-1969      101      0.50318  0.40203  0.50     247      99     197      459   1.86
1960-1969      102      0.53172  0.42005  0.50     147      62     117      261   1.77
1960-1969      103      0.56006  0.43754  0.50      86      37      67      145   1.69
1960-1969      104      0.58801  0.45441  0.50      48      22      37       78   1.62
1960-1969      105      0.61541  0.47060  0.50      26      12      20       41   1.56
1960-1969      106      0.64209  0.48605  0.50      14       7      11       21   1.50
1960-1969      107      0.66792  0.50071  0.50       7       4       5       10   1.45
1960-1969      108      0.69278  0.51455  0.50       4       2       3        5   1.41
1960-1969      109      0.71657  0.52755  0.50       2       1       1        2   1.38
1960-1969      110+     0.73920  1.00000  1.35       1       1       1        1   1.35
1970-1979        0      0.01297  0.01283  0.12  100000    1283   98874  7542551  75.43
1970-1979        1      0.00137  0.00136  0.50   98717     135   98650  7443677  75.40
1970-1979        2      0.00073  0.00073  0.50   98583      72   98547  7345027  74.51
1970-1979        3      0.00056  0.00056  0.50   98511      55   98484  7246480  73.56
1970-1979        4      0.00050  0.00050  0.50   98456      49   98431  7147996  72.60
1970-1979        5      0.00037  0.00037  0.50   98407      37   98388  7049565  71.64
1970-1979        6      0.00036  0.00036  0.50   98370      36   98352  6951177  70.66
1970-1979        7      0.00031  0.00031  0.50   98334      31   98319  6852824  69.69
1970-1979        8      0.00027  0.00027  0.50   98304      27   98290  6754505  68.71
1970-1979        9      0.00028  0.00028  0.50   98277      28   98263  6656215  67.73
1970-1979       10      0.00024  0.00024  0.50   98249      24   98237  6557952  66.75
1970-1979       11      0.00032  0.00032  0.50   98225      32   98209  6459715  65.76
1970-1979       12      0.00022  0.00022  0.50   98194      22   98183  6361505  64.79
1970-1979       13      0.00030  0.00030  0.50   98172      30   98157  6263323  63.80
1970-1979       14      0.00033  0.00033  0.50   98142      32   98126  6165165  62.82
1970-1979       15      0.00044  0.00044  0.50   98110      43   98089  6067039  61.84
1970-1979       16      0.00061  0.00061  0.50   98067      60   98037  5968950  60.87
1970-1979       17      0.00068  0.00068  0.50   98007      67   97973  5870914  59.90
1970-1979       18      0.00069  0.00069  0.50   97940      68   97906  5772940  58.94
1970-1979       19      0.00062  0.00062  0.50   97872      61   97842  5675034  57.98
1970-1979       20      0.00066  0.00066  0.50   97811      65   97779  5577192  57.02
1970-1979       21      0.00055  0.00055  0.50   97746      54   97719  5479414  56.06
1970-1979       22      0.00060  0.00060  0.50   97692      58   97663  5381694  55.09
1970-1979       23      0.00059  0.00059  0.50   97634      57   97605  5284031  54.12
1970-1979       24      0.00053  0.00053  0.50   97577      52   97551  5186426  53.15
1970-1979       25      0.00061  0.00061  0.50   97525      59   97495  5088875  52.18
1970-1979       26      0.00062  0.00062  0.50   97465      60   97435  4991380  51.21
1970-1979       27      0.00054  0.00054  0.50   97405      52   97379  4893945  50.24
1970-1979       28      0.00074  0.00074  0.50   97352      72   97316  4796567  49.27
1970-1979       29      0.00077  0.00077  0.50   97280      75   97243  4699250  48.31
1970-1979       30      0.00082  0.00082  0.50   97205      79   97165  4602007  47.34
1970-1979       31      0.00075  0.00075  0.50   97126      73   97089  4504842  46.38
1970-1979       32      0.00080  0.00080  0.50   97053      77   97014  4407753  45.42
1970-1979       33      0.00092  0.00092  0.50   96975      89   96931  4310739  44.45
1970-1979       34      0.00103  0.00103  0.50   96887     100   96836  4213808  43.49
1970-1979       35      0.00104  0.00104  0.50   96786     100   96736  4116971  42.54
1970-1979       36      0.00121  0.00121  0.50   96686     117   96628  4020235  41.58
1970-1979       37      0.00136  0.00136  0.50   96569     131   96504  3923607  40.63
1970-1979       38      0.00173  0.00172  0.50   96438     166   96355  3827104  39.68
1970-1979       39      0.00161  0.00161  0.50   96272     155   96194  3730749  38.75
1970-1979       40      0.00200  0.00199  0.50   96117     192   96021  3634555  37.81
1970-1979       41      0.00193  0.00193  0.50   95925     185   95832  3538534  36.89
1970-1979       42      0.00232  0.00232  0.50   95740     222   95629  3442701  35.96
1970-1979       43      0.00270  0.00270  0.50   95518     258   95389  3347073  35.04
1970-1979       44      0.00267  0.00267  0.50   95260     254   95133  3251684  34.13
1970-1979       45      0.00318  0.00317  0.50   95006     301   94855  3156551  33.22
1970-1979       46      0.00338  0.00338  0.50   94705     320   94545  3061696  32.33
1970-1979       47      0.00355  0.00354  0.50   94385     334   94218  2967151  31.44
1970-1979       48      0.00398  0.00397  0.50   94050     373   93864  2872933  30.55
1970-1979       49      0.00434  0.00434  0.50   93677     406   93474  2779070  29.67
1970-1979       50      0.00482  0.00481  0.50   93271     449   93046  2685596  28.79
1970-1979       51      0.00448  0.00447  0.50   92822     415   92614  2592550  27.93
1970-1979       52      0.00563  0.00561  0.50   92407     518   92147  2499936  27.05
1970-1979       53      0.00553  0.00552  0.50   91888     507   91635  2407788  26.20
1970-1979       54      0.00663  0.00661  0.50   91381     604   91079  2316153  25.35
1970-1979       55      0.00665  0.00662  0.50   90777     601   90477  2225074  24.51
1970-1979       56      0.00726  0.00723  0.50   90176     652   89850  2134597  23.67
1970-1979       57      0.00796  0.00793  0.50   89524     710   89169  2044747  22.84
1970-1979       58      0.00920  0.00916  0.50   88814     813   88407  1955578  22.02
1970-1979       59      0.00950  0.00946  0.50   88001     832   87584  1867171  21.22
1970-1979       60      0.01063  0.01058  0.50   87168     922   86707  1779586  20.42
1970-1979       61      0.01114  0.01108  0.50   86247     956   85769  1692879  19.63
1970-1979       62      0.01334  0.01325  0.50   85291    1131   84725  1607110  18.84
1970-1979       63      0.01416  0.01406  0.50   84160    1183   83569  1522385  18.09
1970-1979       64      0.01550  0.01538  0.50   82977    1277   82339  1438816  17.34
1970-1979       65      0.01710  0.01695  0.50   81701    1385   81008  1356477  16.60
1970-1979       66      0.01770  0.01755  0.50   80316    1409   79611  1275469  15.88
1970-1979       67      0.01953  0.01934  0.50   78907    1526   78143  1195858  15.16
1970-1979       68      0.02180  0.02156  0.50   77380    1669   76546  1117714  14.44
1970-1979       69      0.02389  0.02361  0.50   75711    1788   74818  1041169  13.75
1970-1979       70      0.02679  0.02644  0.50   73924    1955   72947   966351  13.07
1970-1979       71      0.02844  0.02804  0.50   71969    2018   70960   893404  12.41
1970-1979       72      0.03314  0.03260  0.50   69951    2280   68811   822444  11.76
1970-1979       73      0.03848  0.03775  0.50   67671    2555   66394   753633  11.14
1970-1979       74      0.04343  0.04251  0.50   65116    2768   63732   687239  10.55
1970-1979       75      0.04592  0.04489  0.50   62348    2799   60949   623507  10.00
1970-1979       76      0.05090  0.04963  0.50   59549    2956   58071   562559   9.45
1970-1979       77      0.05408  0.05265  0.50   56593    2980   55103   504488   8.91
1970-1979       78      0.06301  0.06108  0.50   53614    3275   51976   449384   8.38
1970-1979       79      0.06990  0.06754  0.50   50339    3400   48639   397408   7.89
1970-1979       80      0.07507  0.07235  0.50   46939    3396   45241   348769   7.43
1970-1979       81      0.07809  0.07516  0.50   43543    3273   41907   303528   6.97
1970-1979       82      0.09175  0.08772  0.50   40270    3533   38504   261622   6.50
1970-1979       83      0.10409  0.09894  0.50   36738    3635   34920   223118   6.07
1970-1979       84      0.11786  0.11130  0.50   33103    3684   31261   188197   5.69
1970-1979       85      0.12249  0.11542  0.50   29419    3395   27721   156937   5.33
1970-1979       86      0.15013  0.13965  0.50   26023    3634   24206   129216   4.97
1970-1979       87      0.15218  0.14142  0.50   22389    3166   20806   105010   4.69
1970-1979       88      0.16618  0.15343  0.50   19223    2949   17748    84204   4.38
1970-1979       89      0.19186  0.17507  0.50   16273    2849   14849    66456   4.08
1970-1979       90      0.20409  0.18519  0.50   13424    2486   12181    51607   3.84
1970-1979       91      0.21962  0.19789  0.50   10938    2165    9856    39425   3.60
1970-1979       92      0.23433  0.20975  0.50    8774    1840    7854    29569   3.37
1970-1979       93      0.26965  0.23761  0.50    6933    1647    6110    21715   3.13
1970-1979       94      0.27708  0.24336  0.50    5286    1286    4643    15606   2.95
1970-1979       95      0.31400  0.27139  0.50    4000    1085    3457    10963   2.74
1970-1979       96      0.33944  0.29019  0.50    2914     846    2491     7506   2.58
1970-1979       97      0.36584  0.30927  0.50    2068     640    1749     5015   2.42
1970-1979       98      0.39308  0.32851  0.50    1429     469    1194     3266   2.29
1970-1979       99      0.42099  0.34779  0.50     959     334     793     2072   2.16
1970-1979      100      0.44942  0.36696  0.50     626     230     511     1280   2.04
1970-1979      101      0.47819  0.38592  0.50     396     153     320      769   1.94
1970-1979      102      0.50710  0.40453  0.50     243      98     194      449   1.85
1970-1979      103      0.53597  0.42269  0.50     145      61     114      255   1.76
1970-1979      104      0.56459  0.44030  0.50      84      37      65      141   1.68
1970-1979      105      0.59279  0.45726  0.50      47      21      36       75   1.61
1970-1979      106      0.62039  0.47351  0.50      25      12      19       39   1.55
1970-1979      107      0.64724  0.48899  0.50      13       7      10       20   1.50
1970-1979      108      0.67318  0.50366  0.50       7       3       5       10   1.45
1970-1979      109      0.69811  0.51748  0.50       3       2       3        5   1.41
1970-1979      110+     0.72192  1.00000  1.39       2       2       2        2   1.39
1980-1989        0      0.01012  0.01003  0.13  100000    1003   99125  7711911  77.12
1980-1989        1      0.00076  0.00076  0.50   98997      75   98959  7612785  76.90
1980-1989        2      0.00063  0.00063  0.50   98922      63   98891  7513826  75.96
1980-1989        3      0.00037  0.00037  0.50   98859      36   98841  7414935  75.00
1980-1989        4      0.00032  0.00032  0.50   98823      31   98807  7316094  74.03
1980-1989        5      0.00030  0.00030  0.50   98792      30   98777  7217287  73.06
1980-1989        6      0.00032  0.00032  0.50   98762      32   98746  7118510  72.08
1980-1989        7      0.00019  0.00019  0.50   98730      19   98721  7019764  71.10
1980-1989        8      0.00023  0.00023  0.50   98711      22   98700  6921044  70.11
1980-1989        9      0.00019  0.00019  0.50   98689      19   98679  6822344  69.13
1980-1989       10      0.00018  0.00018  0.50   98670      18   98661  6723665  68.14
1980-1989       11      0.00021  0.00021  0.50   98652      21   98641  6625003  67.16
1980-1989       12      0.00021  0.00021  0.50   98631      20   98621  6526362  66.17
1980-1989       13      0.00026  0.00026  0.50   98611      26   98598  6427741  65.18
1980-1989       14      0.00032  0.00032  0.50   98585      32   98569  6329144  64.20
1980-1989       15      0.00051  0.00051  0.50   98553      50   98528  6230575  63.22
1980-1989       16      0.00054  0.00054  0.50   98503      53   98476  6132047  62.25
1980-1989       17      0.00063  0.00063  0.50   98450      62   98419  6033570  61.29
1980-1989       18      0.00058  0.00058  0.50   98387      57   98359  5935152  60.32
1980-1989       19      0.00057  0.00057  0.50   98331      56   98303  5836792  59.36
1980-1989       20      0.00064  0.00064  0.50   98275      63   98243  5738490  58.39
1980-1989       21      0.00073  0.00073  0.50   98211      72   98176  5640247  57.43
1980-1989       22      0.00065  0.00065  0.50   98140      64   98108  5542071  56.47
1980-1989       23      0.00067  0.00067  0.50   98076      65   98043  5443963  55.51
1980-1989       24      0.00058  0.00058  0.50   98011      57   97982  5345920  54.54
1980-1989       25      0.00054  0.00054  0.50   97954      53   97927  5247938  53.58
1980-1989       26      0.00059  0.00059  0.50   97900      57   97872  5150011  52.60
1980-1989       27      0.00067  0.00067  0.50   97843      65   97810  5052139  51.64
1980-1989       28      0.00056  0.00056  0.50   97778      55   97750  4954329  50.67
1980-1989       29      0.00061  0.00061  0.50   97723      59   97693  4856578  49.70
1980-1989       30      0.00070  0.00070  0.50   97664      68   97629  4758885  48.73
1980-1989       31      0.00067  0.00067  0.50   97595      65   97563  4661256  47.76
1980-1989       32      0.00070  0.00070  0.50   97530      68   97496  4563693  46.79
1980-1989       33      0.00086  0.00086  0.50   97462      84   97420  4466197  45.82
1980-1989       34      0.00087  0.00087  0.50   97378      85   97336  4368777  44.86
1980-1989       35      0.00101  0.00101  0.50   97293      99   97244  4271441  43.90
1980-1989       36      0.00098  0.00098  0.50   97195      95   97147  4174197  42.95
1980-1989       37      0.00094  0.00094  0.50   97100      91   97054  4077050  41.99
1980-1989       38      0.00116  0.00116  0.50   97008     112   96952  3979996  41.03
1980-1989       39      0.00122  0.00122  0.50   96896     118   96837  3883044  40.07
1980-1989       40      0.00140  0.00140  0.50   96778     135   96710  3786207  39.12
1980-1989       41      0.00136  0.00136  0.50   96643     132   96577  3689496  38.18
1980-1989       42      0.00165  0.00165  0.50   96511     159   96432  3592919  37.23
1980-1989       43      0.00204  0.00204  0.50   96352     197   96254  3496488  36.29
1980-1989       44      0.00216  0.00216  0.50   96155     207   96052  3400234  35.36
1980-1989       45      0.00250  0.00250  0.50   95948     240   95828  3304182  34.44
1980-1989       46      0.00260  0.00260  0.50   95709     249   95584  3208354  33.52
1980-1989       47      0.00286  0.00286  0.50   95460     273   95323  3112770  32.61
1980-1989       48      0.00345  0.00344  0.50   95187     327   95023  3017446  31.70
1980-1989       49      0.00356  0.00356  0.50   94860     337   94691  2922423  30.81
1980-1989       50      0.00394  0.00394  0.50   94522     372   94336  2827732  29.92
1980-1989       51      0.00410  0.00409  0.50   94150     385   93958  2733396  29.03
1980-1989       52      0.00474  0.00473  0.50   93765     444   93543  2639438  28.15
1980-1989       53      0.00521  0.00520  0.50   93322     485   93079  2545894  27.28
1980-1989       54      0.00564  0.00562  0.50   92836     522   92575  2452815  26.42
1980-1989       55      0.00580  0.00579  0.50   92314     534   92047  2360240  25.57
1980-1989       56      0.00657  0.00654  0.50   91780     601   91480  2268193  24.71
1980-1989       57      0.00770  0.00767  0.50   91180     699   90830  2176713  23.87
1980-1989       58      0.00775  0.00772  0.50   90481     698   90131  2085883  23.05
1980-1989       59      0.00838  0.00834  0.50   89782     749   89407  1995752  22.23
1980-1989       60      0.00943  0.00938  0.50   89033     836   88615  1906344  21.41
1980-1989       61      0.01029  0.01024  0.50   88197     903   87746  1817729  20.61
1980-1989       62      0.01130  0.01124  0.50   87294     981   86804  1729983  19.82
1980-1989       63      0.01247  0.01239  0.50   86313    1070   85778  1643179  19.04
1980-1989       64      0.01296  0.01287  0.50   85243    1097   84695  1557401  18.27
1980-1989       65      0.01490  0.01479  0.50   84146    1244   83524  1472706  17.50
1980-1989       66      0.01636  0.01623  0.50   82902    1345   82229  1389182  16.76
1980-1989       67      0.01823  0.01807  0.50   81557    1474   80820  1306953  16.03
1980-1989       68      0.02013  0.01992  0.50   80083    1596   79285  1226133  15.31
1980-1989       69      0.02111  0.02089  0.50   78487    1640   77668  1146848  14.61
1980-1989       70      0.02381  0.02353  0.50   76848    1808   75944  1069180  13.91
1980-1989       71      0.02616  0.02582  0.50   75040    1937   74071   993236  13.24
1980-1989       72      0.03023  0.02978  0.50   73103    2177   72014   919165  12.57
1980-1989       73      0.03165  0.03116  0.50   70926    2210   69821   847151  11.94
1980-1989       74      0.03586  0.03523  0.50   68716    2421   67505   777330  11.31
1980-1989       75      0.04015  0.03936  0.50   66295    2609   64990   709825  10.71
1980-1989       76      0.04426  0.04330  0.50   63686    2758   62307   644834  10.13
1980-1989       77      0.04775  0.04664  0.50   60928    2841   59507   582527   9.56
1980-1989       78      0.05263  0.05128  0.50   58087    2979   56597   523020   9.00
1980-1989       79      0.05823  0.05658  0.50   55108    3118   53549   466423   8.46
1980-1989       80      0.06838  0.06612  0.50   51990    3437   50271   412874   7.94
1980-1989       81      0.07238  0.06985  0.50   48552    3391   46856   362603   7.47
1980-1989       82      0.08391  0.08053  0.50   45161    3637   43342   315747   6.99
1980-1989       83      0.09312  0.08898  0.50   41524    3695   39676   272404   6.56
1980-1989       84      0.10323  0.09817  0.50   37829    3714   35972   232728   6.15
1980-1989       85      0.11316  0.10710  0.50   34116    3654   32289   196756   5.77
1980-1989       86      0.12210  0.11507  0.50   30462    3505   28709   164467   5.40
1980-1989       87      0.13677  0.12802  0.50   26956    3451   25231   135758   5.04
1980-1989       88      0.15396  0.14295  0.50   23506    3360   21825   110527   4.70
1980-1989       89      0.16556  0.15290  0.50   20145    3080   18605    88702   4.40
1980-1989       90      0.18872  0.17245  0.50   17065    2943   15594    70096   4.11
1980-1989       91      0.19618  0.17866  0.50   14122    2523   12861    54503   3.86
1980-1989       92      0.22600  0.20305  0.50   11599    2355   10422    41642   3.59
1980-1989       93      0.23908  0.21355  0.50    9244    1974    8257    31220   3.38
1980-1989       94      0.26531  0.23423  0.50    7270    1703    6418    22963   3.16
1980-1989       95      0.28414  0.24879  0.50    5567    1385    4875    16545   2.97
1980-1989       96      0.30779  0.26674  0.50    4182    1116    3624    11670   2.79
1980-1989       97      0.33250  0.28510  0.50    3066     874    2629     8046   2.62
1980-1989       98      0.35816  0.30376  0.50    2192     666    1859     5417   2.47
1980-1989       99      0.38466  0.32261  0.50    1526     492    1280     3558   2.33
1980-1989      100      0.41187  0.34153  0.50    1034     353     857     2277   2.20
1980-1989      101      0.43962  0.36040  0.50     681     245     558     1420   2.09
1980-1989      102      0.46776  0.37910  0.50     435     165     353      862   1.98
1980-1989      103      0.49610  0.39750  0.50     270     107     217      509   1.88
1980-1989      104      0.52447  0.41551  0.50     163      68     129      292   1.80
1980-1989      105      0.55268  0.43302  0.50      95      41      75      163   1.72
1980-1989      106      0.58056  0.44995  0.50      54      24      42       89   1.65
1980-1989      107      0.60793  0.46622  0.50      30      14      23       47   1.58
1980-1989      108      0.63464  0.48177  0.50      16       8      12       24   1.53
1980-1989      109      0.66055  0.49655  0.50       8       4       6       12   1.49
1980-1989      110+     0.68553  1.00000  1.46       4       4       6        6   1.46
1990-1999        0      0.00613  0.00610  0.14  100000     610   99473  7955840  79.56
1990-1999        1      0.00060  0.00060  0.50   99390      60   99360  7856367  79.05
1990-1999        2      0.00034  0.00034  0.50   99330      34   99313  7757007  78.09
1990-1999        3      0.00025  0.00025  0.50   99296      25   99284  7657694  77.12
1990-1999        4      0.00025  0.00025  0.50   99271      25   99259  7558410  76.14
1990-1999        5      0.00018  0.00018  0.50   99247      18   99238  7459151  75.16
1990-1999        6      0.00016  0.00016  0.50   99229      16   99220  7359914  74.17
1990-1999        7      0.00019  0.00019  0.50   99212      18   99203  7260693  73.18
1990-1999        8      0.00014  0.00014  0.50   99194      14   99187  7161490  72.20
1990-1999        9      0.00013  0.00013  0.50   99180      13   99173  7062303  71.21
1990-1999       10      0.00012  0.00012  0.50   99166      12   99161  6963130  70.22
1990-1999       11      0.00019  0.00019  0.50   99155      19   99145  6863969  69.22
1990-1999       12      0.00016  0.00016  0.50   99136      16   99128  6764824  68.24
1990-1999       13      0.00022  0.00022  0.50   99120      22   99109  6665696  67.25
1990-1999       14      0.00028  0.00028  0.50   99098      28   99084  6566587  66.26
1990-1999       15      0.00040  0.00040  0.50   99070      39   99051  6467503  65.28
1990-1999       16      0.00052  0.00052  0.50   99031      51   99005  6368452  64.31
1990-1999       17      0.00051  0.00051  0.50   98980      51   98954  6269447  63.34
1990-1999       18      0.00061  0.00061  0.50   98929      61   98899  6170492  62.37
1990-1999       19      0.00061  0.00061  0.50   98868      61   98838  6071594  61.41
1990-1999       20      0.00046  0.00046  0.50   98808      45   98785  5972756  60.45
1990-1999       21      0.00046  0.00046  0.50   98762      45   98740  5873971  59.48
1990-1999       22      0.00058  0.00058  0.50   98717      57   98688  5775231  58.50
1990-1999       23      0.00048  0.00048  0.50   98659      47   98636  5676543  57.54
1990-1999       24      0.00055  0.00055  0.50   98613      54   98585  5577907  56.56
1990-1999       25      0.00051  0.00051  0.50   98558      51   98533  5479322  55.59
1990-1999       26      0.00051  0.00051  0.50   98508      50   98483  5380789  54.62
1990-1999       27      0.00053  0.00053  0.50   98457      52   98431  5282306  53.65
1990-1999       28      0.00044  0.00044  0.50   98405      43   98384  5183875  52.68
1990-1999       29      0.00056  0.00056  0.50   98362      56   98334  5085491  51.70
1990-1999       30      0.00062  0.00062  0.50   98307      61   98276  4987157  50.73
1990-1999       31      0.00056  0.00056  0.50   98245      55   98218  4888881  49.76
1990-1999       32      0.00062  0.00062  0.50   98190      61   98160  4790663  48.79
1990-1999       33      0.00071  0.00071  0.50   98129      69   98094  4692503  47.82
1990-1999       34      0.00080  0.00079  0.50   98060      78   98021  4594409  46.85
1990-1999       35      0.00074  0.00074  0.50   97982      72   97946  4496388  45.89
1990-1999       36      0.00072  0.00071  0.50   97910      70   97875  4398442  44.92
1990-1999       37      0.00087  0.00087  0.50   97840      86   97797  4300568  43.96
1990-1999       38      0.00095  0.00095  0.50   97754      93   97708  4202771  42.99
1990-1999       39      0.00098  0.00098  0.50   97661      95   97614  4105063  42.03
1990-1999       40      0.00114  0.00114  0.50   97566     111   97510  4007450  41.07
1990-1999       41      0.00135  0.00135  0.50   97455     132   97389  3909940  40.12
1990-1999       42      0.00145  0.00145  0.50   97323     141   97252  3812551  39.17
1990-1999       43      0.00142  0.00141  0.50   97182     137   97113  3715298  38.23
1990-1999       44      0.00165  0.00165  0.50   97045     160   96965  3618185  37.28
1990-1999       45      0.00181  0.00181  0.50   96885     175   96797  3521221  36.34
1990-1999       46      0.00211  0.00211  0.50   96709     204   96607  3424424  35.41
1990-1999       47      0.00209  0.00208  0.50   96506     201   96405  3327816  34.48
1990-1999       48      0.00244  0.00243  0.50   96304     234   96187  3231411  33.55
1990-1999       49      0.00275  0.00275  0.50   96070     264   95938  3135224  32.63
1990-1999       50      0.00310  0.00310  0.50   95806     297   95658  3039285  31.72
1990-1999       51      0.00336  0.00335  0.50   95509     320   95349  2943628  30.82
1990-1999       52      0.00371  0.00370  0.50   95189     353   95013  2848278  29.92
1990-1999       53      0.00409  0.00408  0.50   94837     387   94643  2753265  29.03
1990-1999       54      0.00470  0.00469  0.50   94450     443   94229  2658622  28.15
1990-1999       55      0.00465  0.00463  0.50   94007     436   93789  2564394  27.28
1990-1999       56      0.00539  0.00538  0.50   93572     503   93320  2470604  26.40
1990-1999       57      0.00593  0.00592  0.50   93069     551   92793  2377284  25.54
1990-1999       58      0.00631  0.00629  0.50   92518     582   92227  2284491  24.69
1990-1999       59      0.00731  0.00728  0.50   91936     670   91601  2192264  23.85
1990-1999       60      0.00786  0.00783  0.50   91266     715   90909  2100663  23.02
1990-1999       61      0.00821  0.00817  0.50   90551     740   90181  2009754  22.19
1990-1999       62      0.00924  0.00920  0.50   89811     826   89398  1919573  21.37
1990-1999       63      0.01024  0.01019  0.50   88985     906   88532  1830175  20.57
1990-1999       64      0.01092  0.01086  0.50   88079     957   87600  1741643  19.77
1990-1999       65      0.01256  0.01249  0.50   87122    1088   86578  1654042  18.99
1990-1999       66      0.01303  0.01295  0.50   86034    1114   85477  1567464  18.22
1990-1999       67      0.01430  0.01420  0.50   84920    1206   84317  1481987  17.45
1990-1999       68      0.01510  0.01499  0.50   83714    1255   83087  1397670  16.70
1990-1999       69      0.01724  0.01710  0.50   82460    1410   81755  1314583  15.94
1990-1999       70      0.01944  0.01925  0.50   81050    1560   80270  1232828  15.21
1990-1999       71      0.02026  0.02006  0.50   79489    1595   78692  1152558  14.50
1990-1999       72      0.02312  0.02285  0.50   77895    1780   77005  1073866  13.79
1990-1999       73      0.02544  0.02512  0.50   76115    1912   75158   996862  13.10
1990-1999       74      0.02828  0.02789  0.50   74202    2069   73168   921703  12.42
1990-1999       75      0.03232  0.03181  0.50   72133    2294   70986   848536  11.76
1990-1999       76      0.03300  0.03246  0.50   69839    2267   68705   777550  11.13
1990-1999       77      0.03722  0.03654  0.50   67572    2469   66337   708845  10.49
1990-1999       78      0.04229  0.04141  0.50   65103    2696   63755   642507   9.87
1990-1999       79      0.04708  0.04600  0.50   62407    2871   60972   578752   9.27
1990-1999       80      0.05515  0.05367  0.50   59536    3195   57939   517781   8.70
1990-1999       81      0.06061  0.05883  0.50   56341    3315   54684   459842   8.16
1990-1999       82      0.06942  0.06709  0.50   53026    3558   51248   405159   7.64
1990-1999       83      0.07701  0.07416  0.50   49469    3668   47634   353911   7.15
1990-1999       84      0.08686  0.08324  0.50   45800    3813   43894   306277   6.69
1990-1999       85      0.09605  0.09165  0.50   41988    3848   40064   262383   6.25
1990-1999       86      0.10576  0.10045  0.50   38139    3831   36224   222319   5.83
1990-1999       87      0.12001  0.11322  0.50   34308    3884   32366   186095   5.42
1990-1999       88      0.13246  0.12423  0.50   30424    3780   28534   153729   5.05
1990-1999       89      0.14719  0.13710  0.50   26644    3653   24818   125195   4.70
1990-1999       90      0.17282  0.15908  0.50   22991    3657   21163   100377   4.37
1990-1999       91      0.18410  0.16858  0.50   19334    3259   17704    79214   4.10
1990-1999       92      0.20035  0.18210  0.50   16075    2927   14611    61510   3.83
1990-1999       93      0.22147  0.19939  0.50   13147    2621   11837    46899   3.57
1990-1999       94      0.23597  0.21107  0.50   10526    2222    9415    35062   3.33
1990-1999       95      0.26686  0.23545  0.50    8304    1955    7327    25647   3.09
1990-1999       96      0.29153  0.25444  0.50    6349    1615    5541    18320   2.89
1990-1999       97      0.31748  0.27399  0.50    4734    1297    4085    12779   2.70
1990-1999       98      0.34463  0.29397  0.50    3437    1010    2932     8694   2.53
1990-1999       99      0.37282  0.31424  0.50    2426     762    2045     5762   2.37
1990-1999      100      0.40191  0.33466  0.50    1664     557    1385     3717   2.23
1990-1999      101      0.43171  0.35507  0.50    1107     393     911     2332   2.11
1990-1999      102      0.46201  0.37531  0.50     714     268     580     1421   1.99
1990-1999      103      0.49259  0.39524  0.50     446     176     358      841   1.89
1990-1999      104      0.52323  0.41473  0.50     270     112     214      483   1.79
1990-1999      105      0.55369  0.43364  0.50     158      68     124      270   1.71
1990-1999      106      0.58376  0.45187  0.50      89      40      69      146   1.63
1990-1999      107      0.61321  0.46932  0.50      49      23      38       77   1.57
1990-1999      108      0.64186  0.48591  0.50      26      13      20       39   1.51
1990-1999      109      0.66953  0.50161  0.50      13       7      10       20   1.47
1990-1999      110+     0.69608  1.00000  1.44       7       7      10       10   1.44
2000-2009        0      0.00469  0.00467  0.14  100000     467   99598  8173235  81.73
2000-2009        1      0.00054  0.00054  0.50   99533      54   99507  8073637  81.11
2000-2009        2      0.00030  0.00030  0.50   99480      29   99465  7974130  80.16
2000-2009        3      0.00020  0.00020  0.50   99450      20   99440  7874665  79.18
2000-2009        4      0.00016  0.00016  0.50   99430      16   99422  7775225  78.20
2000-2009        5      0.00012  0.00012  0.50   99414      12   99407  7675803  77.21
2000-2009        6      0.00015  0.00015  0.50   99401      15   99394  7576395  76.22
2000-2009        7      0.00014  0.00014  0.50   99386      14   99379  7477002  75.23
2000-2009        8      0.00013  0.00013  0.50   99372      13   99365  7377623  74.24
2000-2009        9      0.00010  0.00010  0.50   99358      10   99353  7278258  73.25
2000-2009       10      0.00010  0.00010  0.50   99348      10   99343  7178904  72.26
2000-2009       11      0.00013  0.00013  0.50   99338      13   99332  7079561  71.27
2000-2009       12      0.00013  0.00013  0.50   99325      13   99319  6980229  70.28
2000-2009       13      0.00015  0.00015  0.50   99312      15   99305  6880911  69.29
2000-2009       14      0.00019  0.00019  0.50   99297      19   99288  6781606  68.30
2000-2009       15      0.00030  0.00030  0.50   99279      30   99264  6682318  67.31
2000-2009       16      0.00042  0.00042  0.50   99249      41   99228  6583054  66.33
2000-2009       17      0.00047  0.00047  0.50   99208      46   99185  6483825  65.36
2000-2009       18      0.00047  0.00047  0.50   99161      47   99138  6384641  64.39
2000-2009       19      0.00038  0.00038  0.50   99115      38   99096  6285503  63.42
2000-2009       20      0.00041  0.00041  0.50   99077      41   99056  6186407  62.44
2000-2009       21      0.00032  0.00032  0.50   99036      31   99020  6087351  61.47
2000-2009       22      0.00041  0.00041  0.50   99005      40   98984  5988331  60.49
2000-2009       23      0.00035  0.00035  0.50   98964      35   98947  5889346  59.51
2000-2009       24      0.00036  0.00036  0.50   98930      35   98912  5790399  58.53
2000-2009       25      0.00036  0.00036  0.50   98894      36   98876  5691487  57.55
2000-2009       26      0.00045  0.00045  0.50   98859      44   98836  5592611  56.57
2000-2009       27      0.00038  0.00038  0.50   98814      38   98795  5493774  55.60
2000-2009       28      0.00044  0.00044  0.50   98776      43   98755  5394979  54.62
2000-2009       29      0.00042  0.00042  0.50   98733      41   98713  5296224  53.64
2000-2009       30      0.00047  0.00047  0.50   98692      46   98669  5197511  52.66
2000-2009       31      0.00050  0.00050  0.50   98646      49   98622  5098842  51.69
2000-2009       32      0.00058  0.00058  0.50   98597      57   98569  5000220  50.71
2000-2009       33      0.00050  0.00050  0.50   98540      49   98516  4901651  49.74
2000-2009       34      0.00060  0.00060  0.50   98491      59   98462  4803135  48.77
2000-2009       35      0.00069  0.00069  0.50   98432      68   98398  4704674  47.80
2000-2009       36      0.00071  0.00071  0.50   98364      70   98330  4606276  46.83
2000-2009       37      0.00072  0.00072  0.50   98295      70   98259  4507946  45.86
2000-2009       38      0.00084  0.00084  0.50   98224      82   98183  4409687  44.89
2000-2009       39      0.00085  0.00085  0.50   98142      83   98100  4311504  43.93
2000-2009       40      0.00095  0.00095  0.50   98059      93   98012  4213403  42.97
2000-2009       41      0.00103  0.00103  0.50   97966     101   97915  4115391  42.01
2000-2009       42      0.00113  0.00113  0.50   97865     110   97810  4017476  41.05
2000-2009       43      0.00120  0.00119  0.50   97755     117   97696  3919666  40.10
2000-2009       44      0.00145  0.00145  0.50   97638     141   97567  3821970  39.14
2000-2009       45      0.00146  0.00146  0.50   97497     142   97426  3724402  38.20
2000-2009       46      0.00158  0.00158  0.50   97354     154   97277  3626977  37.26
2000-2009       47      0.00184  0.00184  0.50   97200     179   97111  3529699  36.31
2000-2009       48      0.00198  0.00198  0.50   97022     192   96925  3432588  35.38
2000-2009       49      0.00206  0.00205  0.50   96829     199   96730  3335663  34.45
2000-2009       50      0.00225  0.00225  0.50   96630     218   96522  3238933  33.52
2000-2009       51      0.00253  0.00253  0.50   96413     244   96291  3142412  32.59
2000-2009       52      0.00296  0.00295  0.50   96169     284   96027  3046121  31.67
2000-2009       53      0.00312  0.00311  0.50   95885     298   95736  2950094  30.77
2000-2009       54      0.00325  0.00325  0.50   95586     311   95431  2854359  29.86
2000-2009       55      0.00359  0.00358  0.50   95276     342   95105  2758927  28.96
2000-2009       56      0.00400  0.00399  0.50   94934     379   94745  2663822  28.06
2000-2009       57      0.00439  0.00438  0.50   94555     414   94348  2569078  27.17
2000-2009       58      0.00487  0.00486  0.50   94141     457   93913  2474729  26.29
2000-2009       59      0.00528  0.00526  0.50   93684     493   93437  2380817  25.41
2000-2009       60      0.00564  0.00562  0.50   93191     524   92929  2287379  24.55
2000-2009       61      0.00611  0.00609  0.50   92667     564   92384  2194451  23.68
2000-2009       62      0.00748  0.00745  0.50   92102     686   91759  2102066  22.82
2000-2009       63      0.00734  0.00731  0.50   91416     668   91082  2010307  21.99
2000-2009       64      0.00815  0.00812  0.50   90748     737   90380  1919225  21.15
2000-2009       65      0.00900  0.00896  0.50   90011     806   89608  1828846  20.32
2000-2009       66      0.00938  0.00933  0.50   89205     832   88789  1739238  19.50
2000-2009       67      0.01129  0.01123  0.50   88373     992   87877  1650449  18.68
2000-2009       68      0.01238  0.01230  0.50   87381    1075   86843  1562572  17.88
2000-2009       69      0.01342  0.01333  0.50   86306    1150   85730  1475729  17.10
2000-2009       70      0.01459  0.01448  0.50   85155    1233   84539  1389998  16.32
2000-2009       71      0.01582  0.01570  0.50   83922    1318   83263  1305460  15.56
2000-2009       72      0.01809  0.01793  0.50   82604    1481   81864  1222197  14.80
2000-2009       73      0.02072  0.02051  0.50   81123    1664   80291  1140333  14.06
2000-2009       74      0.02243  0.02218  0.50   79459    1762   78578  1060042  13.34
2000-2009       75      0.02393  0.02365  0.50   77697    1838   76778   981464  12.63
2000-2009       76      0.02648  0.02614  0.50   75859    1983   74868   904686  11.93
2000-2009       77      0.03065  0.03018  0.50   73877    2230   72762   829818  11.23
2000-2009       78      0.03426  0.03368  0.50   71647    2413   70440   757056  10.57
2000-2009       79      0.03786  0.03716  0.50   69233    2573   67947   686616   9.92
2000-2009       80      0.04293  0.04203  0.50   66661    2802   65260   618669   9.28
2000-2009       81      0.04988  0.04867  0.50   63859    3108   62305   553409   8.67
2000-2009       82      0.05645  0.05490  0.50   60751    3335   59084   491104   8.08
2000-2009       83      0.06421  0.06221  0.50   57416    3572   55630   432020   7.52
2000-2009       84      0.07347  0.07087  0.50   53844    3816   51936   376390   6.99
2000-2009       85      0.08492  0.08146  0.50   50028    4075   47990   324454   6.49
2000-2009       86      0.09610  0.09169  0.50   45953    4213   43846   276463   6.02
2000-2009       87      0.10833  0.10276  0.50   41739    4289   39595   232617   5.57
2000-2009       88      0.12236  0.11530  0.50   37450    4318   35291   193023   5.15
2000-2009       89      0.13822  0.12929  0.50   33132    4284   30990   157732   4.76
2000-2009       90      0.15860  0.14695  0.50   28848    4239   26729   126742   4.39
2000-2009       91      0.17814  0.16357  0.50   24609    4025   22596   100013   4.06
2000-2009       92      0.19482  0.17753  0.50   20584    3654   18757    77417   3.76
2000-2009       93      0.22490  0.20216  0.50   16930    3423   15218    58660   3.46
2000-2009       94      0.24698  0.21983  0.50   13507    2969   12022    43442   3.22
2000-2009       95      0.27253  0.23984  0.50   10538    2527    9274    31419   2.98
2000-2009       96      0.30130  0.26185  0.50    8010    2098    6962    22145   2.76
2000-2009       97      0.33173  0.28454  0.50    5913    1682    5072    15184   2.57
2000-2009       98      0.36363  0.30769  0.50    4230    1302    3580    10112   2.39
2000-2009       99      0.39678  0.33110  0.50    2929     970    2444     6533   2.23
2000-2009      100      0.43091  0.35452  0.50    1959     695    1612     4089   2.09
2000-2009      101      0.46570  0.37774  0.50    1265     478    1026     2477   1.96
2000-2009      102      0.50083  0.40053  0.50     787     315     629     1451   1.84
2000-2009      103      0.53595  0.42268  0.50     472     199     372      822   1.74
2000-2009      104      0.57072  0.44402  0.50     272     121     212      450   1.65
2000-2009      105      0.60481  0.46438  0.50     151      70     116      238   1.57
2000-2009      106      0.63790  0.48364  0.50      81      39      61      122   1.50
2000-2009      107      0.66974  0.50173  0.50      42      21      31       60   1.44
2000-2009      108      0.70010  0.51857  0.50      21      11      15       29   1.39
2000-2009      109      0.72879  0.53415  0.50      10       5       7       14   1.35
2000-2009      110+     0.75570  1.00000  1.32       5       5       6        6   1.32
2010-2013        0      0.00402  0.00401  0.14  100000     401   99655  8301303  83.01
2010-2013        1      0.00038  0.00038  0.50   99599      38   99580  8201647  82.35
2010-2013        2      0.00026  0.00026  0.50   99561      26   99548  8102067  81.38
2010-2013        3      0.00010  0.00010  0.50   99535      10   99530  8002519  80.40
2010-2013        4      0.00012  0.00012  0.50   99525      12   99520  7902989  79.41
2010-2013        5      0.00012  0.00012  0.50   99514      12   99508  7803469  78.42
2010-2013        6      0.00007  0.00007  0.50   99502       7   99499  7703961  77.43
2010-2013        7      0.00003  0.00003  0.50   99495       3   99494  7604463  76.43
2010-2013        8      0.00004  0.00004  0.50   99493       4   99491  7504969  75.43
2010-2013        9      0.00011  0.00011  0.50   99489      10   99484  7405478  74.44
2010-2013       10      0.00007  0.00007  0.50   99479       7   99475  7305994  73.44
2010-2013       11      0.00007  0.00007  0.50   99472       7   99468  7206518  72.45
2010-2013       12      0.00011  0.00011  0.50   99465      11   99459  7107050  71.45
2010-2013       13      0.00015  0.00015  0.50   99454      15   99446  7007591  70.46
2010-2013       14      0.00016  0.00016  0.50   99439      16   99431  6908144  69.47
2010-2013       15      0.00022  0.00022  0.50   99423      21   99412  6808714  68.48
2010-2013       16      0.00026  0.00026  0.50   99401      26   99388  6709301  67.50
2010-2013       17      0.00040  0.00040  0.50   99375      39   99356  6609913  66.51
2010-2013       18      0.00043  0.00043  0.50   99336      43   99314  6510558  65.54
2010-2013       19      0.00032  0.00032  0.50   99293      31   99277  6411243  64.57
2010-2013       20      0.00041  0.00041  0.50   99261      41   99241  6311966  63.59
2010-2013       21      0.00045  0.00045  0.50   99220      45   99198  6212726  62.62
2010-2013       22      0.00032  0.00032  0.50   99175      31   99160  6113528  61.64
2010-2013       23      0.00034  0.00034  0.50   99144      34   99127  6014368  60.66
2010-2013       24      0.00030  0.00030  0.50   99110      30   99095  5915241  59.68
2010-2013       25      0.00038  0.00038  0.50   99080      37   99061  5816146  58.70
2010-2013       26      0.00037  0.00037  0.50   99043      37   99024  5717085  57.72
2010-2013       27      0.00033  0.00033  0.50   99006      33   98989  5618061  56.74
2010-2013       28      0.00028  0.00028  0.50   98973      27   98960  5519072  55.76
2010-2013       29      0.00036  0.00036  0.50   98946      36   98928  5420112  54.78
2010-2013       30      0.00047  0.00047  0.50   98910      46   98887  5321184  53.80
2010-2013       31      0.00045  0.00045  0.50   98864      44   98842  5222297  52.82
2010-2013       32      0.00063  0.00063  0.50   98820      62   98788  5123455  51.85
2010-2013       33      0.00063  0.00063  0.50   98757      63   98726  5024667  50.88
2010-2013       34      0.00049  0.00049  0.50   98694      48   98670  4925941  49.91
2010-2013       35      0.00052  0.00052  0.50   98646      51   98621  4827271  48.94
2010-2013       36      0.00056  0.00055  0.50   98595      55   98568  4728650  47.96
2010-2013       37      0.00069  0.00069  0.50   98540      68   98506  4630082  46.99
2010-2013       38      0.00066  0.00066  0.50   98472      65   98440  4531576  46.02
2010-2013       39      0.00087  0.00087  0.50   98408      86   98365  4433136  45.05
2010-2013       40      0.00086  0.00086  0.50   98322      84   98279  4334772  44.09
2010-2013       41      0.00097  0.00097  0.50   98237      95   98190  4236492  43.13
2010-2013       42      0.00110  0.00110  0.50   98142     108   98088  4138302  42.17
2010-2013       43      0.00125  0.00125  0.50   98034     123   97973  4040214  41.21
2010-2013       44      0.00126  0.00126  0.50   97912     124   97850  3942241  40.26
2010-2013       45      0.00122  0.00121  0.50   97788     119   97729  3844391  39.31
2010-2013       46      0.00170  0.00169  0.50   97669     165   97587  3746662  38.36
2010-2013       47      0.00151  0.00151  0.50   97504     147   97430  3649076  37.42
2010-2013       48      0.00176  0.00176  0.50   97357     171   97271  3551645  36.48
2010-2013       49      0.00224  0.00224  0.50   97186     218   97077  3454374  35.54
2010-2013       50      0.00225  0.00225  0.50   96968     218   96859  3357298  34.62
2010-2013       51      0.00222  0.00222  0.50   96750     214   96643  3260439  33.70
2010-2013       52      0.00266  0.00266  0.50   96535     257   96407  3163796  32.77
2010-2013       53      0.00262  0.00262  0.50   96279     252   96153  3067389  31.86
2010-2013       54      0.00296  0.00295  0.50   96027     284   95885  2971236  30.94
2010-2013       55      0.00303  0.00302  0.50   95743     289   95599  2875351  30.03
2010-2013       56      0.00347  0.00346  0.50   95454     331   95289  2779752  29.12
2010-2013       57      0.00311  0.00311  0.50   95123     296   94975  2684464  28.22
2010-2013       58      0.00401  0.00400  0.50   94828     380   94638  2589488  27.31
2010-2013       59      0.00407  0.00407  0.50   94448     384   94256  2494850  26.42
2010-2013       60      0.00481  0.00480  0.50   94064     451   93838  2400594  25.52
2010-2013       61      0.00507  0.00505  0.50   93613     473   93376  2306756  24.64
2010-2013       62      0.00567  0.00565  0.50   93140     527   92876  2213379  23.76
2010-2013       63      0.00619  0.00617  0.50   92613     572   92327  2120503  22.90
2010-2013       64      0.00723  0.00720  0.50   92042     663   91710  2028176  22.04
2010-2013       65      0.00753  0.00750  0.50   91379     685   91036  1936466  21.19
2010-2013       66      0.00837  0.00834  0.50   90693     756   90315  1845430  20.35
2010-2013       67      0.00989  0.00984  0.50   89937     885   89495  1755114  19.51
2010-2013       68      0.01014  0.01009  0.50   89052     898   88603  1665620  18.70
2010-2013       69      0.01076  0.01070  0.50   88154     943   87682  1577017  17.89
2010-2013       70      0.01267  0.01259  0.50   87210    1098   86661  1489335  17.08
2010-2013       71      0.01385  0.01375  0.50   86112    1184   85520  1402674  16.29
2010-2013       72      0.01465  0.01454  0.50   84928    1235   84311  1317153  15.51
2010-2013       73      0.01571  0.01559  0.50   83693    1305   83041  1232843  14.73
2010-2013       74      0.01907  0.01889  0.50   82388    1556   81610  1149802  13.96
2010-2013       75      0.02136  0.02114  0.50   80832    1708   79978  1068192  13.21
2010-2013       76      0.02331  0.02304  0.50   79124    1823   78212   988214  12.49
2010-2013       77      0.02590  0.02557  0.50   77301    1976   76313   910002  11.77
2010-2013       78      0.02991  0.02946  0.50   75324    2219   74215   833689  11.07
2010-2013       79      0.03347  0.03292  0.50   73105    2407   71902   759474  10.39
2010-2013       80      0.03932  0.03856  0.50   70698    2726   69335   687573   9.73
2010-2013       81      0.04112  0.04029  0.50   67972    2739   66602   618238   9.10
2010-2013       82      0.04924  0.04805  0.50   65233    3135   63666   551635   8.46
2010-2013       83      0.05684  0.05527  0.50   62098    3432   60382   487970   7.86
2010-2013       84      0.06439  0.06238  0.50   58666    3659   56837   427588   7.29
2010-2013       85      0.07764  0.07474  0.50   55007    4111   52951   370751   6.74
2010-2013       86      0.08658  0.08299  0.50   50895    4224   48784   317800   6.24
2010-2013       87      0.09621  0.09179  0.50   46672    4284   44530   269016   5.76
2010-2013       88      0.11378  0.10766  0.50   42388    4563   40106   224487   5.30
2010-2013       89      0.13577  0.12714  0.50   37824    4809   35420   184381   4.87
2010-2013       90      0.14952  0.13912  0.50   33015    4593   30719   148961   4.51
2010-2013       91      0.16720  0.15430  0.50   28422    4386   26229   118242   4.16
2010-2013       92      0.19166  0.17490  0.50   24037    4204   21935    92012   3.83
2010-2013       93      0.21374  0.19310  0.50   19833    3830   17918    70078   3.53
2010-2013       94      0.23722  0.21207  0.50   16003    3394   14306    52160   3.26
2010-2013       95      0.26692  0.23549  0.50   12609    2969   11125    37854   3.00
2010-2013       96      0.29710  0.25867  0.50    9640    2494    8393    26729   2.77
2010-2013       97      0.32916  0.28264  0.50    7146    2020    6136    18336   2.57
2010-2013       98      0.36289  0.30716  0.50    5126    1575    4339    12200   2.38
2010-2013       99      0.39803  0.33196  0.50    3552    1179    2962     7860   2.21
2010-2013      100      0.43425  0.35679  0.50    2373     847    1949     4898   2.06
2010-2013      101      0.47119  0.38135  0.50    1526     582    1235     2949   1.93
2010-2013      102      0.50845  0.40539  0.50     944     383     753     1713   1.81
2010-2013      103      0.54561  0.42867  0.50     561     241     441      961   1.71
2010-2013      104      0.58227  0.45098  0.50     321     145     248      520   1.62
2010-2013      105      0.61805  0.47214  0.50     176      83     135      271   1.54
2010-2013      106      0.65259  0.49204  0.50      93      46      70      137   1.47
2010-2013      107      0.68559  0.51057  0.50      47      24      35       67   1.41
2010-2013      108      0.71682  0.52769  0.50      23      12      17       31   1.36
2010-2013      109      0.74610  0.54339  0.50      11       6       8       14   1.32
2010-2013      110+     0.77330  1.00000  1.29       5       5       6        6   1.29
