Poland, Life tables (period 1x10), Females	Last modified: 30 Aug 2018;  Methods Protocol: v6 (2017)

  Year          Age         mx       qx    ax      lx      dx      Lx       Tx     ex
1958-1959        0      0.06582  0.06293  0.30  100000    6293   95608  6846691  68.47
1958-1959        1      0.00481  0.00480  0.50   93707     450   93482  6751082  72.04
1958-1959        2      0.00179  0.00179  0.50   93257     167   93174  6657600  71.39
1958-1959        3      0.00116  0.00116  0.50   93091     108   93036  6564426  70.52
1958-1959        4      0.00093  0.00093  0.50   92982      86   92939  6471390  69.60
1958-1959        5      0.00071  0.00071  0.50   92896      66   92863  6378450  68.66
1958-1959        6      0.00062  0.00062  0.50   92830      58   92801  6285587  67.71
1958-1959        7      0.00057  0.00057  0.50   92772      53   92746  6192786  66.75
1958-1959        8      0.00048  0.00048  0.50   92719      44   92697  6100040  65.79
1958-1959        9      0.00041  0.00041  0.50   92675      38   92656  6007343  64.82
1958-1959       10      0.00042  0.00042  0.50   92637      39   92617  5914688  63.85
1958-1959       11      0.00042  0.00042  0.50   92598      38   92579  5822070  62.87
1958-1959       12      0.00043  0.00043  0.50   92560      40   92539  5729491  61.90
1958-1959       13      0.00044  0.00044  0.50   92519      41   92499  5636952  60.93
1958-1959       14      0.00046  0.00046  0.50   92478      42   92457  5544453  59.95
1958-1959       15      0.00052  0.00052  0.50   92436      48   92412  5451996  58.98
1958-1959       16      0.00062  0.00062  0.50   92388      57   92360  5359584  58.01
1958-1959       17      0.00059  0.00059  0.50   92331      54   92304  5267224  57.05
1958-1959       18      0.00077  0.00077  0.50   92277      71   92241  5174920  56.08
1958-1959       19      0.00082  0.00082  0.50   92205      76   92168  5082679  55.12
1958-1959       20      0.00089  0.00089  0.50   92130      82   92089  4990512  54.17
1958-1959       21      0.00089  0.00089  0.50   92048      82   92007  4898423  53.22
1958-1959       22      0.00094  0.00094  0.50   91966      87   91923  4806416  52.26
1958-1959       23      0.00101  0.00101  0.50   91879      93   91833  4714493  51.31
1958-1959       24      0.00109  0.00109  0.50   91786     100   91736  4622660  50.36
1958-1959       25      0.00113  0.00113  0.50   91687     104   91635  4530924  49.42
1958-1959       26      0.00118  0.00118  0.50   91583     108   91529  4439289  48.47
1958-1959       27      0.00120  0.00120  0.50   91475     110   91420  4347760  47.53
1958-1959       28      0.00129  0.00129  0.50   91365     117   91307  4256340  46.59
1958-1959       29      0.00137  0.00137  0.50   91248     125   91185  4165034  45.65
1958-1959       30      0.00144  0.00144  0.50   91123     131   91057  4073848  44.71
1958-1959       31      0.00134  0.00134  0.50   90991     122   90930  3982791  43.77
1958-1959       32      0.00150  0.00150  0.50   90869     136   90801  3891861  42.83
1958-1959       33      0.00158  0.00158  0.50   90733     144   90661  3801060  41.89
1958-1959       34      0.00181  0.00181  0.50   90590     164   90508  3710398  40.96
1958-1959       35      0.00181  0.00181  0.50   90426     164   90344  3619890  40.03
1958-1959       36      0.00183  0.00183  0.50   90262     165   90179  3529547  39.10
1958-1959       37      0.00189  0.00188  0.50   90097     170   90012  3439367  38.17
1958-1959       38      0.00215  0.00215  0.50   89927     193   89831  3349355  37.25
1958-1959       39      0.00233  0.00233  0.50   89734     209   89630  3259524  36.32
1958-1959       40      0.00238  0.00237  0.50   89525     212   89419  3169894  35.41
1958-1959       41      0.00255  0.00254  0.50   89313     227   89199  3080475  34.49
1958-1959       42      0.00263  0.00263  0.50   89086     234   88969  2991276  33.58
1958-1959       43      0.00307  0.00307  0.50   88852     273   88715  2902307  32.66
1958-1959       44      0.00309  0.00309  0.50   88579     274   88442  2813592  31.76
1958-1959       45      0.00329  0.00329  0.50   88305     290   88160  2725150  30.86
1958-1959       46      0.00347  0.00347  0.50   88015     305   87862  2636990  29.96
1958-1959       47      0.00397  0.00396  0.50   87710     347   87536  2549127  29.06
1958-1959       48      0.00425  0.00424  0.50   87362     371   87177  2461591  28.18
1958-1959       49      0.00483  0.00482  0.50   86992     419   86782  2374414  27.29
1958-1959       50      0.00492  0.00491  0.50   86572     425   86360  2287632  26.42
1958-1959       51      0.00553  0.00551  0.50   86147     475   85910  2201272  25.55
1958-1959       52      0.00574  0.00572  0.50   85672     490   85427  2115362  24.69
1958-1959       53      0.00637  0.00635  0.50   85182     541   84911  2029935  23.83
1958-1959       54      0.00682  0.00679  0.50   84641     575   84354  1945024  22.98
1958-1959       55      0.00754  0.00752  0.50   84066     632   83750  1860670  22.13
1958-1959       56      0.00819  0.00816  0.50   83434     681   83094  1776920  21.30
1958-1959       57      0.00905  0.00901  0.50   82754     745   82381  1693826  20.47
1958-1959       58      0.00973  0.00968  0.50   82008     794   81611  1611445  19.65
1958-1959       59      0.01154  0.01148  0.50   81214     932   80748  1529834  18.84
1958-1959       60      0.01320  0.01312  0.50   80282    1053   79756  1449086  18.05
1958-1959       61      0.01401  0.01391  0.50   79229    1102   78678  1369330  17.28
1958-1959       62      0.01587  0.01574  0.50   78127    1230   77512  1290652  16.52
1958-1959       63      0.01722  0.01708  0.50   76897    1313   76241  1213139  15.78
1958-1959       64      0.01921  0.01903  0.50   75584    1438   74865  1136898  15.04
1958-1959       65      0.02110  0.02088  0.50   74146    1548   73372  1062033  14.32
1958-1959       66      0.02381  0.02353  0.50   72597    1708   71743   988662  13.62
1958-1959       67      0.02692  0.02656  0.50   70889    1883   69948   916919  12.93
1958-1959       68      0.02968  0.02925  0.50   69006    2018   67997   846971  12.27
1958-1959       69      0.03361  0.03305  0.50   66988    2214   65881   778974  11.63
1958-1959       70      0.03631  0.03566  0.50   64774    2310   63619   713093  11.01
1958-1959       71      0.04261  0.04172  0.50   62464    2606   61161   649473  10.40
1958-1959       72      0.04719  0.04611  0.50   59858    2760   58479   588312   9.83
1958-1959       73      0.05168  0.05038  0.50   57099    2876   55660   529834   9.28
1958-1959       74      0.05623  0.05469  0.50   54222    2966   52739   474173   8.74
1958-1959       75      0.06451  0.06249  0.50   51257    3203   49655   421434   8.22
1958-1959       76      0.07019  0.06781  0.50   48054    3258   46424   371778   7.74
1958-1959       77      0.08010  0.07701  0.50   44795    3450   43070   325354   7.26
1958-1959       78      0.08936  0.08554  0.50   41345    3537   39577   282284   6.83
1958-1959       79      0.09539  0.09105  0.50   37809    3442   36088   242707   6.42
1958-1959       80      0.11070  0.10490  0.50   34366    3605   32564   206619   6.01
1958-1959       81      0.12175  0.11477  0.50   30761    3530   28996   174055   5.66
1958-1959       82      0.13459  0.12610  0.50   27231    3434   25514   145059   5.33
1958-1959       83      0.14600  0.13607  0.50   23797    3238   22178   119545   5.02
1958-1959       84      0.15889  0.14719  0.50   20559    3026   19046    97367   4.74
1958-1959       85      0.17118  0.15768  0.50   17533    2765   16151    78321   4.47
1958-1959       86      0.18048  0.16555  0.50   14768    2445   13546    62170   4.21
1958-1959       87      0.19933  0.18126  0.50   12323    2234   11207    48625   3.95
1958-1959       88      0.21636  0.19524  0.50   10090    1970    9105    37418   3.71
1958-1959       89      0.24601  0.21907  0.50    8120    1779    7230    28313   3.49
1958-1959       90      0.24739  0.22016  0.50    6341    1396    5643    21083   3.32
1958-1959       91      0.27425  0.24118  0.50    4945    1193    4349    15440   3.12
1958-1959       92      0.30594  0.26535  0.50    3752     996    3255    11091   2.96
1958-1959       93      0.31288  0.27055  0.50    2757     746    2384     7836   2.84
1958-1959       94      0.30231  0.26261  0.50    2011     528    1747     5453   2.71
1958-1959       95      0.35837  0.30391  0.50    1483     451    1257     3706   2.50
1958-1959       96      0.38154  0.32041  0.50    1032     331     867     2448   2.37
1958-1959       97      0.40526  0.33698  0.50     701     236     583     1582   2.25
1958-1959       98      0.42943  0.35352  0.50     465     164     383      998   2.15
1958-1959       99      0.45394  0.36997  0.50     301     111     245      615   2.05
1958-1959      100      0.47868  0.38623  0.50     189      73     153      370   1.96
1958-1959      101      0.50352  0.40225  0.50     116      47      93      218   1.87
1958-1959      102      0.52834  0.41794  0.50      69      29      55      125   1.79
1958-1959      103      0.55303  0.43323  0.50      40      18      32       70   1.72
1958-1959      104      0.57745  0.44808  0.50      23      10      18       38   1.66
1958-1959      105      0.60151  0.46243  0.50      13       6      10       20   1.60
1958-1959      106      0.62508  0.47624  0.50       7       3       5       11   1.55
1958-1959      107      0.64807  0.48947  0.50       4       2       3        5   1.50
1958-1959      108      0.67040  0.50210  0.50       2       1       1        3   1.46
1958-1959      109      0.69199  0.51411  0.50       1       0       1        1   1.42
1958-1959      110+     0.71276  1.00000  1.40       0       0       1        1   1.40
1960-1969        0      0.04023  0.03898  0.20  100000    3898   96892  7189820  71.90
1960-1969        1      0.00266  0.00265  0.50   96102     255   95974  7092928  73.81
1960-1969        2      0.00119  0.00119  0.50   95847     114   95790  6996954  73.00
1960-1969        3      0.00078  0.00078  0.50   95733      75   95695  6901164  72.09
1960-1969        4      0.00062  0.00062  0.50   95657      59   95628  6805469  71.14
1960-1969        5      0.00051  0.00051  0.50   95598      49   95574  6709842  70.19
1960-1969        6      0.00043  0.00043  0.50   95549      41   95529  6614268  69.22
1960-1969        7      0.00038  0.00038  0.50   95508      36   95490  6518739  68.25
1960-1969        8      0.00035  0.00035  0.50   95471      33   95455  6423250  67.28
1960-1969        9      0.00031  0.00031  0.50   95438      30   95423  6327795  66.30
1960-1969       10      0.00028  0.00028  0.50   95408      27   95395  6232372  65.32
1960-1969       11      0.00029  0.00029  0.50   95381      27   95367  6136977  64.34
1960-1969       12      0.00029  0.00029  0.50   95354      28   95340  6041610  63.36
1960-1969       13      0.00031  0.00031  0.50   95326      30   95311  5946270  62.38
1960-1969       14      0.00038  0.00038  0.50   95296      36   95278  5850958  61.40
1960-1969       15      0.00040  0.00040  0.50   95261      38   95241  5755680  60.42
1960-1969       16      0.00042  0.00042  0.50   95222      40   95202  5660439  59.44
1960-1969       17      0.00046  0.00046  0.50   95182      44   95160  5565237  58.47
1960-1969       18      0.00051  0.00051  0.50   95138      49   95113  5470077  57.50
1960-1969       19      0.00059  0.00059  0.50   95089      57   95061  5374963  56.53
1960-1969       20      0.00063  0.00063  0.50   95033      60   95003  5279902  55.56
1960-1969       21      0.00066  0.00066  0.50   94972      63   94941  5184900  54.59
1960-1969       22      0.00068  0.00068  0.50   94909      64   94877  5089959  53.63
1960-1969       23      0.00067  0.00067  0.50   94845      64   94813  4995082  52.67
1960-1969       24      0.00076  0.00076  0.50   94781      72   94746  4900268  51.70
1960-1969       25      0.00079  0.00079  0.50   94710      74   94673  4805523  50.74
1960-1969       26      0.00075  0.00075  0.50   94635      71   94600  4710850  49.78
1960-1969       27      0.00086  0.00086  0.50   94564      81   94523  4616250  48.82
1960-1969       28      0.00093  0.00093  0.50   94483      88   94439  4521727  47.86
1960-1969       29      0.00096  0.00096  0.50   94395      90   94350  4427288  46.90
1960-1969       30      0.00101  0.00101  0.50   94305      95   94258  4332937  45.95
1960-1969       31      0.00105  0.00105  0.50   94210      99   94161  4238680  44.99
1960-1969       32      0.00112  0.00112  0.50   94111     105   94058  4144519  44.04
1960-1969       33      0.00121  0.00121  0.50   94006     114   93949  4050461  43.09
1960-1969       34      0.00128  0.00128  0.50   93892     120   93832  3956512  42.14
1960-1969       35      0.00138  0.00138  0.50   93772     129   93707  3862680  41.19
1960-1969       36      0.00149  0.00149  0.50   93643     139   93573  3768973  40.25
1960-1969       37      0.00157  0.00157  0.50   93503     147   93430  3675400  39.31
1960-1969       38      0.00174  0.00174  0.50   93356     162   93275  3581970  38.37
1960-1969       39      0.00185  0.00185  0.50   93194     173   93108  3488694  37.43
1960-1969       40      0.00203  0.00203  0.50   93022     189   92927  3395586  36.50
1960-1969       41      0.00212  0.00211  0.50   92833     196   92735  3302659  35.58
1960-1969       42      0.00225  0.00225  0.50   92636     208   92532  3209925  34.65
1960-1969       43      0.00247  0.00246  0.50   92428     228   92314  3117392  33.73
1960-1969       44      0.00273  0.00272  0.50   92200     251   92075  3025078  32.81
1960-1969       45      0.00298  0.00298  0.50   91949     274   91812  2933003  31.90
1960-1969       46      0.00322  0.00322  0.50   91676     295   91528  2841191  30.99
1960-1969       47      0.00359  0.00358  0.50   91381     327   91217  2749663  30.09
1960-1969       48      0.00377  0.00377  0.50   91053     343   90882  2658446  29.20
1960-1969       49      0.00422  0.00421  0.50   90711     382   90520  2567564  28.31
1960-1969       50      0.00450  0.00449  0.50   90329     406   90126  2477045  27.42
1960-1969       51      0.00491  0.00490  0.50   89923     441   89702  2386919  26.54
1960-1969       52      0.00538  0.00537  0.50   89482     480   89242  2297216  25.67
1960-1969       53      0.00573  0.00572  0.50   89002     509   88747  2207974  24.81
1960-1969       54      0.00624  0.00622  0.50   88493     550   88218  2119227  23.95
1960-1969       55      0.00681  0.00678  0.50   87943     597   87644  2031009  23.09
1960-1969       56      0.00724  0.00721  0.50   87346     630   87031  1943365  22.25
1960-1969       57      0.00805  0.00802  0.50   86716     696   86368  1856333  21.41
1960-1969       58      0.00866  0.00863  0.50   86021     742   85649  1769965  20.58
1960-1969       59      0.00979  0.00975  0.50   85278     831   84863  1684316  19.75
1960-1969       60      0.01110  0.01104  0.50   84447     933   83981  1599453  18.94
1960-1969       61      0.01196  0.01189  0.50   83515     993   83018  1515472  18.15
1960-1969       62      0.01317  0.01308  0.50   82522    1079   81982  1432453  17.36
1960-1969       63      0.01480  0.01469  0.50   81443    1197   80844  1350471  16.58
1960-1969       64      0.01634  0.01621  0.50   80246    1300   79596  1269627  15.82
1960-1969       65      0.01864  0.01847  0.50   78946    1458   78216  1190031  15.07
1960-1969       66      0.02072  0.02051  0.50   77487    1589   76693  1111814  14.35
1960-1969       67      0.02348  0.02321  0.50   75898    1761   75017  1035122  13.64
1960-1969       68      0.02601  0.02567  0.50   74137    1903   73185   960104  12.95
1960-1969       69      0.02955  0.02912  0.50   72233    2104   71182   886919  12.28
1960-1969       70      0.03312  0.03258  0.50   70130    2285   68987   815738  11.63
1960-1969       71      0.03704  0.03636  0.50   67845    2467   66611   746751  11.01
1960-1969       72      0.04096  0.04014  0.50   65378    2624   64066   680139  10.40
1960-1969       73      0.04620  0.04516  0.50   62754    2834   61337   616074   9.82
1960-1969       74      0.05141  0.05012  0.50   59920    3003   58418   554737   9.26
1960-1969       75      0.05687  0.05530  0.50   56916    3148   55343   496319   8.72
1960-1969       76      0.06339  0.06144  0.50   53769    3303   52117   440976   8.20
1960-1969       77      0.07062  0.06821  0.50   50465    3442   48744   388859   7.71
1960-1969       78      0.07872  0.07574  0.50   47023    3561   45243   340115   7.23
1960-1969       79      0.08706  0.08343  0.50   43462    3626   41649   294872   6.78
1960-1969       80      0.09819  0.09360  0.50   39836    3729   37972   253223   6.36
1960-1969       81      0.10914  0.10350  0.50   36108    3737   34239   215251   5.96
1960-1969       82      0.12053  0.11368  0.50   32371    3680   30531   181012   5.59
1960-1969       83      0.13196  0.12379  0.50   28691    3552   26915   150482   5.24
1960-1969       84      0.14523  0.13540  0.50   25139    3404   23437   123567   4.92
1960-1969       85      0.15945  0.14768  0.50   21735    3210   20130   100129   4.61
1960-1969       86      0.17747  0.16300  0.50   18526    3020   17016    79999   4.32
1960-1969       87      0.19256  0.17565  0.50   15506    2724   14144    62983   4.06
1960-1969       88      0.20837  0.18871  0.50   12782    2412   11576    48839   3.82
1960-1969       89      0.22671  0.20363  0.50   10370    2112    9314    37263   3.59
1960-1969       90      0.24781  0.22049  0.50    8259    1821    7348    27949   3.38
1960-1969       91      0.26198  0.23164  0.50    6438    1491    5692    20601   3.20
1960-1969       92      0.27972  0.24540  0.50    4946    1214    4339    14909   3.01
1960-1969       93      0.30966  0.26814  0.50    3733    1001    3232    10569   2.83
1960-1969       94      0.31893  0.27507  0.50    2732     751    2356     7337   2.69
1960-1969       95      0.35306  0.30009  0.50    1980     594    1683     4981   2.52
1960-1969       96      0.37770  0.31770  0.50    1386     440    1166     3298   2.38
1960-1969       97      0.40299  0.33540  0.50     946     317     787     2132   2.25
1960-1969       98      0.42880  0.35310  0.50     629     222     518     1345   2.14
1960-1969       99      0.45501  0.37068  0.50     407     151     331      827   2.03
1960-1969      100      0.48146  0.38805  0.50     256      99     206      496   1.94
1960-1969      101      0.50803  0.40512  0.50     157      63     125      290   1.85
1960-1969      102      0.53454  0.42181  0.50      93      39      74      165   1.77
1960-1969      103      0.56087  0.43803  0.50      54      24      42       91   1.70
1960-1969      104      0.58685  0.45372  0.50      30      14      23       49   1.63
1960-1969      105      0.61236  0.46882  0.50      17       8      13       26   1.57
1960-1969      106      0.63727  0.48328  0.50       9       4       7       13   1.52
1960-1969      107      0.66146  0.49707  0.50       5       2       3        7   1.47
1960-1969      108      0.68484  0.51015  0.50       2       1       2        3   1.43
1960-1969      109      0.70732  0.52252  0.50       1       1       1        2   1.39
1960-1969      110+     0.72883  1.00000  1.37       1       1       1        1   1.37
1970-1979        0      0.02637  0.02579  0.15  100000    2579   97805  7402653  74.03
1970-1979        1      0.00136  0.00135  0.50   97421     132   97355  7304848  74.98
1970-1979        2      0.00072  0.00072  0.50   97289      70   97254  7207493  74.08
1970-1979        3      0.00055  0.00055  0.50   97219      53   97192  7110239  73.14
1970-1979        4      0.00046  0.00046  0.50   97166      45   97143  7013047  72.18
1970-1979        5      0.00039  0.00039  0.50   97121      38   97102  6915904  71.21
1970-1979        6      0.00036  0.00036  0.50   97083      35   97065  6818802  70.24
1970-1979        7      0.00034  0.00034  0.50   97048      33   97031  6721737  69.26
1970-1979        8      0.00033  0.00033  0.50   97015      32   96999  6624705  68.29
1970-1979        9      0.00027  0.00027  0.50   96983      26   96970  6527706  67.31
1970-1979       10      0.00026  0.00026  0.50   96957      25   96944  6430736  66.33
1970-1979       11      0.00023  0.00023  0.50   96932      23   96921  6333792  65.34
1970-1979       12      0.00026  0.00026  0.50   96909      25   96897  6236871  64.36
1970-1979       13      0.00027  0.00027  0.50   96885      26   96872  6139974  63.37
1970-1979       14      0.00030  0.00030  0.50   96859      29   96844  6043103  62.39
1970-1979       15      0.00035  0.00035  0.50   96829      34   96812  5946259  61.41
1970-1979       16      0.00037  0.00037  0.50   96795      36   96777  5849446  60.43
1970-1979       17      0.00043  0.00043  0.50   96759      42   96739  5752669  59.45
1970-1979       18      0.00047  0.00047  0.50   96718      45   96695  5655931  58.48
1970-1979       19      0.00048  0.00048  0.50   96672      46   96649  5559236  57.51
1970-1979       20      0.00048  0.00048  0.50   96626      47   96603  5462586  56.53
1970-1979       21      0.00050  0.00050  0.50   96579      48   96555  5365984  55.56
1970-1979       22      0.00049  0.00049  0.50   96531      47   96507  5269428  54.59
1970-1979       23      0.00051  0.00051  0.50   96484      50   96459  5172921  53.61
1970-1979       24      0.00055  0.00055  0.50   96434      53   96407  5076463  52.64
1970-1979       25      0.00056  0.00056  0.50   96381      54   96354  4980055  51.67
1970-1979       26      0.00060  0.00060  0.50   96327      57   96299  4883701  50.70
1970-1979       27      0.00062  0.00062  0.50   96270      60   96240  4787402  49.73
1970-1979       28      0.00065  0.00065  0.50   96210      62   96179  4691163  48.76
1970-1979       29      0.00068  0.00068  0.50   96148      65   96115  4594984  47.79
1970-1979       30      0.00073  0.00073  0.50   96082      70   96047  4498869  46.82
1970-1979       31      0.00083  0.00083  0.50   96012      79   95973  4402821  45.86
1970-1979       32      0.00085  0.00085  0.50   95933      82   95892  4306849  44.89
1970-1979       33      0.00096  0.00096  0.50   95851      92   95805  4210957  43.93
1970-1979       34      0.00101  0.00101  0.50   95759      97   95710  4115152  42.97
1970-1979       35      0.00108  0.00108  0.50   95662     103   95610  4019442  42.02
1970-1979       36      0.00118  0.00118  0.50   95559     113   95502  3923831  41.06
1970-1979       37      0.00123  0.00123  0.50   95446     117   95387  3828329  40.11
1970-1979       38      0.00138  0.00138  0.50   95328     131   95263  3732942  39.16
1970-1979       39      0.00155  0.00155  0.50   95197     148   95123  3637679  38.21
1970-1979       40      0.00167  0.00166  0.50   95049     158   94970  3542556  37.27
1970-1979       41      0.00185  0.00185  0.50   94891     175   94803  3447586  36.33
1970-1979       42      0.00195  0.00195  0.50   94716     185   94623  3352783  35.40
1970-1979       43      0.00220  0.00220  0.50   94531     208   94427  3258159  34.47
1970-1979       44      0.00241  0.00241  0.50   94323     227   94209  3163732  33.54
1970-1979       45      0.00261  0.00261  0.50   94096     245   93973  3069523  32.62
1970-1979       46      0.00289  0.00288  0.50   93851     270   93716  2975549  31.71
1970-1979       47      0.00316  0.00315  0.50   93580     295   93433  2881834  30.80
1970-1979       48      0.00349  0.00348  0.50   93285     325   93123  2788401  29.89
1970-1979       49      0.00387  0.00386  0.50   92960     359   92781  2695278  28.99
1970-1979       50      0.00418  0.00417  0.50   92601     387   92408  2602497  28.10
1970-1979       51      0.00455  0.00454  0.50   92215     419   92005  2510089  27.22
1970-1979       52      0.00496  0.00495  0.50   91796     455   91569  2418084  26.34
1970-1979       53      0.00542  0.00540  0.50   91342     493   91095  2326515  25.47
1970-1979       54      0.00580  0.00578  0.50   90848     525   90585  2235420  24.61
1970-1979       55      0.00638  0.00636  0.50   90323     575   90035  2144835  23.75
1970-1979       56      0.00682  0.00680  0.50   89748     610   89443  2054799  22.90
1970-1979       57      0.00761  0.00758  0.50   89138     675   88800  1965357  22.05
1970-1979       58      0.00838  0.00834  0.50   88462     738   88093  1876557  21.21
1970-1979       59      0.00908  0.00903  0.50   87724     793   87328  1788464  20.39
1970-1979       60      0.01024  0.01019  0.50   86931     886   86489  1701136  19.57
1970-1979       61      0.01091  0.01085  0.50   86046     933   85579  1614648  18.77
1970-1979       62      0.01202  0.01195  0.50   85112    1017   84604  1529069  17.97
1970-1979       63      0.01338  0.01329  0.50   84095    1117   83537  1444465  17.18
1970-1979       64      0.01461  0.01451  0.50   82978    1204   82376  1360928  16.40
1970-1979       65      0.01624  0.01611  0.50   81774    1317   81116  1278552  15.64
1970-1979       66      0.01795  0.01779  0.50   80457    1432   79741  1197436  14.88
1970-1979       67      0.02033  0.02013  0.50   79025    1591   78230  1117695  14.14
1970-1979       68      0.02310  0.02283  0.50   77434    1768   76550  1039465  13.42
1970-1979       69      0.02584  0.02551  0.50   75666    1930   74701   962915  12.73
1970-1979       70      0.02941  0.02898  0.50   73736    2137   72668   888214  12.05
1970-1979       71      0.03279  0.03226  0.50   71599    2310   70444   815546  11.39
1970-1979       72      0.03654  0.03588  0.50   69290    2486   68046   745102  10.75
1970-1979       73      0.04140  0.04056  0.50   66803    2710   65448   677055  10.14
1970-1979       74      0.04693  0.04586  0.50   64094    2939   62624   611607   9.54
1970-1979       75      0.05236  0.05102  0.50   61154    3120   59594   548983   8.98
1970-1979       76      0.05889  0.05721  0.50   58034    3320   56374   489389   8.43
1970-1979       77      0.06657  0.06443  0.50   54714    3525   52952   433014   7.91
1970-1979       78      0.07464  0.07195  0.50   51189    3683   49347   380063   7.42
1970-1979       79      0.08438  0.08097  0.50   47506    3846   45583   330715   6.96
1970-1979       80      0.09216  0.08810  0.50   43659    3846   41736   285133   6.53
1970-1979       81      0.10272  0.09770  0.50   39813    3890   37868   243397   6.11
1970-1979       82      0.11341  0.10732  0.50   35923    3855   33996   205529   5.72
1970-1979       83      0.12694  0.11936  0.50   32068    3828   30154   171533   5.35
1970-1979       84      0.14046  0.13124  0.50   28240    3706   26387   141379   5.01
1970-1979       85      0.15300  0.14213  0.50   24534    3487   22790   114992   4.69
1970-1979       86      0.17157  0.15802  0.50   21047    3326   19384    92202   4.38
1970-1979       87      0.18901  0.17269  0.50   17721    3060   16191    72817   4.11
1970-1979       88      0.20192  0.18340  0.50   14661    2689   13317    56626   3.86
1970-1979       89      0.22078  0.19883  0.50   11972    2380   10782    43310   3.62
1970-1979       90      0.24257  0.21634  0.50    9592    2075    8554    32528   3.39
1970-1979       91      0.26126  0.23108  0.50    7517    1737    6648    23974   3.19
1970-1979       92      0.28387  0.24859  0.50    5780    1437    5061    17326   3.00
1970-1979       93      0.30241  0.26269  0.50    4343    1141    3773    12264   2.82
1970-1979       94      0.32457  0.27925  0.50    3202     894    2755     8492   2.65
1970-1979       95      0.35613  0.30230  0.50    2308     698    1959     5737   2.49
1970-1979       96      0.38219  0.32087  0.50    1610     517    1352     3778   2.35
1970-1979       97      0.40895  0.33953  0.50    1094     371     908     2426   2.22
1970-1979       98      0.43626  0.35814  0.50     722     259     593     1518   2.10
1970-1979       99      0.46396  0.37660  0.50     464     175     376      925   1.99
1970-1979      100      0.49189  0.39479  0.50     289     114     232      548   1.90
1970-1979      101      0.51986  0.41261  0.50     175      72     139      317   1.81
1970-1979      102      0.54771  0.42997  0.50     103      44      81      178   1.73
1970-1979      103      0.57527  0.44677  0.50      59      26      45       97   1.66
1970-1979      104      0.60237  0.46294  0.50      32      15      25       52   1.59
1970-1979      105      0.62885  0.47842  0.50      17       8      13       27   1.53
1970-1979      106      0.65458  0.49317  0.50       9       4       7       13   1.48
1970-1979      107      0.67944  0.50715  0.50       5       2       3        7   1.43
1970-1979      108      0.70332  0.52034  0.50       2       1       2        3   1.39
1970-1979      109      0.72613  0.53272  0.50       1       1       1        1   1.36
1970-1979      110+     0.74782  1.00000  1.34       1       1       1        1   1.34
1980-1989        0      0.01983  0.01949  0.12  100000    1949   98292  7483891  74.84
1980-1989        1      0.00105  0.00105  0.50   98051     103   98000  7385599  75.32
1980-1989        2      0.00055  0.00055  0.50   97948      54   97921  7287599  74.40
1980-1989        3      0.00039  0.00039  0.50   97894      39   97875  7189678  73.44
1980-1989        4      0.00031  0.00031  0.50   97855      31   97840  7091803  72.47
1980-1989        5      0.00028  0.00028  0.50   97825      28   97811  6993963  71.49
1980-1989        6      0.00028  0.00028  0.50   97797      27   97784  6896152  70.51
1980-1989        7      0.00025  0.00025  0.50   97770      24   97758  6798368  69.53
1980-1989        8      0.00025  0.00025  0.50   97746      24   97734  6700610  68.55
1980-1989        9      0.00022  0.00022  0.50   97722      21   97711  6602876  67.57
1980-1989       10      0.00020  0.00020  0.50   97701      20   97691  6505165  66.58
1980-1989       11      0.00020  0.00020  0.50   97681      19   97671  6407474  65.60
1980-1989       12      0.00022  0.00022  0.50   97661      21   97651  6309803  64.61
1980-1989       13      0.00021  0.00021  0.50   97640      20   97630  6212152  63.62
1980-1989       14      0.00024  0.00024  0.50   97620      23   97608  6114522  62.64
1980-1989       15      0.00029  0.00029  0.50   97597      29   97582  6016914  61.65
1980-1989       16      0.00031  0.00031  0.50   97568      31   97553  5919332  60.67
1980-1989       17      0.00036  0.00036  0.50   97537      35   97520  5821779  59.69
1980-1989       18      0.00039  0.00039  0.50   97502      38   97483  5724259  58.71
1980-1989       19      0.00040  0.00040  0.50   97464      39   97445  5626776  57.73
1980-1989       20      0.00039  0.00039  0.50   97425      38   97406  5529331  56.75
1980-1989       21      0.00042  0.00042  0.50   97387      41   97367  5431925  55.78
1980-1989       22      0.00045  0.00045  0.50   97346      44   97325  5334558  54.80
1980-1989       23      0.00043  0.00043  0.50   97303      42   97282  5237234  53.82
1980-1989       24      0.00046  0.00046  0.50   97261      45   97239  5139952  52.85
1980-1989       25      0.00050  0.00050  0.50   97216      49   97192  5042713  51.87
1980-1989       26      0.00050  0.00049  0.50   97167      48   97143  4945521  50.90
1980-1989       27      0.00055  0.00055  0.50   97119      53   97093  4848378  49.92
1980-1989       28      0.00057  0.00057  0.50   97066      56   97039  4751285  48.95
1980-1989       29      0.00064  0.00064  0.50   97011      62   96980  4654246  47.98
1980-1989       30      0.00069  0.00069  0.50   96949      67   96915  4557267  47.01
1980-1989       31      0.00074  0.00074  0.50   96882      71   96846  4460351  46.04
1980-1989       32      0.00079  0.00079  0.50   96810      76   96772  4363505  45.07
1980-1989       33      0.00085  0.00085  0.50   96734      83   96693  4266734  44.11
1980-1989       34      0.00095  0.00095  0.50   96651      92   96605  4170041  43.15
1980-1989       35      0.00103  0.00103  0.50   96560     100   96510  4073436  42.19
1980-1989       36      0.00118  0.00118  0.50   96460     113   96403  3976926  41.23
1980-1989       37      0.00127  0.00126  0.50   96346     122   96285  3880523  40.28
1980-1989       38      0.00139  0.00139  0.50   96224     133   96158  3784238  39.33
1980-1989       39      0.00156  0.00156  0.50   96091     150   96016  3688080  38.38
1980-1989       40      0.00172  0.00172  0.50   95941     165   95859  3592064  37.44
1980-1989       41      0.00186  0.00185  0.50   95776     178   95687  3496205  36.50
1980-1989       42      0.00204  0.00204  0.50   95599     195   95501  3400518  35.57
1980-1989       43      0.00222  0.00222  0.50   95404     212   95298  3305016  34.64
1980-1989       44      0.00244  0.00244  0.50   95192     232   95076  3209718  33.72
1980-1989       45      0.00270  0.00269  0.50   94960     256   94832  3114642  32.80
1980-1989       46      0.00294  0.00294  0.50   94704     278   94565  3019810  31.89
1980-1989       47      0.00317  0.00316  0.50   94426     299   94277  2925244  30.98
1980-1989       48      0.00349  0.00349  0.50   94128     328   93964  2830967  30.08
1980-1989       49      0.00384  0.00383  0.50   93800     359   93620  2737004  29.18
1980-1989       50      0.00423  0.00422  0.50   93440     395   93243  2643384  28.29
1980-1989       51      0.00466  0.00465  0.50   93046     433   92830  2550140  27.41
1980-1989       52      0.00503  0.00501  0.50   92613     464   92381  2457311  26.53
1980-1989       53      0.00548  0.00547  0.50   92149     504   91897  2364930  25.66
1980-1989       54      0.00593  0.00591  0.50   91645     542   91374  2273033  24.80
1980-1989       55      0.00647  0.00645  0.50   91103     588   90809  2181659  23.95
1980-1989       56      0.00720  0.00717  0.50   90515     649   90191  2090849  23.10
1980-1989       57      0.00777  0.00774  0.50   89866     695   89518  2000659  22.26
1980-1989       58      0.00868  0.00864  0.50   89171     771   88785  1911140  21.43
1980-1989       59      0.00954  0.00949  0.50   88400     839   87980  1822355  20.61
1980-1989       60      0.01052  0.01047  0.50   87561     916   87103  1734375  19.81
1980-1989       61      0.01155  0.01149  0.50   86644     995   86147  1647272  19.01
1980-1989       62      0.01254  0.01246  0.50   85649    1067   85115  1561125  18.23
1980-1989       63      0.01393  0.01384  0.50   84582    1170   83997  1476010  17.45
1980-1989       64      0.01517  0.01505  0.50   83412    1255   82784  1392013  16.69
1980-1989       65      0.01679  0.01665  0.50   82156    1368   81472  1309229  15.94
1980-1989       66      0.01840  0.01824  0.50   80788    1473   80051  1227757  15.20
1980-1989       67      0.02042  0.02021  0.50   79315    1603   78513  1147706  14.47
1980-1989       68      0.02231  0.02206  0.50   77712    1714   76854  1069193  13.76
1980-1989       69      0.02513  0.02482  0.50   75997    1886   75054   992339  13.06
1980-1989       70      0.02742  0.02705  0.50   74111    2005   73109   917284  12.38
1980-1989       71      0.03097  0.03050  0.50   72107    2199   71007   844175  11.71
1980-1989       72      0.03444  0.03386  0.50   69908    2367   68724   773168  11.06
1980-1989       73      0.03878  0.03805  0.50   67541    2570   66256   704444  10.43
1980-1989       74      0.04341  0.04249  0.50   64971    2761   63591   638189   9.82
1980-1989       75      0.04888  0.04771  0.50   62210    2968   60726   574598   9.24
1980-1989       76      0.05467  0.05321  0.50   59242    3152   57666   513872   8.67
1980-1989       77      0.06122  0.05940  0.50   56090    3332   54424   456206   8.13
1980-1989       78      0.06861  0.06633  0.50   52758    3500   51008   401782   7.62
1980-1989       79      0.07740  0.07452  0.50   49258    3671   47423   350774   7.12
1980-1989       80      0.08802  0.08431  0.50   45588    3844   43666   303351   6.65
1980-1989       81      0.09742  0.09289  0.50   41744    3878   39805   259685   6.22
1980-1989       82      0.10931  0.10364  0.50   37866    3925   35904   219880   5.81
1980-1989       83      0.12121  0.11429  0.50   33942    3879   32002   183976   5.42
1980-1989       84      0.13725  0.12843  0.50   30063    3861   28132   151973   5.06
1980-1989       85      0.15133  0.14069  0.50   26202    3686   24359   123841   4.73
1980-1989       86      0.16569  0.15302  0.50   22515    3445   20793    99483   4.42
1980-1989       87      0.18448  0.16890  0.50   19070    3221   17460    78690   4.13
1980-1989       88      0.20232  0.18374  0.50   15849    2912   14393    61230   3.86
1980-1989       89      0.22133  0.19928  0.50   12937    2578   11648    46837   3.62
1980-1989       90      0.24097  0.21506  0.50   10359    2228    9245    35189   3.40
1980-1989       91      0.26170  0.23142  0.50    8131    1882    7190    25944   3.19
1980-1989       92      0.28146  0.24674  0.50    6249    1542    5478    18754   3.00
1980-1989       93      0.30303  0.26316  0.50    4707    1239    4088    13275   2.82
1980-1989       94      0.31980  0.27572  0.50    3469     956    2991     9187   2.65
1980-1989       95      0.35809  0.30371  0.50    2512     763    2131     6197   2.47
1980-1989       96      0.38516  0.32296  0.50    1749     565    1467     4066   2.32
1980-1989       97      0.41295  0.34228  0.50    1184     405     982     2599   2.19
1980-1989       98      0.44131  0.36153  0.50     779     282     638     1617   2.08
1980-1989       99      0.47006  0.38060  0.50     497     189     403      979   1.97
1980-1989      100      0.49900  0.39936  0.50     308     123     247      576   1.87
1980-1989      101      0.52796  0.41770  0.50     185      77     146      330   1.78
1980-1989      102      0.55673  0.43550  0.50     108      47      84      183   1.70
1980-1989      103      0.58512  0.45268  0.50      61      28      47       99   1.63
1980-1989      104      0.61296  0.46917  0.50      33      16      25       52   1.57
1980-1989      105      0.64008  0.48489  0.50      18       9      13       27   1.51
1980-1989      106      0.66633  0.49981  0.50       9       5       7       13   1.45
1980-1989      107      0.69159  0.51389  0.50       5       2       3        6   1.41
1980-1989      108      0.71576  0.52711  0.50       2       1       2        3   1.37
1980-1989      109      0.73874  0.53948  0.50       1       1       1        1   1.34
1980-1989      110+     0.76049  1.00000  1.31       0       0       1        1   1.31
1990-1999        0      0.01285  0.01271  0.12  100000    1271   98885  7621205  76.21
1990-1999        1      0.00071  0.00071  0.50   98729      70   98695  7522320  76.19
1990-1999        2      0.00041  0.00041  0.50   98660      41   98639  7423626  75.24
1990-1999        3      0.00030  0.00030  0.50   98619      30   98604  7324986  74.28
1990-1999        4      0.00026  0.00026  0.50   98589      26   98576  7226382  73.30
1990-1999        5      0.00022  0.00022  0.50   98563      22   98552  7127806  72.32
1990-1999        6      0.00021  0.00021  0.50   98542      21   98531  7029254  71.33
1990-1999        7      0.00019  0.00019  0.50   98521      19   98511  6930723  70.35
1990-1999        8      0.00019  0.00019  0.50   98502      19   98493  6832212  69.36
1990-1999        9      0.00017  0.00017  0.50   98483      16   98475  6733719  68.37
1990-1999       10      0.00017  0.00017  0.50   98467      17   98459  6635244  67.39
1990-1999       11      0.00016  0.00016  0.50   98450      16   98443  6536785  66.40
1990-1999       12      0.00016  0.00016  0.50   98435      16   98427  6438342  65.41
1990-1999       13      0.00018  0.00018  0.50   98419      17   98410  6339916  64.42
1990-1999       14      0.00021  0.00021  0.50   98402      21   98391  6241505  63.43
1990-1999       15      0.00028  0.00028  0.50   98380      27   98367  6143114  62.44
1990-1999       16      0.00032  0.00032  0.50   98353      31   98338  6044747  61.46
1990-1999       17      0.00034  0.00034  0.50   98322      34   98305  5946410  60.48
1990-1999       18      0.00037  0.00037  0.50   98288      36   98271  5848104  59.50
1990-1999       19      0.00038  0.00038  0.50   98253      38   98234  5749834  58.52
1990-1999       20      0.00034  0.00034  0.50   98215      33   98198  5651600  57.54
1990-1999       21      0.00036  0.00036  0.50   98182      35   98164  5553402  56.56
1990-1999       22      0.00036  0.00036  0.50   98147      36   98129  5455237  55.58
1990-1999       23      0.00035  0.00035  0.50   98111      35   98094  5357109  54.60
1990-1999       24      0.00037  0.00037  0.50   98076      36   98058  5259015  53.62
1990-1999       25      0.00036  0.00036  0.50   98040      35   98023  5160957  52.64
1990-1999       26      0.00041  0.00041  0.50   98005      40   97985  5062934  51.66
1990-1999       27      0.00043  0.00043  0.50   97965      42   97944  4964950  50.68
1990-1999       28      0.00049  0.00049  0.50   97922      48   97899  4867006  49.70
1990-1999       29      0.00048  0.00048  0.50   97875      47   97851  4769107  48.73
1990-1999       30      0.00055  0.00055  0.50   97827      54   97800  4671256  47.75
1990-1999       31      0.00059  0.00059  0.50   97774      58   97745  4573456  46.78
1990-1999       32      0.00066  0.00066  0.50   97716      65   97683  4475711  45.80
1990-1999       33      0.00073  0.00073  0.50   97651      72   97615  4378028  44.83
1990-1999       34      0.00084  0.00084  0.50   97579      82   97538  4280413  43.87
1990-1999       35      0.00092  0.00092  0.50   97497      90   97452  4182875  42.90
1990-1999       36      0.00106  0.00106  0.50   97407     103   97356  4085423  41.94
1990-1999       37      0.00115  0.00115  0.50   97304     112   97248  3988068  40.99
1990-1999       38      0.00129  0.00128  0.50   97192     125   97130  3890819  40.03
1990-1999       39      0.00143  0.00143  0.50   97067     139   96998  3793690  39.08
1990-1999       40      0.00163  0.00163  0.50   96929     158   96849  3696691  38.14
1990-1999       41      0.00180  0.00179  0.50   96770     174   96683  3599842  37.20
1990-1999       42      0.00199  0.00199  0.50   96597     192   96500  3503159  36.27
1990-1999       43      0.00220  0.00220  0.50   96404     212   96298  3406658  35.34
1990-1999       44      0.00244  0.00244  0.50   96192     234   96075  3310360  34.41
1990-1999       45      0.00263  0.00263  0.50   95958     252   95832  3214285  33.50
1990-1999       46      0.00289  0.00288  0.50   95706     276   95568  3118453  32.58
1990-1999       47      0.00312  0.00312  0.50   95430     297   95281  3022885  31.68
1990-1999       48      0.00339  0.00339  0.50   95133     322   94971  2927604  30.77
1990-1999       49      0.00382  0.00381  0.50   94810     361   94630  2832632  29.88
1990-1999       50      0.00407  0.00406  0.50   94449     384   94257  2738003  28.99
1990-1999       51      0.00440  0.00439  0.50   94065     413   93859  2643745  28.11
1990-1999       52      0.00478  0.00476  0.50   93653     446   93429  2549886  27.23
1990-1999       53      0.00508  0.00507  0.50   93206     473   92970  2456457  26.36
1990-1999       54      0.00540  0.00538  0.50   92734     499   92484  2363487  25.49
1990-1999       55      0.00603  0.00602  0.50   92235     555   91957  2271003  24.62
1990-1999       56      0.00661  0.00658  0.50   91680     604   91378  2179046  23.77
1990-1999       57      0.00704  0.00701  0.50   91076     639   90757  2087668  22.92
1990-1999       58      0.00761  0.00758  0.50   90437     686   90094  1996911  22.08
1990-1999       59      0.00845  0.00841  0.50   89752     755   89374  1906817  21.25
1990-1999       60      0.00947  0.00942  0.50   88997     839   88577  1817442  20.42
1990-1999       61      0.01020  0.01015  0.50   88158     895   87711  1728865  19.61
1990-1999       62      0.01145  0.01138  0.50   87263     993   86767  1641155  18.81
1990-1999       63      0.01238  0.01230  0.50   86270    1061   85739  1554388  18.02
1990-1999       64      0.01388  0.01379  0.50   85208    1175   84621  1468649  17.24
1990-1999       65      0.01525  0.01513  0.50   84034    1272   83398  1384028  16.47
1990-1999       66      0.01715  0.01700  0.50   82762    1407   82059  1300630  15.72
1990-1999       67      0.01885  0.01867  0.50   81355    1519   80595  1218571  14.98
1990-1999       68      0.02086  0.02065  0.50   79836    1648   79011  1137976  14.25
1990-1999       69      0.02307  0.02280  0.50   78187    1783   77296  1058965  13.54
1990-1999       70      0.02591  0.02558  0.50   76404    1954   75427   981669  12.85
1990-1999       71      0.02868  0.02827  0.50   74450    2105   73398   906242  12.17
1990-1999       72      0.03187  0.03137  0.50   72345    2269   71211   832844  11.51
1990-1999       73      0.03563  0.03500  0.50   70076    2453   68850   761633  10.87
1990-1999       74      0.03985  0.03907  0.50   67623    2642   66302   692783  10.24
1990-1999       75      0.04470  0.04372  0.50   64981    2841   63561   626481   9.64
1990-1999       76      0.05076  0.04950  0.50   62140    3076   60602   562921   9.06
1990-1999       77      0.05671  0.05515  0.50   59064    3257   57435   502319   8.50
1990-1999       78      0.06368  0.06172  0.50   55807    3444   54085   444883   7.97
1990-1999       79      0.07195  0.06946  0.50   52363    3637   50544   390798   7.46
1990-1999       80      0.07936  0.07634  0.50   48726    3720   46866   340254   6.98
1990-1999       81      0.08964  0.08579  0.50   45006    3861   43076   293388   6.52
1990-1999       82      0.10028  0.09550  0.50   41145    3929   39180   250313   6.08
1990-1999       83      0.11254  0.10655  0.50   37216    3965   35233   211133   5.67
1990-1999       84      0.12490  0.11756  0.50   33251    3909   31296   175899   5.29
1990-1999       85      0.13783  0.12894  0.50   29342    3783   27450   144603   4.93
1990-1999       86      0.15379  0.14281  0.50   25558    3650   23733   117153   4.58
1990-1999       87      0.17168  0.15810  0.50   21908    3464   20176    93420   4.26
1990-1999       88      0.18929  0.17292  0.50   18444    3189   16850    73244   3.97
1990-1999       89      0.20844  0.18877  0.50   15255    2880   13815    56394   3.70
1990-1999       90      0.23182  0.20774  0.50   12375    2571   11090    42579   3.44
1990-1999       91      0.25327  0.22480  0.50    9805    2204    8702    31489   3.21
1990-1999       92      0.28051  0.24601  0.50    7600    1870    6666    22786   3.00
1990-1999       93      0.30266  0.26288  0.50    5731    1506    4977    16121   2.81
1990-1999       94      0.32703  0.28107  0.50    4224    1187    3631    11143   2.64
1990-1999       95      0.35439  0.30105  0.50    3037     914    2580     7513   2.47
1990-1999       96      0.38292  0.32139  0.50    2123     682    1782     4933   2.32
1990-1999       97      0.41228  0.34182  0.50    1440     492    1194     3151   2.19
1990-1999       98      0.44228  0.36219  0.50     948     343     776     1957   2.06
1990-1999       99      0.47270  0.38234  0.50     605     231     489     1181   1.95
1990-1999      100      0.50333  0.40213  0.50     374     150     298      692   1.85
1990-1999      101      0.53394  0.42143  0.50     223      94     176      393   1.76
1990-1999      102      0.56429  0.44011  0.50     129      57     101      217   1.68
1990-1999      103      0.59417  0.45808  0.50      72      33      56      116   1.61
1990-1999      104      0.62336  0.47524  0.50      39      19      30       60   1.54
1990-1999      105      0.65169  0.49153  0.50      21      10      16       30   1.48
1990-1999      106      0.67898  0.50690  0.50      10       5       8       15   1.43
1990-1999      107      0.70511  0.52132  0.50       5       3       4        7   1.38
1990-1999      108      0.72995  0.53477  0.50       2       1       2        3   1.34
1990-1999      109      0.75343  0.54727  0.50       1       1       1        2   1.31
1990-1999      110+     0.77550  1.00000  1.29       1       1       1        1   1.29
2000-2009        0      0.00590  0.00587  0.14  100000     587   99493  7916945  79.17
2000-2009        1      0.00038  0.00038  0.50   99413      38   99394  7817452  78.64
2000-2009        2      0.00023  0.00023  0.50   99375      22   99363  7718058  77.67
2000-2009        3      0.00018  0.00018  0.50   99352      18   99343  7618695  76.68
2000-2009        4      0.00017  0.00017  0.50   99334      17   99326  7519352  75.70
2000-2009        5      0.00014  0.00014  0.50   99317      13   99311  7420026  74.71
2000-2009        6      0.00014  0.00014  0.50   99304      14   99297  7320716  73.72
2000-2009        7      0.00013  0.00013  0.50   99290      13   99284  7221419  72.73
2000-2009        8      0.00013  0.00013  0.50   99277      13   99271  7122135  71.74
2000-2009        9      0.00012  0.00012  0.50   99264      12   99258  7022864  70.75
2000-2009       10      0.00013  0.00013  0.50   99252      13   99245  6923606  69.76
2000-2009       11      0.00012  0.00012  0.50   99239      12   99233  6824361  68.77
2000-2009       12      0.00014  0.00014  0.50   99227      14   99220  6725128  67.78
2000-2009       13      0.00015  0.00015  0.50   99213      15   99205  6625908  66.78
2000-2009       14      0.00018  0.00018  0.50   99198      18   99189  6526702  65.79
2000-2009       15      0.00020  0.00020  0.50   99180      20   99170  6427513  64.81
2000-2009       16      0.00027  0.00027  0.50   99160      27   99147  6328343  63.82
2000-2009       17      0.00027  0.00027  0.50   99133      27   99120  6229197  62.84
2000-2009       18      0.00030  0.00030  0.50   99106      30   99091  6130077  61.85
2000-2009       19      0.00028  0.00028  0.50   99076      28   99062  6030986  60.87
2000-2009       20      0.00029  0.00029  0.50   99048      29   99034  5931924  59.89
2000-2009       21      0.00027  0.00027  0.50   99020      26   99007  5832890  58.91
2000-2009       22      0.00027  0.00027  0.50   98993      26   98980  5733883  57.92
2000-2009       23      0.00028  0.00028  0.50   98967      27   98953  5634903  56.94
2000-2009       24      0.00028  0.00028  0.50   98940      28   98926  5535950  55.95
2000-2009       25      0.00028  0.00028  0.50   98912      28   98898  5437024  54.97
2000-2009       26      0.00029  0.00029  0.50   98884      29   98870  5338126  53.98
2000-2009       27      0.00031  0.00031  0.50   98856      31   98840  5239256  53.00
2000-2009       28      0.00034  0.00034  0.50   98825      34   98808  5140416  52.02
2000-2009       29      0.00039  0.00039  0.50   98791      38   98772  5041608  51.03
2000-2009       30      0.00040  0.00040  0.50   98753      40   98733  4942836  50.05
2000-2009       31      0.00043  0.00043  0.50   98713      43   98692  4844103  49.07
2000-2009       32      0.00047  0.00047  0.50   98670      47   98647  4745411  48.09
2000-2009       33      0.00050  0.00050  0.50   98624      50   98599  4646764  47.12
2000-2009       34      0.00056  0.00056  0.50   98574      55   98547  4548165  46.14
2000-2009       35      0.00064  0.00064  0.50   98519      63   98488  4449619  45.17
2000-2009       36      0.00074  0.00074  0.50   98456      73   98419  4351131  44.19
2000-2009       37      0.00075  0.00075  0.50   98383      74   98346  4252712  43.23
2000-2009       38      0.00089  0.00089  0.50   98309      87   98265  4154366  42.26
2000-2009       39      0.00104  0.00103  0.50   98221     102   98171  4056101  41.30
2000-2009       40      0.00113  0.00113  0.50   98120     111   98064  3957930  40.34
2000-2009       41      0.00131  0.00131  0.50   98008     129   97944  3859866  39.38
2000-2009       42      0.00143  0.00143  0.50   97880     140   97810  3761922  38.43
2000-2009       43      0.00171  0.00171  0.50   97740     167   97657  3664112  37.49
2000-2009       44      0.00189  0.00188  0.50   97573     184   97481  3566456  36.55
2000-2009       45      0.00211  0.00211  0.50   97389     206   97286  3468974  35.62
2000-2009       46      0.00233  0.00233  0.50   97184     226   97070  3371688  34.69
2000-2009       47      0.00256  0.00255  0.50   96957     248   96833  3274617  33.77
2000-2009       48      0.00288  0.00287  0.50   96710     278   96571  3177784  32.86
2000-2009       49      0.00316  0.00315  0.50   96432     304   96280  3081213  31.95
2000-2009       50      0.00347  0.00346  0.50   96128     333   95962  2984933  31.05
2000-2009       51      0.00388  0.00387  0.50   95795     371   95610  2888972  30.16
2000-2009       52      0.00410  0.00409  0.50   95424     391   95229  2793362  29.27
2000-2009       53      0.00450  0.00449  0.50   95034     427   94820  2698133  28.39
2000-2009       54      0.00488  0.00487  0.50   94607     461   94376  2603313  27.52
2000-2009       55      0.00529  0.00528  0.50   94146     497   93898  2508936  26.65
2000-2009       56      0.00589  0.00587  0.50   93649     550   93374  2415039  25.79
2000-2009       57      0.00624  0.00622  0.50   93099     579   92809  2321664  24.94
2000-2009       58      0.00671  0.00669  0.50   92520     619   92210  2228855  24.09
2000-2009       59      0.00734  0.00732  0.50   91901     672   91565  2136645  23.25
2000-2009       60      0.00782  0.00779  0.50   91229     711   90873  2045080  22.42
2000-2009       61      0.00851  0.00847  0.50   90518     767   90134  1954207  21.59
2000-2009       62      0.00910  0.00906  0.50   89751     813   89344  1864073  20.77
2000-2009       63      0.00981  0.00976  0.50   88938     868   88504  1774728  19.95
2000-2009       64      0.01067  0.01062  0.50   88070     935   87602  1686225  19.15
2000-2009       65      0.01158  0.01152  0.50   87135    1004   86633  1598622  18.35
2000-2009       66      0.01281  0.01273  0.50   86131    1097   85583  1511989  17.55
2000-2009       67      0.01394  0.01384  0.50   85035    1177   84446  1426406  16.77
2000-2009       68      0.01516  0.01505  0.50   83858    1262   83227  1341960  16.00
2000-2009       69      0.01699  0.01685  0.50   82596    1392   81900  1258733  15.24
2000-2009       70      0.01896  0.01878  0.50   81204    1525   80442  1176832  14.49
2000-2009       71      0.02105  0.02083  0.50   79680    1660   78850  1096390  13.76
2000-2009       72      0.02343  0.02316  0.50   78020    1807   77116  1017541  13.04
2000-2009       73      0.02633  0.02599  0.50   76213    1981   75223   940425  12.34
2000-2009       74      0.02948  0.02905  0.50   74232    2157   73154   865202  11.66
2000-2009       75      0.03314  0.03260  0.50   72075    2349   70901   792048  10.99
2000-2009       76      0.03736  0.03667  0.50   69726    2557   68448   721148  10.34
2000-2009       77      0.04230  0.04142  0.50   67169    2782   65778   652700   9.72
2000-2009       78      0.04785  0.04673  0.50   64387    3009   62882   586922   9.12
2000-2009       79      0.05430  0.05287  0.50   61378    3245   59756   524040   8.54
2000-2009       80      0.06133  0.05951  0.50   58133    3459   56404   464284   7.99
2000-2009       81      0.06892  0.06662  0.50   54674    3643   52853   407880   7.46
2000-2009       82      0.07818  0.07524  0.50   51031    3839   49112   355028   6.96
2000-2009       83      0.08763  0.08396  0.50   47192    3962   45211   305916   6.48
2000-2009       84      0.09827  0.09367  0.50   43230    4049   41205   260705   6.03
2000-2009       85      0.11051  0.10472  0.50   39181    4103   37129   219499   5.60
2000-2009       86      0.12581  0.11837  0.50   35077    4152   33001   182370   5.20
2000-2009       87      0.14053  0.13131  0.50   30925    4061   28895   149369   4.83
2000-2009       88      0.15703  0.14560  0.50   26865    3912   24909   120474   4.48
2000-2009       89      0.17595  0.16172  0.50   22953    3712   21097    95565   4.16
2000-2009       90      0.19468  0.17741  0.50   19241    3414   17534    74468   3.87
2000-2009       91      0.21577  0.19476  0.50   15827    3083   14286    56933   3.60
2000-2009       92      0.23651  0.21150  0.50   12745    2696   11397    42647   3.35
2000-2009       93      0.26221  0.23182  0.50   10049    2330    8885    31250   3.11
2000-2009       94      0.28987  0.25317  0.50    7720    1954    6743    22366   2.90
2000-2009       95      0.31343  0.27096  0.50    5765    1562    4984    15623   2.71
2000-2009       96      0.34193  0.29201  0.50    4203    1227    3589    10639   2.53
2000-2009       97      0.37163  0.31339  0.50    2976     933    2509     7049   2.37
2000-2009       98      0.40232  0.33495  0.50    2043     684    1701     4540   2.22
2000-2009       99      0.43381  0.35648  0.50    1359     484    1117     2839   2.09
2000-2009      100      0.46583  0.37783  0.50     874     330     709     1722   1.97
2000-2009      101      0.49814  0.39881  0.50     544     217     436     1013   1.86
2000-2009      102      0.53047  0.41926  0.50     327     137     259      577   1.77
2000-2009      103      0.56254  0.43905  0.50     190      83     148      319   1.68
2000-2009      104      0.59409  0.45804  0.50     107      49      82      171   1.60
2000-2009      105      0.62489  0.47613  0.50      58      27      44       89   1.53
2000-2009      106      0.65471  0.49325  0.50      30      15      23       45   1.47
2000-2009      107      0.68336  0.50933  0.50      15       8      11       22   1.42
2000-2009      108      0.71069  0.52436  0.50       8       4       6       10   1.37
2000-2009      109      0.73656  0.53831  0.50       4       2       3        5   1.34
2000-2009      110+     0.76090  1.00000  1.31       2       2       2        2   1.31
2010-2016        0      0.00406  0.00405  0.14  100000     405   99652  8105137  81.05
2010-2016        1      0.00027  0.00027  0.50   99595      27   99582  8005485  80.38
2010-2016        2      0.00016  0.00016  0.50   99568      16   99561  7905903  79.40
2010-2016        3      0.00013  0.00013  0.50   99553      13   99547  7806342  78.41
2010-2016        4      0.00011  0.00011  0.50   99540      11   99535  7706795  77.42
2010-2016        5      0.00010  0.00010  0.50   99530      10   99524  7607261  76.43
2010-2016        6      0.00008  0.00008  0.50   99519       8   99515  7507736  75.44
2010-2016        7      0.00009  0.00009  0.50   99512       9   99507  7408221  74.45
2010-2016        8      0.00009  0.00009  0.50   99502       9   99498  7308714  73.45
2010-2016        9      0.00009  0.00009  0.50   99493       9   99489  7209216  72.46
2010-2016       10      0.00009  0.00009  0.50   99485       9   99480  7109726  71.47
2010-2016       11      0.00009  0.00009  0.50   99476       9   99471  7010246  70.47
2010-2016       12      0.00010  0.00010  0.50   99467      10   99462  6910775  69.48
2010-2016       13      0.00013  0.00013  0.50   99457      12   99450  6811314  68.49
2010-2016       14      0.00017  0.00017  0.50   99444      17   99435  6711863  67.49
2010-2016       15      0.00018  0.00018  0.50   99427      18   99418  6612428  66.51
2010-2016       16      0.00020  0.00020  0.50   99408      20   99398  6513010  65.52
2010-2016       17      0.00021  0.00021  0.50   99388      21   99378  6413612  64.53
2010-2016       18      0.00026  0.00026  0.50   99367      26   99354  6314234  63.54
2010-2016       19      0.00025  0.00025  0.50   99341      25   99329  6214880  62.56
2010-2016       20      0.00023  0.00023  0.50   99316      23   99305  6115551  61.58
2010-2016       21      0.00023  0.00023  0.50   99293      23   99282  6016246  60.59
2010-2016       22      0.00022  0.00022  0.50   99271      22   99260  5916964  59.60
2010-2016       23      0.00024  0.00024  0.50   99249      24   99237  5817704  58.62
2010-2016       24      0.00023  0.00023  0.50   99226      23   99214  5718467  57.63
2010-2016       25      0.00023  0.00023  0.50   99203      23   99191  5619253  56.64
2010-2016       26      0.00024  0.00024  0.50   99180      23   99168  5520061  55.66
2010-2016       27      0.00024  0.00024  0.50   99157      24   99145  5420893  54.67
2010-2016       28      0.00029  0.00029  0.50   99133      29   99118  5321748  53.68
2010-2016       29      0.00031  0.00031  0.50   99104      31   99089  5222630  52.70
2010-2016       30      0.00032  0.00032  0.50   99073      31   99058  5123541  51.71
2010-2016       31      0.00034  0.00034  0.50   99042      34   99025  5024483  50.73
2010-2016       32      0.00038  0.00038  0.50   99008      38   98989  4925458  49.75
2010-2016       33      0.00041  0.00041  0.50   98970      40   98950  4826469  48.77
2010-2016       34      0.00045  0.00045  0.50   98930      44   98908  4727519  47.79
2010-2016       35      0.00051  0.00051  0.50   98885      51   98860  4628612  46.81
2010-2016       36      0.00058  0.00058  0.50   98835      57   98806  4529751  45.83
2010-2016       37      0.00067  0.00067  0.50   98777      66   98744  4430945  44.86
2010-2016       38      0.00071  0.00071  0.50   98712      70   98676  4332201  43.89
2010-2016       39      0.00079  0.00079  0.50   98641      78   98602  4233525  42.92
2010-2016       40      0.00091  0.00091  0.50   98564      89   98519  4134922  41.95
2010-2016       41      0.00098  0.00098  0.50   98474      96   98426  4036403  40.99
2010-2016       42      0.00113  0.00113  0.50   98378     111   98323  3937977  40.03
2010-2016       43      0.00126  0.00126  0.50   98267     124   98205  3839654  39.07
2010-2016       44      0.00140  0.00140  0.50   98143     138   98074  3741449  38.12
2010-2016       45      0.00153  0.00153  0.50   98006     150   97931  3643374  37.18
2010-2016       46      0.00170  0.00170  0.50   97856     166   97773  3545443  36.23
2010-2016       47      0.00198  0.00198  0.50   97689     194   97592  3447671  35.29
2010-2016       48      0.00224  0.00224  0.50   97496     218   97387  3350079  34.36
2010-2016       49      0.00248  0.00248  0.50   97277     241   97157  3252692  33.44
2010-2016       50      0.00285  0.00285  0.50   97037     276   96898  3155535  32.52
2010-2016       51      0.00307  0.00307  0.50   96760     297   96612  3058636  31.61
2010-2016       52      0.00344  0.00344  0.50   96464     332   96298  2962024  30.71
2010-2016       53      0.00377  0.00376  0.50   96132     362   95951  2865727  29.81
2010-2016       54      0.00418  0.00417  0.50   95770     400   95571  2769775  28.92
2010-2016       55      0.00452  0.00451  0.50   95371     430   95155  2674205  28.04
2010-2016       56      0.00505  0.00503  0.50   94940     478   94701  2579049  27.16
2010-2016       57      0.00542  0.00540  0.50   94462     510   94207  2484348  26.30
2010-2016       58      0.00588  0.00586  0.50   93952     551   93676  2390141  25.44
2010-2016       59      0.00653  0.00651  0.50   93401     608   93097  2296465  24.59
2010-2016       60      0.00720  0.00718  0.50   92793     666   92460  2203368  23.74
2010-2016       61      0.00787  0.00783  0.50   92127     722   91766  2110908  22.91
2010-2016       62      0.00851  0.00847  0.50   91405     774   91018  2019142  22.09
2010-2016       63      0.00923  0.00918  0.50   90631     832   90215  1928123  21.27
2010-2016       64      0.00995  0.00990  0.50   89799     889   89354  1837908  20.47
2010-2016       65      0.01078  0.01072  0.50   88910     953   88433  1748554  19.67
2010-2016       66      0.01173  0.01167  0.50   87957    1026   87444  1660121  18.87
2010-2016       67      0.01257  0.01249  0.50   86931    1086   86388  1572677  18.09
2010-2016       68      0.01353  0.01344  0.50   85845    1154   85268  1486289  17.31
2010-2016       69      0.01472  0.01462  0.50   84691    1238   84072  1401021  16.54
2010-2016       70      0.01607  0.01595  0.50   83453    1331   82788  1316949  15.78
2010-2016       71      0.01766  0.01751  0.50   82122    1438   81404  1234161  15.03
2010-2016       72      0.01946  0.01927  0.50   80685    1555   79907  1152757  14.29
2010-2016       73      0.02103  0.02082  0.50   79130    1647   78306  1072850  13.56
2010-2016       74      0.02333  0.02306  0.50   77483    1787   76589   994544  12.84
2010-2016       75      0.02591  0.02558  0.50   75696    1936   74727   917954  12.13
2010-2016       76      0.02968  0.02925  0.50   73759    2157   72681   843227  11.43
2010-2016       77      0.03249  0.03197  0.50   71602    2289   70458   770546  10.76
2010-2016       78      0.03711  0.03643  0.50   69313    2525   68050   700089  10.10
2010-2016       79      0.04226  0.04138  0.50   66788    2764   65406   632038   9.46
2010-2016       80      0.04840  0.04726  0.50   64024    3026   62511   566633   8.85
2010-2016       81      0.05560  0.05410  0.50   60998    3300   59348   504121   8.26
2010-2016       82      0.06324  0.06131  0.50   57699    3537   55930   444773   7.71
2010-2016       83      0.07126  0.06881  0.50   54161    3727   52298   388843   7.18
2010-2016       84      0.08085  0.07770  0.50   50435    3919   48475   336545   6.67
2010-2016       85      0.09286  0.08874  0.50   46515    4128   44452   288070   6.19
2010-2016       86      0.10499  0.09976  0.50   42388    4228   40274   243619   5.75
2010-2016       87      0.11811  0.11153  0.50   38159    4256   36031   203345   5.33
2010-2016       88      0.13426  0.12581  0.50   33904    4265   31771   167314   4.93
2010-2016       89      0.15146  0.14080  0.50   29638    4173   27552   135543   4.57
2010-2016       90      0.16943  0.15620  0.50   25465    3978   23476   107991   4.24
2010-2016       91      0.18830  0.17210  0.50   21487    3698   19638    84515   3.93
2010-2016       92      0.21064  0.19057  0.50   17790    3390   16094    64876   3.65
2010-2016       93      0.22973  0.20606  0.50   14399    2967   12916    48782   3.39
2010-2016       94      0.25492  0.22610  0.50   11432    2585   10140    35866   3.14
2010-2016       95      0.28361  0.24839  0.50    8847    2198    7749    25726   2.91
2010-2016       96      0.31202  0.26991  0.50    6650    1795    5752    17978   2.70
2010-2016       97      0.34191  0.29199  0.50    4855    1418    4146    12225   2.52
2010-2016       98      0.37311  0.31445  0.50    3437    1081    2897     8079   2.35
2010-2016       99      0.40540  0.33707  0.50    2356     794    1959     5182   2.20
2010-2016      100      0.43853  0.35967  0.50    1562     562    1281     3223   2.06
2010-2016      101      0.47222  0.38202  0.50    1000     382     809     1942   1.94
2010-2016      102      0.50617  0.40394  0.50     618     250     493     1132   1.83
2010-2016      103      0.54006  0.42523  0.50     368     157     290      639   1.73
2010-2016      104      0.57358  0.44574  0.50     212      94     165      349   1.65
2010-2016      105      0.60644  0.46534  0.50     117      55      90      184   1.57
2010-2016      106      0.63836  0.48391  0.50      63      30      48       94   1.50
2010-2016      107      0.66911  0.50137  0.50      32      16      24       47   1.44
2010-2016      108      0.69848  0.51768  0.50      16       8      12       23   1.39
2010-2016      109      0.72630  0.53281  0.50       8       4       6       11   1.35
2010-2016      110+     0.75247  1.00000  1.33       4       4       5        5   1.33
