Portugal, Life tables (period 1x10), Females	Last modified: 26 Sep 2017;  Methods Protocol: v6 (2017)

  Year          Age         mx       qx    ax      lx      dx      Lx       Tx     ex
1940-1949        0      0.12488  0.11503  0.31  100000   11503   92110  5528439  55.28
1940-1949        1      0.04571  0.04469  0.50   88497    3955   86520  5436329  61.43
1940-1949        2      0.01896  0.01879  0.50   84542    1588   83748  5349809  63.28
1940-1949        3      0.00942  0.00937  0.50   82954     778   82565  5266061  63.48
1940-1949        4      0.00602  0.00600  0.50   82176     493   81930  5183496  63.08
1940-1949        5      0.00402  0.00402  0.50   81683     328   81519  5101566  62.46
1940-1949        6      0.00329  0.00328  0.50   81355     267   81222  5020047  61.71
1940-1949        7      0.00273  0.00273  0.50   81088     221   80977  4938826  60.91
1940-1949        8      0.00225  0.00225  0.50   80867     182   80776  4857848  60.07
1940-1949        9      0.00216  0.00216  0.50   80685     174   80598  4777072  59.21
1940-1949       10      0.00186  0.00186  0.50   80511     150   80436  4696474  58.33
1940-1949       11      0.00178  0.00178  0.50   80361     143   80290  4616038  57.44
1940-1949       12      0.00186  0.00186  0.50   80219     149   80144  4535748  56.54
1940-1949       13      0.00205  0.00205  0.50   80070     164   79987  4455604  55.65
1940-1949       14      0.00226  0.00226  0.50   79905     181   79815  4375616  54.76
1940-1949       15      0.00249  0.00248  0.50   79725     198   79626  4295801  53.88
1940-1949       16      0.00287  0.00287  0.50   79527     228   79413  4216175  53.02
1940-1949       17      0.00316  0.00315  0.50   79299     250   79174  4136762  52.17
1940-1949       18      0.00357  0.00356  0.50   79049     282   78908  4057589  51.33
1940-1949       19      0.00362  0.00362  0.50   78767     285   78625  3978681  50.51
1940-1949       20      0.00394  0.00393  0.50   78482     308   78328  3900056  49.69
1940-1949       21      0.00387  0.00387  0.50   78174     302   78023  3821728  48.89
1940-1949       22      0.00423  0.00422  0.50   77872     329   77707  3743706  48.08
1940-1949       23      0.00414  0.00413  0.50   77543     320   77383  3665998  47.28
1940-1949       24      0.00427  0.00426  0.50   77223     329   77058  3588616  46.47
1940-1949       25      0.00423  0.00422  0.50   76894     324   76732  3511557  45.67
1940-1949       26      0.00424  0.00423  0.50   76570     324   76408  3434825  44.86
1940-1949       27      0.00430  0.00429  0.50   76246     327   76082  3358418  44.05
1940-1949       28      0.00445  0.00444  0.50   75919     337   75750  3282335  43.23
1940-1949       29      0.00395  0.00394  0.50   75581     298   75432  3206585  42.43
1940-1949       30      0.00444  0.00443  0.50   75284     333   75117  3131153  41.59
1940-1949       31      0.00381  0.00380  0.50   74950     285   74808  3056036  40.77
1940-1949       32      0.00435  0.00434  0.50   74665     324   74503  2981228  39.93
1940-1949       33      0.00454  0.00453  0.50   74341     337   74172  2906725  39.10
1940-1949       34      0.00438  0.00437  0.50   74004     323   73842  2832553  38.28
1940-1949       35      0.00460  0.00459  0.50   73681     338   73511  2758711  37.44
1940-1949       36      0.00465  0.00464  0.50   73342     341   73172  2685199  36.61
1940-1949       37      0.00459  0.00458  0.50   73002     335   72834  2612027  35.78
1940-1949       38      0.00525  0.00524  0.50   72667     381   72477  2539193  34.94
1940-1949       39      0.00470  0.00469  0.50   72286     339   72117  2466716  34.12
1940-1949       40      0.00556  0.00555  0.50   71947     399   71748  2394600  33.28
1940-1949       41      0.00433  0.00432  0.50   71548     309   71393  2322852  32.47
1940-1949       42      0.00577  0.00575  0.50   71239     410   71034  2251459  31.60
1940-1949       43      0.00516  0.00515  0.50   70829     365   70647  2180425  30.78
1940-1949       44      0.00557  0.00555  0.50   70464     391   70269  2109778  29.94
1940-1949       45      0.00631  0.00629  0.50   70073     441   69853  2039509  29.11
1940-1949       46      0.00584  0.00582  0.50   69632     405   69430  1969657  28.29
1940-1949       47      0.00579  0.00577  0.50   69227     400   69027  1900227  27.45
1940-1949       48      0.00720  0.00718  0.50   68827     494   68580  1831200  26.61
1940-1949       49      0.00652  0.00650  0.50   68333     444   68111  1762619  25.79
1940-1949       50      0.00872  0.00869  0.50   67890     590   67595  1694508  24.96
1940-1949       51      0.00673  0.00671  0.50   67300     452   67074  1626913  24.17
1940-1949       52      0.00896  0.00892  0.50   66848     596   66550  1559839  23.33
1940-1949       53      0.00888  0.00884  0.50   66252     586   65959  1493289  22.54
1940-1949       54      0.00938  0.00934  0.50   65666     613   65359  1427330  21.74
1940-1949       55      0.01098  0.01092  0.50   65053     710   64698  1361970  20.94
1940-1949       56      0.01122  0.01116  0.50   64342     718   63983  1297273  20.16
1940-1949       57      0.01102  0.01096  0.50   63624     697   63276  1233289  19.38
1940-1949       58      0.01330  0.01321  0.50   62927     831   62511  1170014  18.59
1940-1949       59      0.01213  0.01206  0.50   62096     749   61721  1107502  17.84
1940-1949       60      0.02054  0.02033  0.50   61347    1247   60723  1045781  17.05
1940-1949       61      0.01298  0.01290  0.50   60100     775   59712   985058  16.39
1940-1949       62      0.01912  0.01894  0.50   59324    1123   58763   925346  15.60
1940-1949       63      0.02090  0.02069  0.50   58201    1204   57599   866583  14.89
1940-1949       64      0.02244  0.02219  0.50   56997    1265   56364   808984  14.19
1940-1949       65      0.02934  0.02892  0.50   55732    1612   54926   752619  13.50
1940-1949       66      0.02838  0.02798  0.50   54120    1515   53363   697693  12.89
1940-1949       67      0.02952  0.02909  0.50   52606    1530   51841   644330  12.25
1940-1949       68      0.03678  0.03611  0.50   51075    1844   50153   592489  11.60
1940-1949       69      0.03081  0.03034  0.50   49231    1494   48484   542336  11.02
1940-1949       70      0.05991  0.05816  0.50   47737    2777   46349   493852  10.35
1940-1949       71      0.03596  0.03532  0.50   44961    1588   44167   447503   9.95
1940-1949       72      0.05594  0.05442  0.50   43373    2360   42192   403337   9.30
1940-1949       73      0.05663  0.05507  0.50   41012    2259   39883   361144   8.81
1940-1949       74      0.06308  0.06115  0.50   38754    2370   37569   321261   8.29
1940-1949       75      0.08711  0.08347  0.50   36384    3037   34865   283693   7.80
1940-1949       76      0.08000  0.07693  0.50   33347    2565   32064   248828   7.46
1940-1949       77      0.08939  0.08556  0.50   30781    2634   29464   216764   7.04
1940-1949       78      0.11532  0.10903  0.50   28148    3069   26613   187299   6.65
1940-1949       79      0.09310  0.08896  0.50   25079    2231   23963   160686   6.41
1940-1949       80      0.15967  0.14786  0.50   22848    3378   21158   136723   5.98
1940-1949       81      0.09278  0.08867  0.50   19469    1726   18606   115565   5.94
1940-1949       82      0.13424  0.12580  0.50   17743    2232   16627    96958   5.46
1940-1949       83      0.13370  0.12532  0.50   15511    1944   14539    80331   5.18
1940-1949       84      0.15545  0.14424  0.50   13567    1957   12589    65792   4.85
1940-1949       85      0.20472  0.18571  0.50   11610    2156   10532    53204   4.58
1940-1949       86      0.18329  0.16790  0.50    9454    1587    8660    42671   4.51
1940-1949       87      0.19074  0.17413  0.50    7867    1370    7182    34011   4.32
1940-1949       88      0.22465  0.20196  0.50    6497    1312    5841    26829   4.13
1940-1949       89      0.17955  0.16476  0.50    5185     854    4758    20988   4.05
1940-1949       90      0.32872  0.28232  0.50    4331    1223    3719    16231   3.75
1940-1949       91      0.16594  0.15323  0.50    3108     476    2870    12511   4.03
1940-1949       92      0.23650  0.21149  0.50    2632     557    2353     9642   3.66
1940-1949       93      0.22297  0.20060  0.50    2075     416    1867     7288   3.51
1940-1949       94      0.23567  0.21083  0.50    1659     350    1484     5421   3.27
1940-1949       95      0.29699  0.25859  0.50    1309     339    1140     3937   3.01
1940-1949       96      0.31233  0.27014  0.50     971     262     839     2797   2.88
1940-1949       97      0.32810  0.28186  0.50     708     200     609     1958   2.76
1940-1949       98      0.34426  0.29371  0.50     509     149     434     1349   2.65
1940-1949       99      0.36079  0.30565  0.50     359     110     304      915   2.55
1940-1949      100      0.37766  0.31768  0.50     249      79     210      611   2.45
1940-1949      101      0.39483  0.32974  0.50     170      56     142      401   2.36
1940-1949      102      0.41227  0.34181  0.50     114      39      95      259   2.27
1940-1949      103      0.42993  0.35386  0.50      75      27      62      164   2.19
1940-1949      104      0.44776  0.36585  0.50      49      18      40      102   2.11
1940-1949      105      0.46574  0.37777  0.50      31      12      25       63   2.04
1940-1949      106      0.48380  0.38956  0.50      19       7      15       38   1.97
1940-1949      107      0.50190  0.40122  0.50      12       5       9       22   1.92
1940-1949      108      0.52000  0.41270  0.50       7       3       6       13   1.86
1940-1949      109      0.53805  0.42399  0.50       4       2       3        7   1.82
1940-1949      110+     0.55600  1.00000  1.80       2       2       4        4   1.80
1950-1959        0      0.08899  0.08387  0.31  100000    8387   94247  6367032  63.67
1950-1959        1      0.02496  0.02465  0.50   91613    2258   90484  6272784  68.47
1950-1959        2      0.01021  0.01016  0.50   89355     908   88901  6182300  69.19
1950-1959        3      0.00494  0.00492  0.50   88447     435   88229  6093399  68.89
1950-1959        4      0.00314  0.00313  0.50   88011     276   87873  6005170  68.23
1950-1959        5      0.00212  0.00212  0.50   87736     186   87642  5917297  67.44
1950-1959        6      0.00163  0.00163  0.50   87549     142   87478  5829654  66.59
1950-1959        7      0.00138  0.00138  0.50   87407     121   87347  5742176  65.69
1950-1959        8      0.00112  0.00112  0.50   87286      98   87237  5654829  64.78
1950-1959        9      0.00093  0.00093  0.50   87189      81   87148  5567592  63.86
1950-1959       10      0.00085  0.00085  0.50   87108      74   87071  5480444  62.92
1950-1959       11      0.00076  0.00076  0.50   87034      66   87001  5393373  61.97
1950-1959       12      0.00083  0.00083  0.50   86968      72   86932  5306372  61.02
1950-1959       13      0.00083  0.00083  0.50   86896      72   86860  5219440  60.07
1950-1959       14      0.00085  0.00085  0.50   86824      74   86787  5132580  59.11
1950-1959       15      0.00097  0.00097  0.50   86750      84   86709  5045792  58.16
1950-1959       16      0.00105  0.00105  0.50   86667      91   86621  4959084  57.22
1950-1959       17      0.00115  0.00115  0.50   86575     100   86526  4872463  56.28
1950-1959       18      0.00136  0.00136  0.50   86476     118   86417  4785937  55.34
1950-1959       19      0.00147  0.00146  0.50   86358     126   86295  4699520  54.42
1950-1959       20      0.00151  0.00151  0.50   86231     130   86166  4613226  53.50
1950-1959       21      0.00151  0.00151  0.50   86101     130   86036  4527060  52.58
1950-1959       22      0.00176  0.00176  0.50   85971     151   85895  4441024  51.66
1950-1959       23      0.00178  0.00177  0.50   85820     152   85744  4355128  50.75
1950-1959       24      0.00179  0.00179  0.50   85668     153   85591  4269384  49.84
1950-1959       25      0.00183  0.00183  0.50   85514     156   85436  4183793  48.92
1950-1959       26      0.00189  0.00189  0.50   85358     161   85277  4098357  48.01
1950-1959       27      0.00203  0.00203  0.50   85197     173   85110  4013080  47.10
1950-1959       28      0.00198  0.00198  0.50   85024     168   84940  3927969  46.20
1950-1959       29      0.00192  0.00192  0.50   84856     163   84774  3843029  45.29
1950-1959       30      0.00220  0.00220  0.50   84692     186   84599  3758255  44.38
1950-1959       31      0.00182  0.00182  0.50   84506     154   84429  3673656  43.47
1950-1959       32      0.00217  0.00217  0.50   84352     183   84261  3589227  42.55
1950-1959       33      0.00222  0.00222  0.50   84169     187   84076  3504967  41.64
1950-1959       34      0.00224  0.00224  0.50   83982     188   83888  3420891  40.73
1950-1959       35      0.00244  0.00244  0.50   83794     204   83692  3337003  39.82
1950-1959       36      0.00254  0.00254  0.50   83590     212   83484  3253310  38.92
1950-1959       37      0.00268  0.00267  0.50   83378     223   83267  3169826  38.02
1950-1959       38      0.00288  0.00288  0.50   83155     239   83035  3086560  37.12
1950-1959       39      0.00281  0.00281  0.50   82916     233   82799  3003524  36.22
1950-1959       40      0.00319  0.00318  0.50   82683     263   82552  2920725  35.32
1950-1959       41      0.00284  0.00283  0.50   82420     233   82303  2838173  34.44
1950-1959       42      0.00354  0.00353  0.50   82186     291   82041  2755870  33.53
1950-1959       43      0.00334  0.00333  0.50   81896     273   81760  2673829  32.65
1950-1959       44      0.00361  0.00361  0.50   81623     294   81476  2592069  31.76
1950-1959       45      0.00395  0.00394  0.50   81329     321   81168  2510593  30.87
1950-1959       46      0.00396  0.00395  0.50   81008     320   80848  2429425  29.99
1950-1959       47      0.00424  0.00423  0.50   80688     341   80517  2348577  29.11
1950-1959       48      0.00481  0.00480  0.50   80346     385   80154  2268060  28.23
1950-1959       49      0.00480  0.00479  0.50   79961     383   79769  2187906  27.36
1950-1959       50      0.00561  0.00560  0.50   79578     446   79355  2108137  26.49
1950-1959       51      0.00524  0.00523  0.50   79132     414   78926  2028782  25.64
1950-1959       52      0.00645  0.00643  0.50   78719     506   78466  1949856  24.77
1950-1959       53      0.00663  0.00661  0.50   78213     517   77954  1871390  23.93
1950-1959       54      0.00708  0.00706  0.50   77696     548   77422  1793436  23.08
1950-1959       55      0.00791  0.00788  0.50   77148     608   76844  1716014  22.24
1950-1959       56      0.00887  0.00883  0.50   76540     676   76202  1639170  21.42
1950-1959       57      0.00906  0.00902  0.50   75864     684   75522  1562968  20.60
1950-1959       58      0.01028  0.01023  0.50   75180     769   74795  1487446  19.79
1950-1959       59      0.01033  0.01027  0.50   74411     764   74029  1412650  18.98
1950-1959       60      0.01389  0.01379  0.50   73647    1016   73139  1338621  18.18
1950-1959       61      0.01173  0.01167  0.50   72631     847   72207  1265483  17.42
1950-1959       62      0.01568  0.01556  0.50   71784    1117   71225  1193275  16.62
1950-1959       63      0.01645  0.01631  0.50   70667    1153   70090  1122050  15.88
1950-1959       64      0.01869  0.01852  0.50   69514    1287   68870  1051960  15.13
1950-1959       65      0.02117  0.02095  0.50   68227    1429   67512   983089  14.41
1950-1959       66      0.02318  0.02291  0.50   66797    1530   66032   915577  13.71
1950-1959       67      0.02517  0.02486  0.50   65267    1622   64456   849545  13.02
1950-1959       68      0.02941  0.02898  0.50   63645    1844   62723   785089  12.34
1950-1959       69      0.02816  0.02777  0.50   61800    1716   60942   722367  11.69
1950-1959       70      0.04100  0.04018  0.50   60084    2414   58877   661425  11.01
1950-1959       71      0.03471  0.03412  0.50   57670    1968   56686   602548  10.45
1950-1959       72      0.04721  0.04612  0.50   55702    2569   54418   545861   9.80
1950-1959       73      0.05108  0.04981  0.50   53134    2646   51810   491443   9.25
1950-1959       74      0.05799  0.05635  0.50   50487    2845   49065   439633   8.71
1950-1959       75      0.07041  0.06802  0.50   47642    3241   46022   390568   8.20
1950-1959       76      0.07401  0.07137  0.50   44401    3169   42817   344547   7.76
1950-1959       77      0.07948  0.07644  0.50   41233    3152   39657   301730   7.32
1950-1959       78      0.09716  0.09266  0.50   38081    3528   36316   262073   6.88
1950-1959       79      0.09109  0.08712  0.50   34552    3010   33047   225757   6.53
1950-1959       80      0.11928  0.11257  0.50   31542    3551   29767   192710   6.11
1950-1959       81      0.09884  0.09418  0.50   27991    2636   26673   162943   5.82
1950-1959       82      0.13031  0.12234  0.50   25355    3102   23804   136270   5.37
1950-1959       83      0.13231  0.12410  0.50   22253    2762   20873   112465   5.05
1950-1959       84      0.15787  0.14632  0.50   19492    2852   18066    91593   4.70
1950-1959       85      0.18047  0.16553  0.50   16640    2754   15263    73527   4.42
1950-1959       86      0.19011  0.17361  0.50   13885    2411   12680    58265   4.20
1950-1959       87      0.19977  0.18162  0.50   11475    2084   10433    45585   3.97
1950-1959       88      0.23453  0.20991  0.50    9391    1971    8405    35152   3.74
1950-1959       89      0.21953  0.19781  0.50    7419    1468    6686    26747   3.60
1950-1959       90      0.29450  0.25670  0.50    5952    1528    5188    20061   3.37
1950-1959       91      0.22238  0.20012  0.50    4424     885    3981    14873   3.36
1950-1959       92      0.27571  0.24231  0.50    3539     857    3110    10892   3.08
1950-1959       93      0.28910  0.25259  0.50    2681     677    2343     7782   2.90
1950-1959       94      0.29681  0.25845  0.50    2004     518    1745     5440   2.71
1950-1959       95      0.35953  0.30474  0.50    1486     453    1260     3695   2.49
1950-1959       96      0.38342  0.32174  0.50    1033     332     867     2435   2.36
1950-1959       97      0.40789  0.33879  0.50     701     237     582     1568   2.24
1950-1959       98      0.43283  0.35582  0.50     463     165     381      986   2.13
1950-1959       99      0.45811  0.37273  0.50     298     111     243      605   2.03
1950-1959      100      0.48360  0.38944  0.50     187      73     151      362   1.94
1950-1959      101      0.50919  0.40586  0.50     114      46      91      212   1.85
1950-1959      102      0.53472  0.42192  0.50      68      29      54      120   1.77
1950-1959      103      0.56008  0.43755  0.50      39      17      31       67   1.70
1950-1959      104      0.58512  0.45269  0.50      22      10      17       36   1.64
1950-1959      105      0.60974  0.46728  0.50      12       6       9       19   1.58
1950-1959      106      0.63380  0.48128  0.50       6       3       5       10   1.53
1950-1959      107      0.65722  0.49467  0.50       3       2       3        5   1.48
1950-1959      108      0.67990  0.50741  0.50       2       1       1        2   1.44
1950-1959      109      0.70175  0.51948  0.50       1       0       1        1   1.41
1950-1959      110+     0.72273  1.00000  1.38       0       0       1        1   1.38
1960-1969        0      0.06748  0.06447  0.31  100000    6447   95542  6821600  68.22
1960-1969        1      0.01249  0.01241  0.50   93553    1161   92972  6726058  71.90
1960-1969        2      0.00485  0.00484  0.50   92392     447   92168  6633086  71.79
1960-1969        3      0.00254  0.00254  0.50   91944     233   91828  6540918  71.14
1960-1969        4      0.00193  0.00192  0.50   91711     176   91623  6449090  70.32
1960-1969        5      0.00131  0.00131  0.50   91535     120   91474  6357467  69.45
1960-1969        6      0.00101  0.00101  0.50   91414      93   91368  6265993  68.54
1960-1969        7      0.00089  0.00089  0.50   91322      81   91281  6174625  67.61
1960-1969        8      0.00073  0.00073  0.50   91241      67   91207  6083343  66.67
1960-1969        9      0.00057  0.00057  0.50   91174      52   91148  5992136  65.72
1960-1969       10      0.00057  0.00057  0.50   91122      52   91096  5900988  64.76
1960-1969       11      0.00052  0.00052  0.50   91070      47   91046  5809892  63.80
1960-1969       12      0.00051  0.00051  0.50   91023      47   90999  5718846  62.83
1960-1969       13      0.00051  0.00051  0.50   90976      46   90953  5627847  61.86
1960-1969       14      0.00052  0.00052  0.50   90930      48   90906  5536893  60.89
1960-1969       15      0.00059  0.00059  0.50   90883      54   90856  5445987  59.92
1960-1969       16      0.00063  0.00063  0.50   90829      57   90800  5355131  58.96
1960-1969       17      0.00062  0.00062  0.50   90772      57   90743  5264331  58.00
1960-1969       18      0.00066  0.00066  0.50   90715      60   90685  5173587  57.03
1960-1969       19      0.00066  0.00066  0.50   90655      59   90626  5082902  56.07
1960-1969       20      0.00074  0.00074  0.50   90596      67   90563  4992276  55.10
1960-1969       21      0.00083  0.00083  0.50   90529      75   90492  4901714  54.15
1960-1969       22      0.00080  0.00080  0.50   90454      72   90418  4811222  53.19
1960-1969       23      0.00088  0.00088  0.50   90382      80   90342  4720804  52.23
1960-1969       24      0.00094  0.00094  0.50   90302      85   90260  4630462  51.28
1960-1969       25      0.00092  0.00092  0.50   90217      83   90176  4540202  50.33
1960-1969       26      0.00108  0.00108  0.50   90135      97   90086  4450026  49.37
1960-1969       27      0.00105  0.00105  0.50   90038      94   89991  4359940  48.42
1960-1969       28      0.00114  0.00114  0.50   89944     102   89893  4269949  47.47
1960-1969       29      0.00122  0.00122  0.50   89842     109   89787  4180056  46.53
1960-1969       30      0.00126  0.00126  0.50   89732     113   89676  4090269  45.58
1960-1969       31      0.00127  0.00127  0.50   89619     114   89562  4000594  44.64
1960-1969       32      0.00133  0.00132  0.50   89505     119   89446  3911031  43.70
1960-1969       33      0.00140  0.00140  0.50   89387     125   89324  3821585  42.75
1960-1969       34      0.00152  0.00152  0.50   89262     136   89194  3732261  41.81
1960-1969       35      0.00159  0.00159  0.50   89126     142   89055  3643067  40.88
1960-1969       36      0.00176  0.00176  0.50   88984     156   88906  3554012  39.94
1960-1969       37      0.00181  0.00181  0.50   88828     160   88748  3465106  39.01
1960-1969       38      0.00188  0.00188  0.50   88667     167   88584  3376359  38.08
1960-1969       39      0.00211  0.00210  0.50   88500     186   88407  3287775  37.15
1960-1969       40      0.00230  0.00229  0.50   88314     202   88213  3199368  36.23
1960-1969       41      0.00222  0.00222  0.50   88112     196   88014  3111155  35.31
1960-1969       42      0.00252  0.00251  0.50   87916     221   87806  3023141  34.39
1960-1969       43      0.00264  0.00264  0.50   87695     231   87579  2935336  33.47
1960-1969       44      0.00270  0.00270  0.50   87464     236   87346  2847756  32.56
1960-1969       45      0.00309  0.00309  0.50   87227     269   87093  2760411  31.65
1960-1969       46      0.00311  0.00311  0.50   86958     270   86823  2673318  30.74
1960-1969       47      0.00333  0.00333  0.50   86688     289   86543  2586495  29.84
1960-1969       48      0.00389  0.00388  0.50   86399     336   86231  2499952  28.93
1960-1969       49      0.00413  0.00412  0.50   86064     355   85886  2413720  28.05
1960-1969       50      0.00460  0.00459  0.50   85709     393   85512  2327834  27.16
1960-1969       51      0.00467  0.00465  0.50   85315     397   85117  2242322  26.28
1960-1969       52      0.00557  0.00555  0.50   84918     472   84682  2157205  25.40
1960-1969       53      0.00579  0.00577  0.50   84447     487   84203  2072523  24.54
1960-1969       54      0.00630  0.00628  0.50   83959     527   83696  1988320  23.68
1960-1969       55      0.00657  0.00654  0.50   83432     546   83159  1904624  22.83
1960-1969       56      0.00737  0.00734  0.50   82886     608   82582  1821465  21.98
1960-1969       57      0.00794  0.00791  0.50   82277     651   81952  1738884  21.13
1960-1969       58      0.00890  0.00886  0.50   81626     724   81265  1656932  20.30
1960-1969       59      0.00933  0.00929  0.50   80903     751   80527  1575667  19.48
1960-1969       60      0.01131  0.01124  0.50   80152     901   79701  1495140  18.65
1960-1969       61      0.01131  0.01125  0.50   79251     891   78805  1415439  17.86
1960-1969       62      0.01306  0.01298  0.50   78359    1017   77851  1336634  17.06
1960-1969       63      0.01460  0.01449  0.50   77343    1121   76782  1258783  16.28
1960-1969       64      0.01627  0.01613  0.50   76222    1230   75607  1182001  15.51
1960-1969       65      0.01826  0.01809  0.50   74992    1357   74313  1106394  14.75
1960-1969       66      0.02043  0.02022  0.50   73635    1489   72890  1032081  14.02
1960-1969       67      0.02264  0.02238  0.50   72146    1615   71338   959190  13.30
1960-1969       68      0.02662  0.02627  0.50   70531    1853   69605   887852  12.59
1960-1969       69      0.02876  0.02836  0.50   68678    1947   67705   818247  11.91
1960-1969       70      0.03451  0.03392  0.50   66731    2264   65599   750543  11.25
1960-1969       71      0.03580  0.03517  0.50   64467    2267   63334   684943  10.62
1960-1969       72      0.04418  0.04323  0.50   62200    2689   60856   621610   9.99
1960-1969       73      0.04886  0.04770  0.50   59511    2839   58092   560754   9.42
1960-1969       74      0.05619  0.05465  0.50   56673    3097   55124   502662   8.87
1960-1969       75      0.06275  0.06084  0.50   53575    3260   51946   447538   8.35
1960-1969       76      0.07065  0.06824  0.50   50316    3434   48599   395592   7.86
1960-1969       77      0.07802  0.07509  0.50   46882    3520   45122   346993   7.40
1960-1969       78      0.09061  0.08668  0.50   43362    3759   41482   301871   6.96
1960-1969       79      0.09644  0.09201  0.50   39603    3644   37781   260389   6.57
1960-1969       80      0.10246  0.09747  0.50   35959    3505   34207   222608   6.19
1960-1969       81      0.10692  0.10149  0.50   32454    3294   30807   188401   5.81
1960-1969       82      0.12406  0.11682  0.50   29161    3406   27457   157593   5.40
1960-1969       83      0.13592  0.12727  0.50   25754    3278   24115   130136   5.05
1960-1969       84      0.15328  0.14237  0.50   22476    3200   20876   106021   4.72
1960-1969       85      0.17112  0.15763  0.50   19276    3039   17757    85144   4.42
1960-1969       86      0.18713  0.17112  0.50   16238    2779   14849    67387   4.15
1960-1969       87      0.19943  0.18135  0.50   13459    2441   12239    52539   3.90
1960-1969       88      0.22585  0.20293  0.50   11018    2236    9900    40300   3.66
1960-1969       89      0.24664  0.21956  0.50    8782    1928    7818    30400   3.46
1960-1969       90      0.25406  0.22542  0.50    6854    1545    6082    22581   3.29
1960-1969       91      0.26735  0.23582  0.50    5309    1252    4683    16500   3.11
1960-1969       92      0.29634  0.25810  0.50    4057    1047    3533    11817   2.91
1960-1969       93      0.30108  0.26168  0.50    3010     788    2616     8283   2.75
1960-1969       94      0.33442  0.28651  0.50    2222     637    1904     5667   2.55
1960-1969       95      0.37698  0.31719  0.50    1586     503    1334     3763   2.37
1960-1969       96      0.40351  0.33577  0.50    1083     364     901     2429   2.24
1960-1969       97      0.43062  0.35433  0.50     719     255     592     1528   2.12
1960-1969       98      0.45814  0.37276  0.50     464     173     378      936   2.02
1960-1969       99      0.48593  0.39094  0.50     291     114     234      559   1.92
1960-1969      100      0.51380  0.40878  0.50     177      73     141      324   1.83
1960-1969      101      0.54159  0.42618  0.50     105      45      83      183   1.75
1960-1969      102      0.56912  0.44305  0.50      60      27      47      101   1.67
1960-1969      103      0.59623  0.45930  0.50      34      15      26       54   1.61
1960-1969      104      0.62277  0.47489  0.50      18       9      14       28   1.55
1960-1969      105      0.64859  0.48976  0.50      10       5       7       14   1.49
1960-1969      106      0.67356  0.50387  0.50       5       2       4        7   1.44
1960-1969      107      0.69759  0.51720  0.50       2       1       2        3   1.40
1960-1969      108      0.72059  0.52973  0.50       1       1       1        2   1.36
1960-1969      109      0.74248  0.54147  0.50       1       0       0        1   1.33
1960-1969      110+     0.76322  1.00000  1.31       0       0       0        0   1.31
1970-1979        0      0.03591  0.03489  0.19  100000    3489   97160  7251120  72.51
1970-1979        1      0.00406  0.00405  0.50   96511     391   96316  7153959  74.13
1970-1979        2      0.00189  0.00188  0.50   96120     181   96030  7057643  73.43
1970-1979        3      0.00131  0.00131  0.50   95939     126   95876  6961614  72.56
1970-1979        4      0.00094  0.00094  0.50   95814      90   95769  6865737  71.66
1970-1979        5      0.00074  0.00074  0.50   95724      71   95688  6769969  70.72
1970-1979        6      0.00067  0.00067  0.50   95652      64   95620  6674281  69.78
1970-1979        7      0.00053  0.00053  0.50   95588      51   95563  6578661  68.82
1970-1979        8      0.00047  0.00047  0.50   95537      45   95515  6483098  67.86
1970-1979        9      0.00050  0.00050  0.50   95493      48   95469  6387583  66.89
1970-1979       10      0.00040  0.00040  0.50   95445      38   95426  6292115  65.92
1970-1979       11      0.00045  0.00045  0.50   95407      43   95386  6196689  64.95
1970-1979       12      0.00040  0.00040  0.50   95364      38   95345  6101303  63.98
1970-1979       13      0.00043  0.00043  0.50   95326      41   95306  6005958  63.00
1970-1979       14      0.00048  0.00048  0.50   95285      45   95263  5910652  62.03
1970-1979       15      0.00047  0.00047  0.50   95240      45   95218  5815389  61.06
1970-1979       16      0.00053  0.00053  0.50   95195      50   95170  5720171  60.09
1970-1979       17      0.00055  0.00055  0.50   95145      52   95119  5625001  59.12
1970-1979       18      0.00059  0.00059  0.50   95093      56   95065  5529882  58.15
1970-1979       19      0.00060  0.00060  0.50   95037      57   95009  5434817  57.19
1970-1979       20      0.00060  0.00060  0.50   94981      57   94952  5339808  56.22
1970-1979       21      0.00069  0.00069  0.50   94924      65   94891  5244856  55.25
1970-1979       22      0.00063  0.00063  0.50   94859      60   94829  5149964  54.29
1970-1979       23      0.00068  0.00068  0.50   94799      65   94767  5055135  53.32
1970-1979       24      0.00073  0.00073  0.50   94734      69   94700  4960369  52.36
1970-1979       25      0.00072  0.00072  0.50   94665      68   94631  4865669  51.40
1970-1979       26      0.00078  0.00078  0.50   94597      74   94560  4771038  50.44
1970-1979       27      0.00081  0.00081  0.50   94523      77   94485  4676478  49.47
1970-1979       28      0.00082  0.00082  0.50   94447      77   94408  4581993  48.51
1970-1979       29      0.00083  0.00083  0.50   94369      78   94330  4487585  47.55
1970-1979       30      0.00089  0.00089  0.50   94291      84   94249  4393255  46.59
1970-1979       31      0.00098  0.00098  0.50   94207      92   94160  4299006  45.63
1970-1979       32      0.00105  0.00105  0.50   94114      99   94065  4204846  44.68
1970-1979       33      0.00109  0.00109  0.50   94016     103   93964  4110781  43.72
1970-1979       34      0.00115  0.00115  0.50   93913     108   93858  4016817  42.77
1970-1979       35      0.00129  0.00129  0.50   93804     121   93744  3922958  41.82
1970-1979       36      0.00136  0.00136  0.50   93684     127   93620  3829214  40.87
1970-1979       37      0.00140  0.00139  0.50   93556     130   93491  3735594  39.93
1970-1979       38      0.00167  0.00167  0.50   93426     156   93348  3642103  38.98
1970-1979       39      0.00177  0.00177  0.50   93270     165   93188  3548755  38.05
1970-1979       40      0.00187  0.00187  0.50   93106     174   93019  3455567  37.11
1970-1979       41      0.00190  0.00190  0.50   92932     176   92844  3362548  36.18
1970-1979       42      0.00210  0.00209  0.50   92755     194   92658  3269704  35.25
1970-1979       43      0.00234  0.00234  0.50   92561     216   92453  3177046  34.32
1970-1979       44      0.00242  0.00242  0.50   92345     224   92233  3084593  33.40
1970-1979       45      0.00261  0.00261  0.50   92121     240   92001  2992360  32.48
1970-1979       46      0.00297  0.00296  0.50   91881     272   91745  2900359  31.57
1970-1979       47      0.00316  0.00316  0.50   91609     289   91464  2808614  30.66
1970-1979       48      0.00357  0.00357  0.50   91319     326   91156  2717150  29.75
1970-1979       49      0.00368  0.00368  0.50   90993     335   90826  2625994  28.86
1970-1979       50      0.00416  0.00415  0.50   90659     377   90471  2535168  27.96
1970-1979       51      0.00425  0.00424  0.50   90282     383   90091  2444697  27.08
1970-1979       52      0.00474  0.00473  0.50   89899     425   89687  2354606  26.19
1970-1979       53      0.00517  0.00516  0.50   89474     462   89243  2264920  25.31
1970-1979       54      0.00538  0.00537  0.50   89013     478   88774  2175676  24.44
1970-1979       55      0.00593  0.00591  0.50   88535     523   88273  2086902  23.57
1970-1979       56      0.00654  0.00651  0.50   88012     573   87725  1998629  22.71
1970-1979       57      0.00684  0.00681  0.50   87439     596   87141  1910903  21.85
1970-1979       58      0.00790  0.00787  0.50   86843     683   86501  1823763  21.00
1970-1979       59      0.00839  0.00835  0.50   86160     720   85800  1737262  20.16
1970-1979       60      0.00962  0.00958  0.50   85440     818   85031  1651462  19.33
1970-1979       61      0.01041  0.01036  0.50   84622     877   84183  1566431  18.51
1970-1979       62      0.01173  0.01166  0.50   83745     977   83257  1482247  17.70
1970-1979       63      0.01309  0.01300  0.50   82768    1076   82230  1398991  16.90
1970-1979       64      0.01459  0.01448  0.50   81692    1183   81100  1316760  16.12
1970-1979       65      0.01586  0.01574  0.50   80509    1267   79875  1235660  15.35
1970-1979       66      0.01788  0.01772  0.50   79242    1404   78540  1155785  14.59
1970-1979       67      0.02012  0.01992  0.50   77837    1550   77062  1077245  13.84
1970-1979       68      0.02289  0.02263  0.50   76287    1727   75424  1000183  13.11
1970-1979       69      0.02609  0.02575  0.50   74561    1920   73601   924759  12.40
1970-1979       70      0.02989  0.02945  0.50   72640    2139   71571   851158  11.72
1970-1979       71      0.03326  0.03271  0.50   70501    2306   69348   779588  11.06
1970-1979       72      0.03805  0.03734  0.50   68195    2546   66922   710240  10.41
1970-1979       73      0.04374  0.04281  0.50   65648    2810   64243   643318   9.80
1970-1979       74      0.05071  0.04946  0.50   62838    3108   61284   579075   9.22
1970-1979       75      0.05811  0.05647  0.50   59730    3373   58044   517790   8.67
1970-1979       76      0.06464  0.06261  0.50   56358    3529   54593   459746   8.16
1970-1979       77      0.07137  0.06891  0.50   52829    3641   51009   405153   7.67
1970-1979       78      0.08402  0.08063  0.50   49188    3966   47205   354145   7.20
1970-1979       79      0.09513  0.09081  0.50   45222    4107   43169   306939   6.79
1970-1979       80      0.09406  0.08983  0.50   41116    3694   39269   263771   6.42
1970-1979       81      0.10159  0.09668  0.50   37422    3618   35613   224502   6.00
1970-1979       82      0.11712  0.11064  0.50   33804    3740   31934   188889   5.59
1970-1979       83      0.12813  0.12042  0.50   30064    3620   28254   156955   5.22
1970-1979       84      0.14410  0.13441  0.50   26444    3554   24667   128701   4.87
1970-1979       85      0.15551  0.14429  0.50   22889    3303   21238   104034   4.55
1970-1979       86      0.17847  0.16385  0.50   19587    3209   17982    82796   4.23
1970-1979       87      0.19435  0.17714  0.50   16377    2901   14927    64814   3.96
1970-1979       88      0.21617  0.19508  0.50   13476    2629   12162    49888   3.70
1970-1979       89      0.23707  0.21195  0.50   10847    2299    9698    37726   3.48
1970-1979       90      0.25522  0.22633  0.50    8548    1935    7581    28028   3.28
1970-1979       91      0.26763  0.23605  0.50    6613    1561    5833    20447   3.09
1970-1979       92      0.28701  0.25099  0.50    5052    1268    4418    14614   2.89
1970-1979       93      0.31319  0.27079  0.50    3784    1025    3272    10196   2.69
1970-1979       94      0.34524  0.29442  0.50    2760     812    2353     6924   2.51
1970-1979       95      0.37964  0.31907  0.50    1947     621    1636     4571   2.35
1970-1979       96      0.40790  0.33880  0.50    1326     449    1101     2934   2.21
1970-1979       97      0.43677  0.35848  0.50     877     314     720     1833   2.09
1970-1979       98      0.46609  0.37800  0.50     562     213     456     1114   1.98
1970-1979       99      0.49563  0.39720  0.50     350     139     280      657   1.88
1970-1979      100      0.52521  0.41597  0.50     211      88     167      377   1.79
1970-1979      101      0.55461  0.43421  0.50     123      53      96      210   1.71
1970-1979      102      0.58364  0.45180  0.50      70      31      54      114   1.63
1970-1979      103      0.61210  0.46866  0.50      38      18      29       60   1.57
1970-1979      104      0.63981  0.48474  0.50      20      10      15       31   1.51
1970-1979      105      0.66662  0.49997  0.50      10       5       8       15   1.45
1970-1979      106      0.69239  0.51433  0.50       5       3       4        7   1.40
1970-1979      107      0.71702  0.52780  0.50       3       1       2        3   1.36
1970-1979      108      0.74042  0.54037  0.50       1       1       1        2   1.33
1970-1979      109      0.76252  0.55205  0.50       1       0       0        1   1.30
1970-1979      110+     0.78329  1.00000  1.28       0       0       0        0   1.28
1980-1989        0      0.01595  0.01573  0.12  100000    1573   98610  7662484  76.62
1980-1989        1      0.00155  0.00155  0.50   98427     153   98351  7563874  76.85
1980-1989        2      0.00091  0.00091  0.50   98275      89   98230  7465523  75.97
1980-1989        3      0.00063  0.00063  0.50   98186      61   98155  7367292  75.03
1980-1989        4      0.00052  0.00052  0.50   98125      51   98099  7269137  74.08
1980-1989        5      0.00042  0.00042  0.50   98074      42   98053  7171038  73.12
1980-1989        6      0.00039  0.00039  0.50   98032      39   98013  7072985  72.15
1980-1989        7      0.00035  0.00035  0.50   97994      34   97976  6974972  71.18
1980-1989        8      0.00033  0.00033  0.50   97959      33   97943  6876996  70.20
1980-1989        9      0.00026  0.00026  0.50   97927      25   97914  6779053  69.23
1980-1989       10      0.00028  0.00028  0.50   97901      27   97888  6681139  68.24
1980-1989       11      0.00031  0.00031  0.50   97874      30   97859  6583251  67.26
1980-1989       12      0.00028  0.00028  0.50   97844      27   97830  6485392  66.28
1980-1989       13      0.00031  0.00031  0.50   97817      31   97802  6387562  65.30
1980-1989       14      0.00039  0.00039  0.50   97786      38   97767  6289760  64.32
1980-1989       15      0.00045  0.00045  0.50   97748      44   97726  6191993  63.35
1980-1989       16      0.00049  0.00049  0.50   97705      48   97681  6094266  62.37
1980-1989       17      0.00050  0.00050  0.50   97657      49   97632  5996586  61.40
1980-1989       18      0.00053  0.00053  0.50   97608      52   97582  5898953  60.44
1980-1989       19      0.00057  0.00057  0.50   97556      56   97528  5801371  59.47
1980-1989       20      0.00054  0.00054  0.50   97500      53   97474  5703843  58.50
1980-1989       21      0.00056  0.00056  0.50   97447      55   97420  5606370  57.53
1980-1989       22      0.00053  0.00053  0.50   97392      52   97367  5508950  56.56
1980-1989       23      0.00053  0.00053  0.50   97341      52   97315  5411583  55.59
1980-1989       24      0.00054  0.00054  0.50   97289      52   97263  5314268  54.62
1980-1989       25      0.00053  0.00053  0.50   97237      52   97211  5217005  53.65
1980-1989       26      0.00059  0.00059  0.50   97185      58   97156  5119795  52.68
1980-1989       27      0.00062  0.00062  0.50   97127      60   97097  5022639  51.71
1980-1989       28      0.00062  0.00062  0.50   97067      60   97037  4925541  50.74
1980-1989       29      0.00070  0.00070  0.50   97007      68   96973  4828505  49.78
1980-1989       30      0.00073  0.00073  0.50   96938      71   96903  4731532  48.81
1980-1989       31      0.00080  0.00080  0.50   96868      77   96829  4634629  47.85
1980-1989       32      0.00081  0.00081  0.50   96790      78   96751  4537800  46.88
1980-1989       33      0.00090  0.00090  0.50   96712      87   96669  4441049  45.92
1980-1989       34      0.00090  0.00090  0.50   96625      87   96582  4344380  44.96
1980-1989       35      0.00100  0.00100  0.50   96538      96   96490  4247798  44.00
1980-1989       36      0.00110  0.00110  0.50   96442     106   96389  4151308  43.04
1980-1989       37      0.00116  0.00116  0.50   96336     112   96280  4054919  42.09
1980-1989       38      0.00133  0.00133  0.50   96224     128   96160  3958639  41.14
1980-1989       39      0.00140  0.00140  0.50   96096     135   96029  3862479  40.19
1980-1989       40      0.00157  0.00157  0.50   95961     150   95886  3766450  39.25
1980-1989       41      0.00167  0.00167  0.50   95811     160   95731  3670564  38.31
1980-1989       42      0.00177  0.00177  0.50   95651     170   95566  3574833  37.37
1980-1989       43      0.00191  0.00191  0.50   95481     182   95390  3479267  36.44
1980-1989       44      0.00198  0.00198  0.50   95299     189   95205  3383876  35.51
1980-1989       45      0.00217  0.00217  0.50   95110     206   95007  3288671  34.58
1980-1989       46      0.00253  0.00252  0.50   94904     239   94784  3193664  33.65
1980-1989       47      0.00264  0.00264  0.50   94665     250   94540  3098880  32.74
1980-1989       48      0.00295  0.00294  0.50   94414     278   94276  3004340  31.82
1980-1989       49      0.00303  0.00303  0.50   94137     285   93994  2910065  30.91
1980-1989       50      0.00338  0.00338  0.50   93852     317   93693  2816070  30.01
1980-1989       51      0.00358  0.00358  0.50   93535     334   93368  2722377  29.11
1980-1989       52      0.00389  0.00389  0.50   93200     362   93019  2629010  28.21
1980-1989       53      0.00414  0.00413  0.50   92838     383   92646  2535991  27.32
1980-1989       54      0.00448  0.00447  0.50   92455     413   92248  2443344  26.43
1980-1989       55      0.00478  0.00477  0.50   92042     439   91822  2351096  25.54
1980-1989       56      0.00535  0.00534  0.50   91603     489   91359  2259274  24.66
1980-1989       57      0.00562  0.00560  0.50   91114     510   90859  2167915  23.79
1980-1989       58      0.00649  0.00647  0.50   90604     586   90311  2077056  22.92
1980-1989       59      0.00687  0.00685  0.50   90018     616   89710  1986745  22.07
1980-1989       60      0.00761  0.00758  0.50   89402     678   89063  1897036  21.22
1980-1989       61      0.00803  0.00800  0.50   88724     710   88369  1807973  20.38
1980-1989       62      0.00895  0.00891  0.50   88014     784   87622  1719604  19.54
1980-1989       63      0.01009  0.01004  0.50   87230     876   86792  1631982  18.71
1980-1989       64      0.01103  0.01097  0.50   86354     947   85880  1545190  17.89
1980-1989       65      0.01214  0.01207  0.50   85407    1031   84891  1459310  17.09
1980-1989       66      0.01375  0.01366  0.50   84376    1152   83800  1374418  16.29
1980-1989       67      0.01530  0.01518  0.50   83224    1264   82592  1290618  15.51
1980-1989       68      0.01749  0.01734  0.50   81960    1421   81250  1208026  14.74
1980-1989       69      0.01931  0.01913  0.50   80539    1540   79769  1126777  13.99
1980-1989       70      0.02254  0.02229  0.50   78999    1761   78118  1047008  13.25
1980-1989       71      0.02451  0.02421  0.50   77238    1870   76303   968889  12.54
1980-1989       72      0.02853  0.02813  0.50   75368    2120   74308   892586  11.84
1980-1989       73      0.03167  0.03118  0.50   73247    2283   72106   818279  11.17
1980-1989       74      0.03714  0.03647  0.50   70964    2588   69670   746173  10.51
1980-1989       75      0.04199  0.04113  0.50   68376    2812   66970   676503   9.89
1980-1989       76      0.04805  0.04693  0.50   65564    3077   64026   609533   9.30
1980-1989       77      0.05441  0.05297  0.50   62487    3310   60832   545507   8.73
1980-1989       78      0.06243  0.06054  0.50   59177    3583   57386   484675   8.19
1980-1989       79      0.07057  0.06817  0.50   55595    3790   53700   427289   7.69
1980-1989       80      0.07637  0.07356  0.50   51805    3811   49900   373589   7.21
1980-1989       81      0.08489  0.08143  0.50   47994    3908   46040   323689   6.74
1980-1989       82      0.09526  0.09093  0.50   44086    4009   42082   277649   6.30
1980-1989       83      0.10775  0.10224  0.50   40077    4097   38028   235568   5.88
1980-1989       84      0.11882  0.11216  0.50   35980    4035   33962   197539   5.49
1980-1989       85      0.13364  0.12527  0.50   31944    4002   29943   163577   5.12
1980-1989       86      0.14881  0.13851  0.50   27943    3870   26007   133634   4.78
1980-1989       87      0.16206  0.14991  0.50   24072    3609   22268   107626   4.47
1980-1989       88      0.18106  0.16603  0.50   20464    3398   18765    85358   4.17
1980-1989       89      0.19771  0.17993  0.50   17066    3071   15531    66594   3.90
1980-1989       90      0.21924  0.19758  0.50   13995    2765   12613    51063   3.65
1980-1989       91      0.23559  0.21077  0.50   11230    2367   10047    38450   3.42
1980-1989       92      0.25741  0.22806  0.50    8863    2021    7853    28403   3.20
1980-1989       93      0.27473  0.24155  0.50    6842    1653    6016    20551   3.00
1980-1989       94      0.29856  0.25978  0.50    5189    1348    4515    14535   2.80
1980-1989       95      0.33290  0.28539  0.50    3841    1096    3293    10020   2.61
1980-1989       96      0.35984  0.30497  0.50    2745     837    2326     6727   2.45
1980-1989       97      0.38769  0.32474  0.50    1908     620    1598     4400   2.31
1980-1989       98      0.41630  0.34457  0.50    1288     444    1066     2802   2.18
1980-1989       99      0.44548  0.36433  0.50     844     308     691     1736   2.06
1980-1989      100      0.47504  0.38386  0.50     537     206     434     1046   1.95
1980-1989      101      0.50478  0.40305  0.50     331     133     264      612   1.85
1980-1989      102      0.53448  0.42177  0.50     197      83     156      348   1.76
1980-1989      103      0.56394  0.43990  0.50     114      50      89      192   1.68
1980-1989      104      0.59296  0.45736  0.50      64      29      49      103   1.61
1980-1989      105      0.62134  0.47406  0.50      35      16      26       54   1.55
1980-1989      106      0.64892  0.48995  0.50      18       9      14       27   1.49
1980-1989      107      0.67553  0.50497  0.50       9       5       7       13   1.44
1980-1989      108      0.70106  0.51910  0.50       5       2       3        6   1.39
1980-1989      109      0.72540  0.53232  0.50       2       1       2        3   1.36
1980-1989      110+     0.74846  1.00000  1.34       1       1       1        1   1.34
1990-1999        0      0.00719  0.00715  0.13  100000     715   99381  7895959  78.96
1990-1999        1      0.00082  0.00082  0.50   99285      82   99244  7796578  78.53
1990-1999        2      0.00048  0.00048  0.50   99204      47   99180  7697333  77.59
1990-1999        3      0.00043  0.00043  0.50   99156      43   99135  7598153  76.63
1990-1999        4      0.00035  0.00035  0.50   99114      35   99096  7499018  75.66
1990-1999        5      0.00033  0.00033  0.50   99079      33   99062  7399922  74.69
1990-1999        6      0.00031  0.00031  0.50   99046      30   99031  7300860  73.71
1990-1999        7      0.00028  0.00028  0.50   99015      28   99001  7201829  72.73
1990-1999        8      0.00025  0.00025  0.50   98987      25   98975  7102828  71.75
1990-1999        9      0.00023  0.00023  0.50   98963      23   98951  7003853  70.77
1990-1999       10      0.00025  0.00025  0.50   98940      25   98927  6904902  69.79
1990-1999       11      0.00024  0.00024  0.50   98915      24   98903  6805974  68.81
1990-1999       12      0.00023  0.00023  0.50   98891      23   98880  6707071  67.82
1990-1999       13      0.00023  0.00023  0.50   98868      23   98857  6608191  66.84
1990-1999       14      0.00032  0.00032  0.50   98846      32   98830  6509334  65.85
1990-1999       15      0.00032  0.00032  0.50   98814      32   98798  6410504  64.87
1990-1999       16      0.00036  0.00036  0.50   98782      36   98764  6311706  63.90
1990-1999       17      0.00039  0.00039  0.50   98746      38   98727  6212942  62.92
1990-1999       18      0.00037  0.00037  0.50   98708      37   98689  6114216  61.94
1990-1999       19      0.00043  0.00043  0.50   98671      43   98650  6015526  60.97
1990-1999       20      0.00044  0.00044  0.50   98628      43   98607  5916877  59.99
1990-1999       21      0.00051  0.00051  0.50   98585      50   98560  5818270  59.02
1990-1999       22      0.00049  0.00049  0.50   98535      48   98511  5719710  58.05
1990-1999       23      0.00050  0.00050  0.50   98487      49   98462  5621199  57.08
1990-1999       24      0.00058  0.00058  0.50   98438      57   98409  5522737  56.10
1990-1999       25      0.00054  0.00054  0.50   98381      53   98355  5424327  55.14
1990-1999       26      0.00061  0.00061  0.50   98328      60   98299  5325973  54.17
1990-1999       27      0.00063  0.00063  0.50   98269      62   98237  5227674  53.20
1990-1999       28      0.00062  0.00062  0.50   98206      61   98176  5129437  52.23
1990-1999       29      0.00064  0.00064  0.50   98145      62   98114  5031261  51.26
1990-1999       30      0.00064  0.00064  0.50   98083      63   98051  4933147  50.30
1990-1999       31      0.00075  0.00075  0.50   98020      74   97983  4835096  49.33
1990-1999       32      0.00070  0.00070  0.50   97946      69   97912  4737113  48.36
1990-1999       33      0.00089  0.00089  0.50   97877      87   97834  4639201  47.40
1990-1999       34      0.00095  0.00095  0.50   97790      93   97744  4541367  46.44
1990-1999       35      0.00099  0.00099  0.50   97698      97   97649  4443623  45.48
1990-1999       36      0.00095  0.00095  0.50   97601      93   97555  4345974  44.53
1990-1999       37      0.00108  0.00108  0.50   97508     105   97456  4248419  43.57
1990-1999       38      0.00111  0.00111  0.50   97403     108   97349  4150963  42.62
1990-1999       39      0.00122  0.00122  0.50   97295     119   97235  4053614  41.66
1990-1999       40      0.00137  0.00137  0.50   97176     133   97109  3956379  40.71
1990-1999       41      0.00142  0.00142  0.50   97042     137   96974  3859270  39.77
1990-1999       42      0.00158  0.00158  0.50   96905     153   96829  3762296  38.82
1990-1999       43      0.00162  0.00162  0.50   96752     156   96674  3665467  37.89
1990-1999       44      0.00176  0.00176  0.50   96596     170   96511  3568794  36.95
1990-1999       45      0.00199  0.00199  0.50   96426     192   96330  3472283  36.01
1990-1999       46      0.00217  0.00216  0.50   96234     208   96130  3375953  35.08
1990-1999       47      0.00217  0.00217  0.50   96026     209   95921  3279824  34.16
1990-1999       48      0.00234  0.00234  0.50   95817     224   95705  3183902  33.23
1990-1999       49      0.00254  0.00254  0.50   95593     243   95471  3088198  32.31
1990-1999       50      0.00290  0.00289  0.50   95350     276   95212  2992726  31.39
1990-1999       51      0.00311  0.00310  0.50   95074     295   94927  2897514  30.48
1990-1999       52      0.00334  0.00334  0.50   94780     316   94621  2802587  29.57
1990-1999       53      0.00364  0.00364  0.50   94463     344   94291  2707966  28.67
1990-1999       54      0.00368  0.00367  0.50   94120     346   93947  2613674  27.77
1990-1999       55      0.00409  0.00408  0.50   93774     382   93583  2519727  26.87
1990-1999       56      0.00449  0.00448  0.50   93392     418   93182  2426145  25.98
1990-1999       57      0.00479  0.00477  0.50   92973     444   92751  2332962  25.09
1990-1999       58      0.00517  0.00515  0.50   92529     477   92291  2240211  24.21
1990-1999       59      0.00570  0.00569  0.50   92053     524   91791  2147920  23.33
1990-1999       60      0.00633  0.00631  0.50   91529     577   91240  2056129  22.46
1990-1999       61      0.00681  0.00678  0.50   90952     617   90643  1964889  21.60
1990-1999       62      0.00726  0.00723  0.50   90335     653   90008  1874246  20.75
1990-1999       63      0.00815  0.00812  0.50   89681     728   89317  1784238  19.90
1990-1999       64      0.00918  0.00914  0.50   88953     813   88546  1694921  19.05
1990-1999       65      0.01037  0.01031  0.50   88140     909   87685  1606374  18.23
1990-1999       66      0.01121  0.01115  0.50   87231     972   86745  1518689  17.41
1990-1999       67      0.01247  0.01239  0.50   86258    1069   85724  1431944  16.60
1990-1999       68      0.01413  0.01403  0.50   85190    1195   84592  1346220  15.80
1990-1999       69      0.01586  0.01573  0.50   83994    1321   83334  1261628  15.02
1990-1999       70      0.01832  0.01815  0.50   82673    1501   81923  1178294  14.25
1990-1999       71      0.02058  0.02037  0.50   81172    1654   80345  1096372  13.51
1990-1999       72      0.02298  0.02272  0.50   79518    1807   78615  1016026  12.78
1990-1999       73      0.02619  0.02585  0.50   77712    2009   76707   937411  12.06
1990-1999       74      0.03059  0.03013  0.50   75703    2281   74562   860704  11.37
1990-1999       75      0.03451  0.03393  0.50   73422    2491   72176   786142  10.71
1990-1999       76      0.03942  0.03865  0.50   70931    2742   69560   713966  10.07
1990-1999       77      0.04544  0.04443  0.50   68189    3030   66674   644406   9.45
1990-1999       78      0.05161  0.05031  0.50   65159    3278   63520   577732   8.87
1990-1999       79      0.05849  0.05683  0.50   61881    3517   60123   514211   8.31
1990-1999       80      0.06404  0.06206  0.50   58364    3622   56553   454089   7.78
1990-1999       81      0.07173  0.06924  0.50   54743    3791   52847   397535   7.26
1990-1999       82      0.08169  0.07848  0.50   50952    3999   48952   344688   6.76
1990-1999       83      0.09277  0.08866  0.50   46953    4163   44872   295736   6.30
1990-1999       84      0.10461  0.09941  0.50   42790    4254   40663   250864   5.86
1990-1999       85      0.11815  0.11156  0.50   38536    4299   36387   210201   5.45
1990-1999       86      0.13202  0.12384  0.50   34237    4240   32117   173814   5.08
1990-1999       87      0.14650  0.13650  0.50   29997    4095   27950   141696   4.72
1990-1999       88      0.16398  0.15155  0.50   25903    3926   23940   113746   4.39
1990-1999       89      0.18310  0.16775  0.50   21977    3687   20134    89806   4.09
1990-1999       90      0.20171  0.18323  0.50   18290    3351   16615    69673   3.81
1990-1999       91      0.21972  0.19797  0.50   14939    2957   13460    53058   3.55
1990-1999       92      0.24714  0.21996  0.50   11982    2635   10664    39598   3.30
1990-1999       93      0.26184  0.23153  0.50    9346    2164    8264    28934   3.10
1990-1999       94      0.28464  0.24918  0.50    7182    1790    6287    20670   2.88
1990-1999       95      0.32057  0.27628  0.50    5393    1490    4648    14382   2.67
1990-1999       96      0.34897  0.29713  0.50    3903    1160    3323     9735   2.49
1990-1999       97      0.37849  0.31826  0.50    2743     873    2307     6412   2.34
1990-1999       98      0.40895  0.33952  0.50    1870     635    1553     4105   2.20
1990-1999       99      0.44011  0.36073  0.50    1235     446    1012     2553   2.07
1990-1999      100      0.47176  0.38172  0.50     790     301     639     1540   1.95
1990-1999      101      0.50363  0.40232  0.50     488     196     390      901   1.85
1990-1999      102      0.53548  0.42239  0.50     292     123     230      511   1.75
1990-1999      103      0.56703  0.44178  0.50     169      74     131      281   1.67
1990-1999      104      0.59806  0.46039  0.50      94      43      72      150   1.59
1990-1999      105      0.62831  0.47811  0.50      51      24      39       78   1.53
1990-1999      106      0.65760  0.49488  0.50      26      13      20       39   1.47
1990-1999      107      0.68573  0.51065  0.50      13       7      10       19   1.42
1990-1999      108      0.71256  0.52538  0.50       7       3       5        9   1.37
1990-1999      109      0.73797  0.53906  0.50       3       2       2        4   1.34
1990-1999      110+     0.76189  1.00000  1.31       1       1       2        2   1.31
2000-2009        0      0.00376  0.00374  0.14  100000     374   99679  8162677  81.63
2000-2009        1      0.00039  0.00039  0.50   99626      39   99606  8062998  80.93
2000-2009        2      0.00027  0.00027  0.50   99587      27   99573  7963392  79.96
2000-2009        3      0.00018  0.00018  0.50   99559      18   99551  7863819  78.99
2000-2009        4      0.00014  0.00014  0.50   99542      13   99535  7764268  78.00
2000-2009        5      0.00016  0.00016  0.50   99528      16   99521  7664733  77.01
2000-2009        6      0.00015  0.00015  0.50   99513      15   99505  7565213  76.02
2000-2009        7      0.00014  0.00014  0.50   99498      14   99491  7465707  75.03
2000-2009        8      0.00013  0.00013  0.50   99484      13   99477  7366217  74.04
2000-2009        9      0.00013  0.00013  0.50   99471      13   99464  7266740  73.05
2000-2009       10      0.00015  0.00015  0.50   99458      15   99450  7167276  72.06
2000-2009       11      0.00015  0.00015  0.50   99442      15   99435  7067826  71.07
2000-2009       12      0.00017  0.00017  0.50   99427      17   99419  6968391  70.09
2000-2009       13      0.00014  0.00014  0.50   99411      14   99404  6868972  69.10
2000-2009       14      0.00019  0.00019  0.50   99396      19   99387  6769568  68.11
2000-2009       15      0.00024  0.00024  0.50   99377      24   99365  6670181  67.12
2000-2009       16      0.00025  0.00025  0.50   99353      25   99341  6570816  66.14
2000-2009       17      0.00022  0.00022  0.50   99329      22   99318  6471475  65.15
2000-2009       18      0.00029  0.00029  0.50   99307      28   99293  6372157  64.17
2000-2009       19      0.00030  0.00030  0.50   99279      29   99264  6272864  63.18
2000-2009       20      0.00035  0.00035  0.50   99249      35   99232  6173600  62.20
2000-2009       21      0.00028  0.00028  0.50   99214      28   99200  6074369  61.22
2000-2009       22      0.00031  0.00031  0.50   99186      31   99171  5975168  60.24
2000-2009       23      0.00034  0.00034  0.50   99155      34   99139  5875998  59.26
2000-2009       24      0.00038  0.00038  0.50   99122      37   99103  5776859  58.28
2000-2009       25      0.00037  0.00037  0.50   99084      37   99066  5677756  57.30
2000-2009       26      0.00037  0.00037  0.50   99047      37   99029  5578690  56.32
2000-2009       27      0.00038  0.00038  0.50   99011      37   98992  5479661  55.34
2000-2009       28      0.00038  0.00038  0.50   98973      37   98955  5380669  54.36
2000-2009       29      0.00044  0.00044  0.50   98936      44   98914  5281715  53.39
2000-2009       30      0.00052  0.00052  0.50   98892      51   98867  5182801  52.41
2000-2009       31      0.00050  0.00050  0.50   98841      49   98817  5083934  51.44
2000-2009       32      0.00057  0.00057  0.50   98792      56   98764  4985117  50.46
2000-2009       33      0.00060  0.00060  0.50   98736      59   98707  4886353  49.49
2000-2009       34      0.00062  0.00062  0.50   98677      61   98646  4787646  48.52
2000-2009       35      0.00072  0.00072  0.50   98616      71   98580  4689000  47.55
2000-2009       36      0.00078  0.00078  0.50   98544      77   98506  4590420  46.58
2000-2009       37      0.00081  0.00081  0.50   98467      80   98427  4491914  45.62
2000-2009       38      0.00086  0.00086  0.50   98387      85   98345  4393487  44.66
2000-2009       39      0.00102  0.00102  0.50   98302     101   98252  4295142  43.69
2000-2009       40      0.00109  0.00109  0.50   98202     107   98148  4196890  42.74
2000-2009       41      0.00115  0.00115  0.50   98095     113   98038  4098742  41.78
2000-2009       42      0.00130  0.00130  0.50   97982     127   97918  4000703  40.83
2000-2009       43      0.00130  0.00130  0.50   97855     128   97791  3902785  39.88
2000-2009       44      0.00149  0.00148  0.50   97727     145   97655  3804994  38.93
2000-2009       45      0.00167  0.00167  0.50   97582     163   97501  3707339  37.99
2000-2009       46      0.00167  0.00167  0.50   97420     163   97338  3609838  37.05
2000-2009       47      0.00194  0.00194  0.50   97257     189   97163  3512500  36.12
2000-2009       48      0.00212  0.00212  0.50   97068     206   96965  3415337  35.18
2000-2009       49      0.00215  0.00215  0.50   96863     208   96758  3318372  34.26
2000-2009       50      0.00224  0.00223  0.50   96654     216   96546  3221614  33.33
2000-2009       51      0.00254  0.00254  0.50   96438     245   96316  3125067  32.40
2000-2009       52      0.00275  0.00275  0.50   96194     264   96061  3028751  31.49
2000-2009       53      0.00278  0.00278  0.50   95929     267   95796  2932690  30.57
2000-2009       54      0.00303  0.00302  0.50   95663     289   95518  2836894  29.66
2000-2009       55      0.00326  0.00325  0.50   95373     310   95218  2741376  28.74
2000-2009       56      0.00340  0.00339  0.50   95063     322   94902  2646158  27.84
2000-2009       57      0.00369  0.00368  0.50   94741     349   94567  2551255  26.93
2000-2009       58      0.00417  0.00416  0.50   94392     393   94196  2456689  26.03
2000-2009       59      0.00440  0.00439  0.50   93999     413   93793  2362493  25.13
2000-2009       60      0.00485  0.00483  0.50   93586     452   93360  2268700  24.24
2000-2009       61      0.00523  0.00521  0.50   93134     486   92891  2175340  23.36
2000-2009       62      0.00576  0.00575  0.50   92648     532   92382  2082449  22.48
2000-2009       63      0.00612  0.00610  0.50   92116     562   91835  1990068  21.60
2000-2009       64      0.00691  0.00689  0.50   91554     631   91239  1898233  20.73
2000-2009       65      0.00766  0.00763  0.50   90923     694   90576  1806994  19.87
2000-2009       66      0.00832  0.00829  0.50   90229     748   89855  1716418  19.02
2000-2009       67      0.00945  0.00941  0.50   89481     842   89060  1626563  18.18
2000-2009       68      0.01045  0.01040  0.50   88640     922   88179  1537502  17.35
2000-2009       69      0.01189  0.01181  0.50   87718    1036   87200  1449323  16.52
2000-2009       70      0.01347  0.01338  0.50   86682    1160   86102  1362124  15.71
2000-2009       71      0.01522  0.01511  0.50   85521    1292   84875  1276022  14.92
2000-2009       72      0.01718  0.01703  0.50   84229    1435   83512  1191147  14.14
2000-2009       73      0.01966  0.01947  0.50   82795    1612   81989  1107634  13.38
2000-2009       74      0.02267  0.02241  0.50   81183    1819   80273  1025646  12.63
2000-2009       75      0.02568  0.02536  0.50   79363    2012   78357   945373  11.91
2000-2009       76      0.02942  0.02899  0.50   77351    2242   76230   867015  11.21
2000-2009       77      0.03397  0.03340  0.50   75109    2509   73854   790786  10.53
2000-2009       78      0.03841  0.03769  0.50   72600    2736   71232   716931   9.88
2000-2009       79      0.04525  0.04424  0.50   69864    3091   68318   645699   9.24
2000-2009       80      0.05128  0.05000  0.50   66773    3338   65104   577381   8.65
2000-2009       81      0.05866  0.05699  0.50   63434    3615   61627   512277   8.08
2000-2009       82      0.06648  0.06434  0.50   59820    3849   57895   450650   7.53
2000-2009       83      0.07509  0.07237  0.50   55971    4051   53945   392755   7.02
2000-2009       84      0.08618  0.08262  0.50   51920    4290   49775   338810   6.53
2000-2009       85      0.09764  0.09310  0.50   47631    4434   45413   289035   6.07
2000-2009       86      0.11002  0.10428  0.50   43196    4505   40944   243621   5.64
2000-2009       87      0.12542  0.11802  0.50   38692    4566   36408   202677   5.24
2000-2009       88      0.13681  0.12805  0.50   34125    4370   31940   166269   4.87
2000-2009       89      0.15595  0.14467  0.50   29755    4305   27603   134329   4.51
2000-2009       90      0.17371  0.15983  0.50   25451    4068   23417   106726   4.19
2000-2009       91      0.19182  0.17503  0.50   21383    3743   19512    83309   3.90
2000-2009       92      0.21281  0.19234  0.50   17640    3393   15944    63797   3.62
2000-2009       93      0.23662  0.21159  0.50   14247    3015   12740    47854   3.36
2000-2009       94      0.25905  0.22934  0.50   11233    2576    9945    35113   3.13
2000-2009       95      0.28522  0.24962  0.50    8657    2161    7576    25169   2.91
2000-2009       96      0.31281  0.27050  0.50    6496    1757    5617    17593   2.71
2000-2009       97      0.34180  0.29191  0.50    4739    1383    4047    11976   2.53
2000-2009       98      0.37203  0.31368  0.50    3355    1052    2829     7929   2.36
2000-2009       99      0.40328  0.33561  0.50    2303     773    1916     5099   2.21
2000-2009      100      0.43534  0.35752  0.50    1530     547    1256     3183   2.08
2000-2009      101      0.46796  0.37923  0.50     983     373     797     1927   1.96
2000-2009      102      0.50085  0.40054  0.50     610     244     488     1130   1.85
2000-2009      103      0.53373  0.42130  0.50     366     154     289      642   1.75
2000-2009      104      0.56632  0.44135  0.50     212      93     165      353   1.67
2000-2009      105      0.59834  0.46056  0.50     118      54      91      188   1.59
2000-2009      106      0.62955  0.47883  0.50      64      31      49       97   1.52
2000-2009      107      0.65972  0.49608  0.50      33      16      25       49   1.46
2000-2009      108      0.68864  0.51226  0.50      17       9      12       24   1.41
2000-2009      109      0.71616  0.52733  0.50       8       4       6       11   1.37
2000-2009      110+     0.74216  1.00000  1.35       4       4       5        5   1.35
2010-2015        0      0.00261  0.00260  0.14  100000     260   99777  8363227  83.63
2010-2015        1      0.00022  0.00022  0.50   99740      22   99729  8263450  82.85
2010-2015        2      0.00014  0.00014  0.50   99718      14   99711  8163721  81.87
2010-2015        3      0.00012  0.00012  0.50   99704      12   99698  8064009  80.88
2010-2015        4      0.00011  0.00011  0.50   99692      11   99687  7964311  79.89
2010-2015        5      0.00008  0.00008  0.50   99681       8   99677  7864625  78.90
2010-2015        6      0.00011  0.00011  0.50   99673      11   99668  7764947  77.90
2010-2015        7      0.00010  0.00010  0.50   99663      10   99657  7665279  76.91
2010-2015        8      0.00010  0.00010  0.50   99652      10   99647  7565622  75.92
2010-2015        9      0.00012  0.00012  0.50   99643      12   99637  7465974  74.93
2010-2015       10      0.00008  0.00008  0.50   99631       8   99627  7366338  73.94
2010-2015       11      0.00009  0.00009  0.50   99623       9   99619  7266711  72.94
2010-2015       12      0.00006  0.00006  0.50   99614       6   99612  7167092  71.95
2010-2015       13      0.00008  0.00008  0.50   99609       8   99605  7067480  70.95
2010-2015       14      0.00009  0.00009  0.50   99601       9   99596  6967876  69.96
2010-2015       15      0.00013  0.00013  0.50   99592      13   99585  6868279  68.96
2010-2015       16      0.00015  0.00015  0.50   99579      15   99571  6768694  67.97
2010-2015       17      0.00014  0.00014  0.50   99564      14   99557  6669123  66.98
2010-2015       18      0.00017  0.00017  0.50   99550      17   99541  6569566  65.99
2010-2015       19      0.00021  0.00021  0.50   99533      21   99523  6470025  65.00
2010-2015       20      0.00025  0.00025  0.50   99512      24   99500  6370502  64.02
2010-2015       21      0.00022  0.00022  0.50   99488      22   99477  6271002  63.03
2010-2015       22      0.00021  0.00021  0.50   99466      20   99456  6171525  62.05
2010-2015       23      0.00023  0.00023  0.50   99445      23   99434  6072070  61.06
2010-2015       24      0.00025  0.00025  0.50   99422      25   99410  5972636  60.07
2010-2015       25      0.00023  0.00023  0.50   99397      23   99386  5873227  59.09
2010-2015       26      0.00020  0.00020  0.50   99375      20   99365  5773841  58.10
2010-2015       27      0.00030  0.00030  0.50   99354      30   99340  5674476  57.11
2010-2015       28      0.00027  0.00027  0.50   99325      27   99311  5575137  56.13
2010-2015       29      0.00030  0.00030  0.50   99298      30   99283  5475825  55.15
2010-2015       30      0.00033  0.00033  0.50   99268      33   99252  5376542  54.16
2010-2015       31      0.00037  0.00037  0.50   99235      36   99217  5277290  53.18
2010-2015       32      0.00035  0.00035  0.50   99199      35   99182  5178073  52.20
2010-2015       33      0.00040  0.00040  0.50   99164      39   99145  5078891  51.22
2010-2015       34      0.00043  0.00043  0.50   99125      43   99103  4979747  50.24
2010-2015       35      0.00053  0.00053  0.50   99082      52   99056  4880643  49.26
2010-2015       36      0.00050  0.00050  0.50   99030      50   99005  4781588  48.28
2010-2015       37      0.00056  0.00056  0.50   98980      55   98952  4682583  47.31
2010-2015       38      0.00068  0.00068  0.50   98924      67   98891  4583631  46.33
2010-2015       39      0.00072  0.00072  0.50   98857      71   98822  4484740  45.37
2010-2015       40      0.00081  0.00081  0.50   98786      80   98746  4385918  44.40
2010-2015       41      0.00087  0.00087  0.50   98706      86   98663  4287172  43.43
2010-2015       42      0.00099  0.00099  0.50   98620      98   98571  4188509  42.47
2010-2015       43      0.00107  0.00107  0.50   98523     105   98470  4089938  41.51
2010-2015       44      0.00120  0.00120  0.50   98417     118   98358  3991468  40.56
2010-2015       45      0.00132  0.00132  0.50   98299     129   98234  3893110  39.60
2010-2015       46      0.00141  0.00141  0.50   98170     138   98101  3794875  38.66
2010-2015       47      0.00160  0.00160  0.50   98032     157   97953  3696774  37.71
2010-2015       48      0.00170  0.00170  0.50   97875     166   97792  3598821  36.77
2010-2015       49      0.00171  0.00170  0.50   97709     167   97625  3501029  35.83
2010-2015       50      0.00196  0.00195  0.50   97542     191   97447  3403404  34.89
2010-2015       51      0.00209  0.00208  0.50   97352     203   97250  3305957  33.96
2010-2015       52      0.00219  0.00219  0.50   97149     213   97042  3208707  33.03
2010-2015       53      0.00249  0.00248  0.50   96936     241   96815  3111665  32.10
2010-2015       54      0.00255  0.00254  0.50   96695     246   96572  3014849  31.18
2010-2015       55      0.00275  0.00275  0.50   96449     265   96317  2918277  30.26
2010-2015       56      0.00302  0.00302  0.50   96184     290   96039  2821960  29.34
2010-2015       57      0.00314  0.00313  0.50   95894     300   95744  2725921  28.43
2010-2015       58      0.00335  0.00335  0.50   95593     320   95434  2630178  27.51
2010-2015       59      0.00353  0.00352  0.50   95274     335   95106  2534744  26.60
2010-2015       60      0.00399  0.00398  0.50   94938     378   94749  2439638  25.70
2010-2015       61      0.00442  0.00441  0.50   94561     417   94352  2344889  24.80
2010-2015       62      0.00465  0.00464  0.50   94143     437   93925  2250537  23.91
2010-2015       63      0.00496  0.00494  0.50   93707     463   93475  2156612  23.01
2010-2015       64      0.00556  0.00555  0.50   93244     517   92985  2063137  22.13
2010-2015       65      0.00603  0.00601  0.50   92726     557   92448  1970151  21.25
2010-2015       66      0.00675  0.00673  0.50   92169     620   91859  1877704  20.37
2010-2015       67      0.00730  0.00728  0.50   91549     666   91216  1785845  19.51
2010-2015       68      0.00839  0.00835  0.50   90883     759   90503  1694629  18.65
2010-2015       69      0.00902  0.00898  0.50   90124     809   89719  1604125  17.80
2010-2015       70      0.01017  0.01011  0.50   89314     903   88863  1514406  16.96
2010-2015       71      0.01162  0.01155  0.50   88411    1021   87900  1425544  16.12
2010-2015       72      0.01309  0.01300  0.50   87389    1136   86821  1337644  15.31
2010-2015       73      0.01455  0.01444  0.50   86253    1246   85630  1250822  14.50
2010-2015       74      0.01693  0.01678  0.50   85008    1427   84294  1165192  13.71
2010-2015       75      0.01894  0.01876  0.50   83581    1568   82797  1080898  12.93
2010-2015       76      0.02228  0.02203  0.50   82013    1807   81109   998101  12.17
2010-2015       77      0.02484  0.02453  0.50   80206    1968   79222   916992  11.43
2010-2015       78      0.02918  0.02876  0.50   78238    2250   77113   837770  10.71
2010-2015       79      0.03327  0.03272  0.50   75988    2486   74745   760657  10.01
2010-2015       80      0.03895  0.03821  0.50   73501    2808   72097   685912   9.33
2010-2015       81      0.04513  0.04413  0.50   70693    3120   69133   613815   8.68
2010-2015       82      0.05375  0.05235  0.50   67573    3537   65805   544682   8.06
2010-2015       83      0.06202  0.06015  0.50   64036    3852   62110   478877   7.48
2010-2015       84      0.07057  0.06816  0.50   60184    4102   58133   416767   6.92
2010-2015       85      0.08418  0.08078  0.50   56082    4530   53817   358634   6.39
2010-2015       86      0.09684  0.09236  0.50   51551    4761   49171   304818   5.91
2010-2015       87      0.11123  0.10537  0.50   46790    4930   44325   255647   5.46
2010-2015       88      0.12674  0.11919  0.50   41860    4989   39365   211322   5.05
2010-2015       89      0.14693  0.13688  0.50   36871    5047   34347   171957   4.66
2010-2015       90      0.16311  0.15081  0.50   31824    4799   29424   137610   4.32
2010-2015       91      0.18549  0.16975  0.50   27024    4587   24731   108186   4.00
2010-2015       92      0.19777  0.17997  0.50   22437    4038   20418    83455   3.72
2010-2015       93      0.22501  0.20225  0.50   18399    3721   16538    63037   3.43
2010-2015       94      0.24485  0.21814  0.50   14678    3202   13077    46499   3.17
2010-2015       95      0.27917  0.24498  0.50   11476    2811   10070    33422   2.91
2010-2015       96      0.30954  0.26805  0.50    8665    2323    7503    23352   2.70
2010-2015       97      0.34165  0.29180  0.50    6342    1851    5417    15849   2.50
2010-2015       98      0.37527  0.31598  0.50    4491    1419    3782    10432   2.32
2010-2015       99      0.41015  0.34035  0.50    3072    1046    2549     6650   2.16
2010-2015      100      0.44595  0.36464  0.50    2027     739    1657     4101   2.02
2010-2015      101      0.48232  0.38860  0.50    1288     500    1037     2444   1.90
2010-2015      102      0.51888  0.41199  0.50     787     324     625     1406   1.79
2010-2015      103      0.55524  0.43459  0.50     463     201     362      781   1.69
2010-2015      104      0.59101  0.45620  0.50     262     119     202      419   1.60
2010-2015      105      0.62585  0.47668  0.50     142      68     108      217   1.52
2010-2015      106      0.65943  0.49592  0.50      74      37      56      109   1.46
2010-2015      107      0.69148  0.51383  0.50      38      19      28       53   1.40
2010-2015      108      0.72179  0.53038  0.50      18      10      13       25   1.35
2010-2015      109      0.75020  0.54556  0.50       9       5       6       11   1.31
2010-2015      110+     0.77660  1.00000  1.29       4       4       5        5   1.29
