Slovakia, Life tables (period 1x10), Females	Last modified: 26 Sep 2017;  Methods Protocol: v6 (2017)

  Year          Age         mx       qx    ax      lx      dx      Lx       Tx     ex
1950-1959        0      0.05663  0.05437  0.27  100000    5437   96012  6805051  68.05
1950-1959        1      0.00558  0.00556  0.50   94563     526   94300  6709040  70.95
1950-1959        2      0.00244  0.00244  0.50   94037     229   93923  6614740  70.34
1950-1959        3      0.00151  0.00151  0.50   93808     142   93737  6520817  69.51
1950-1959        4      0.00104  0.00104  0.50   93666      97   93617  6427080  68.62
1950-1959        5      0.00068  0.00068  0.50   93569      64   93537  6333463  67.69
1950-1959        6      0.00062  0.00062  0.50   93505      58   93476  6239926  66.73
1950-1959        7      0.00056  0.00056  0.50   93447      53   93420  6146450  65.77
1950-1959        8      0.00050  0.00050  0.50   93394      47   93371  6053030  64.81
1950-1959        9      0.00046  0.00046  0.50   93347      43   93326  5959659  63.84
1950-1959       10      0.00047  0.00047  0.50   93305      44   93282  5866333  62.87
1950-1959       11      0.00047  0.00047  0.50   93260      43   93239  5773050  61.90
1950-1959       12      0.00042  0.00042  0.50   93217      39   93198  5679812  60.93
1950-1959       13      0.00056  0.00056  0.50   93178      52   93152  5586614  59.96
1950-1959       14      0.00058  0.00058  0.50   93126      54   93099  5493462  58.99
1950-1959       15      0.00070  0.00070  0.50   93072      65   93039  5400363  58.02
1950-1959       16      0.00081  0.00081  0.50   93007      75   92969  5307324  57.06
1950-1959       17      0.00089  0.00089  0.50   92932      82   92890  5214355  56.11
1950-1959       18      0.00101  0.00101  0.50   92849      93   92802  5121464  55.16
1950-1959       19      0.00107  0.00107  0.50   92756      99   92706  5028662  54.21
1950-1959       20      0.00125  0.00125  0.50   92656     115   92599  4935956  53.27
1950-1959       21      0.00127  0.00127  0.50   92541     118   92482  4843357  52.34
1950-1959       22      0.00140  0.00140  0.50   92423     130   92359  4750875  51.40
1950-1959       23      0.00129  0.00129  0.50   92294     119   92234  4658517  50.47
1950-1959       24      0.00131  0.00131  0.50   92175     121   92114  4566282  49.54
1950-1959       25      0.00130  0.00130  0.50   92053     120   91994  4474168  48.60
1950-1959       26      0.00145  0.00145  0.50   91934     133   91867  4382175  47.67
1950-1959       27      0.00142  0.00142  0.50   91801     131   91735  4290307  46.73
1950-1959       28      0.00152  0.00151  0.50   91670     139   91601  4198572  45.80
1950-1959       29      0.00161  0.00161  0.50   91531     147   91458  4106971  44.87
1950-1959       30      0.00160  0.00160  0.50   91384     146   91311  4015513  43.94
1950-1959       31      0.00169  0.00169  0.50   91238     154   91161  3924202  43.01
1950-1959       32      0.00141  0.00141  0.50   91084     128   91020  3833041  42.08
1950-1959       33      0.00175  0.00175  0.50   90956     159   90876  3742021  41.14
1950-1959       34      0.00170  0.00170  0.50   90797     154   90720  3651144  40.21
1950-1959       35      0.00177  0.00177  0.50   90643     160   90563  3560424  39.28
1950-1959       36      0.00184  0.00184  0.50   90483     166   90400  3469861  38.35
1950-1959       37      0.00219  0.00219  0.50   90317     197   90218  3379461  37.42
1950-1959       38      0.00252  0.00251  0.50   90119     227   90006  3289243  36.50
1950-1959       39      0.00233  0.00233  0.50   89893     209   89788  3199237  35.59
1950-1959       40      0.00246  0.00246  0.50   89684     221   89573  3109449  34.67
1950-1959       41      0.00275  0.00275  0.50   89463     246   89340  3019875  33.76
1950-1959       42      0.00286  0.00286  0.50   89217     255   89089  2930535  32.85
1950-1959       43      0.00314  0.00314  0.50   88962     279   88822  2841446  31.94
1950-1959       44      0.00319  0.00319  0.50   88683     283   88541  2752624  31.04
1950-1959       45      0.00333  0.00333  0.50   88400     294   88253  2664082  30.14
1950-1959       46      0.00388  0.00387  0.50   88106     341   87935  2575830  29.24
1950-1959       47      0.00423  0.00422  0.50   87764     370   87579  2487895  28.35
1950-1959       48      0.00431  0.00431  0.50   87394     376   87206  2400315  27.47
1950-1959       49      0.00516  0.00514  0.50   87018     448   86794  2313109  26.58
1950-1959       50      0.00560  0.00558  0.50   86570     483   86329  2226315  25.72
1950-1959       51      0.00530  0.00528  0.50   86087     455   85860  2139986  24.86
1950-1959       52      0.00658  0.00656  0.50   85632     561   85352  2054126  23.99
1950-1959       53      0.00704  0.00701  0.50   85071     597   84773  1968775  23.14
1950-1959       54      0.00784  0.00781  0.50   84474     660   84144  1884002  22.30
1950-1959       55      0.00835  0.00831  0.50   83814     697   83466  1799858  21.47
1950-1959       56      0.00868  0.00864  0.50   83118     718   82758  1716392  20.65
1950-1959       57      0.00993  0.00988  0.50   82399     814   81992  1633633  19.83
1950-1959       58      0.01064  0.01059  0.50   81585     864   81153  1551641  19.02
1950-1959       59      0.01231  0.01223  0.50   80721     988   80227  1470488  18.22
1950-1959       60      0.01374  0.01364  0.50   79734    1088   79190  1390261  17.44
1950-1959       61      0.01434  0.01424  0.50   78646    1120   78086  1311071  16.67
1950-1959       62      0.01649  0.01635  0.50   77526    1268   76892  1232985  15.90
1950-1959       63      0.01872  0.01855  0.50   76258    1415   75551  1156093  15.16
1950-1959       64      0.02081  0.02060  0.50   74844    1542   74073  1080542  14.44
1950-1959       65      0.02316  0.02289  0.50   73302    1678   72463  1006469  13.73
1950-1959       66      0.02529  0.02497  0.50   71624    1788   70730   934006  13.04
1950-1959       67      0.02939  0.02897  0.50   69836    2023   68824   863277  12.36
1950-1959       68      0.03270  0.03218  0.50   67813    2182   66721   794453  11.72
1950-1959       69      0.03607  0.03543  0.50   65630    2325   64468   727731  11.09
1950-1959       70      0.04069  0.03988  0.50   63305    2525   62043   663263  10.48
1950-1959       71      0.04547  0.04446  0.50   60781    2702   59430   601220   9.89
1950-1959       72      0.05127  0.04998  0.50   58078    2903   56627   541791   9.33
1950-1959       73      0.05593  0.05441  0.50   55175    3002   53674   485164   8.79
1950-1959       74      0.06445  0.06244  0.50   52173    3258   50545   431489   8.27
1950-1959       75      0.06958  0.06724  0.50   48916    3289   47271   380945   7.79
1950-1959       76      0.07681  0.07397  0.50   45627    3375   43939   333673   7.31
1950-1959       77      0.08713  0.08349  0.50   42252    3528   40488   289734   6.86
1950-1959       78      0.09178  0.08776  0.50   38724    3398   37025   249247   6.44
1950-1959       79      0.10235  0.09737  0.50   35326    3440   33606   212222   6.01
1950-1959       80      0.11690  0.11044  0.50   31886    3522   30125   178616   5.60
1950-1959       81      0.12801  0.12031  0.50   28365    3413   26658   148490   5.24
1950-1959       82      0.14216  0.13273  0.50   24952    3312   23296   121832   4.88
1950-1959       83      0.16243  0.15023  0.50   21640    3251   20015    98536   4.55
1950-1959       84      0.16953  0.15628  0.50   18389    2874   16952    78521   4.27
1950-1959       85      0.19141  0.17469  0.50   15515    2710   14160    61569   3.97
1950-1959       86      0.21584  0.19482  0.50   12805    2495   11558    47409   3.70
1950-1959       87      0.23036  0.20656  0.50   10310    2130    9245    35851   3.48
1950-1959       88      0.25677  0.22756  0.50    8181    1862    7250    26606   3.25
1950-1959       89      0.27134  0.23893  0.50    6319    1510    5564    19356   3.06
1950-1959       90      0.30562  0.26511  0.50    4809    1275    4172    13792   2.87
1950-1959       91      0.31210  0.26997  0.50    3534     954    3057     9620   2.72
1950-1959       92      0.33390  0.28613  0.50    2580     738    2211     6563   2.54
1950-1959       93      0.36404  0.30798  0.50    1842     567    1558     4352   2.36
1950-1959       94      0.41975  0.34694  0.50    1275     442    1054     2794   2.19
1950-1959       95      0.43696  0.35861  0.50     832     299     683     1740   2.09
1950-1959       96      0.46625  0.37811  0.50     534     202     433     1057   1.98
1950-1959       97      0.49578  0.39729  0.50     332     132     266      624   1.88
1950-1959       98      0.52533  0.41605  0.50     200      83     158      358   1.79
1950-1959       99      0.55471  0.43426  0.50     117      51      91      199   1.71
1950-1959      100      0.58371  0.45184  0.50      66      30      51      108   1.63
1950-1959      101      0.61214  0.46869  0.50      36      17      28       57   1.57
1950-1959      102      0.63983  0.48475  0.50      19       9      15       29   1.51
1950-1959      103      0.66662  0.49997  0.50      10       5       7       14   1.45
1950-1959      104      0.69238  0.51432  0.50       5       3       4        7   1.40
1950-1959      105      0.71698  0.52778  0.50       2       1       2        3   1.36
1950-1959      106      0.74036  0.54034  0.50       1       1       1        2   1.32
1950-1959      107      0.76245  0.55201  0.50       1       0       0        1   1.29
1950-1959      108      0.78321  0.56281  0.50       0       0       0        0   1.26
1950-1959      109      0.80262  0.57277  0.50       0       0       0        0   1.23
1950-1959      110+     0.82070  1.00000  1.22       0       0       0        0   1.22
1960-1969        0      0.02361  0.02314  0.14  100000    2314   98006  7310671  73.11
1960-1969        1      0.00239  0.00238  0.50   97686     233   97570  7212665  73.84
1960-1969        2      0.00120  0.00119  0.50   97453     116   97395  7115095  73.01
1960-1969        3      0.00072  0.00072  0.50   97337      70   97302  7017700  72.10
1960-1969        4      0.00062  0.00062  0.50   97267      60   97237  6920398  71.15
1960-1969        5      0.00051  0.00051  0.50   97207      50   97182  6823161  70.19
1960-1969        6      0.00045  0.00045  0.50   97157      44   97135  6725979  69.23
1960-1969        7      0.00036  0.00036  0.50   97113      35   97096  6628845  68.26
1960-1969        8      0.00034  0.00034  0.50   97078      33   97062  6531749  67.28
1960-1969        9      0.00029  0.00029  0.50   97046      28   97032  6434687  66.31
1960-1969       10      0.00026  0.00026  0.50   97018      25   97005  6337655  65.32
1960-1969       11      0.00030  0.00030  0.50   96992      29   96977  6240650  64.34
1960-1969       12      0.00029  0.00029  0.50   96963      28   96949  6143673  63.36
1960-1969       13      0.00029  0.00029  0.50   96935      28   96921  6046724  62.38
1960-1969       14      0.00032  0.00032  0.50   96906      31   96891  5949804  61.40
1960-1969       15      0.00043  0.00043  0.50   96876      41   96855  5852913  60.42
1960-1969       16      0.00039  0.00039  0.50   96834      38   96815  5756058  59.44
1960-1969       17      0.00036  0.00036  0.50   96796      35   96779  5659242  58.47
1960-1969       18      0.00045  0.00045  0.50   96761      44   96739  5562464  57.49
1960-1969       19      0.00045  0.00045  0.50   96717      44   96695  5465724  56.51
1960-1969       20      0.00046  0.00046  0.50   96673      44   96651  5369029  55.54
1960-1969       21      0.00055  0.00055  0.50   96629      53   96603  5272378  54.56
1960-1969       22      0.00060  0.00059  0.50   96577      57   96548  5175775  53.59
1960-1969       23      0.00061  0.00061  0.50   96519      59   96490  5079227  52.62
1960-1969       24      0.00064  0.00064  0.50   96460      61   96429  4982737  51.66
1960-1969       25      0.00067  0.00067  0.50   96399      65   96366  4886308  50.69
1960-1969       26      0.00069  0.00069  0.50   96334      66   96301  4789942  49.72
1960-1969       27      0.00071  0.00071  0.50   96268      68   96233  4693641  48.76
1960-1969       28      0.00066  0.00066  0.50   96199      63   96168  4597408  47.79
1960-1969       29      0.00066  0.00066  0.50   96136      63   96104  4501240  46.82
1960-1969       30      0.00085  0.00085  0.50   96073      82   96032  4405135  45.85
1960-1969       31      0.00090  0.00089  0.50   95991      86   95948  4309104  44.89
1960-1969       32      0.00089  0.00089  0.50   95905      85   95862  4213156  43.93
1960-1969       33      0.00090  0.00090  0.50   95820      87   95776  4117294  42.97
1960-1969       34      0.00113  0.00113  0.50   95733     108   95679  4021517  42.01
1960-1969       35      0.00112  0.00112  0.50   95625     107   95572  3925838  41.05
1960-1969       36      0.00121  0.00121  0.50   95518     116   95460  3830266  40.10
1960-1969       37      0.00133  0.00133  0.50   95402     127   95339  3734806  39.15
1960-1969       38      0.00139  0.00139  0.50   95275     133   95209  3639468  38.20
1960-1969       39      0.00168  0.00168  0.50   95143     160   95063  3544259  37.25
1960-1969       40      0.00196  0.00195  0.50   94983     186   94890  3449196  36.31
1960-1969       41      0.00184  0.00184  0.50   94797     174   94710  3354306  35.38
1960-1969       42      0.00220  0.00219  0.50   94623     208   94519  3259597  34.45
1960-1969       43      0.00211  0.00211  0.50   94415     199   94315  3165078  33.52
1960-1969       44      0.00249  0.00248  0.50   94216     234   94099  3070762  32.59
1960-1969       45      0.00287  0.00287  0.50   93982     270   93847  2976663  31.67
1960-1969       46      0.00292  0.00291  0.50   93712     273   93576  2882816  30.76
1960-1969       47      0.00306  0.00306  0.50   93439     286   93297  2789240  29.85
1960-1969       48      0.00353  0.00353  0.50   93154     328   92990  2695944  28.94
1960-1969       49      0.00400  0.00399  0.50   92825     371   92640  2602954  28.04
1960-1969       50      0.00431  0.00430  0.50   92455     398   92256  2510314  27.15
1960-1969       51      0.00438  0.00437  0.50   92057     402   91856  2418058  26.27
1960-1969       52      0.00500  0.00499  0.50   91655     457   91426  2326203  25.38
1960-1969       53      0.00525  0.00524  0.50   91198     477   90959  2234776  24.50
1960-1969       54      0.00575  0.00573  0.50   90720     520   90460  2143818  23.63
1960-1969       55      0.00653  0.00651  0.50   90200     587   89906  2053357  22.76
1960-1969       56      0.00701  0.00699  0.50   89613     626   89300  1963451  21.91
1960-1969       57      0.00790  0.00787  0.50   88987     700   88637  1874151  21.06
1960-1969       58      0.00868  0.00864  0.50   88286     763   87905  1785515  20.22
1960-1969       59      0.00970  0.00965  0.50   87523     845   87101  1697610  19.40
1960-1969       60      0.01069  0.01063  0.50   86678     922   86217  1610509  18.58
1960-1969       61      0.01181  0.01174  0.50   85757    1007   85253  1524292  17.77
1960-1969       62      0.01291  0.01282  0.50   84750    1087   84206  1439039  16.98
1960-1969       63      0.01503  0.01492  0.50   83663    1248   83039  1354833  16.19
1960-1969       64      0.01673  0.01659  0.50   82414    1367   81731  1271794  15.43
1960-1969       65      0.01871  0.01854  0.50   81047    1502   80296  1190063  14.68
1960-1969       66      0.02042  0.02022  0.50   79545    1608   78741  1109767  13.95
1960-1969       67      0.02321  0.02295  0.50   77937    1788   77043  1031026  13.23
1960-1969       68      0.02668  0.02633  0.50   76149    2005   75146   953983  12.53
1960-1969       69      0.03023  0.02978  0.50   74143    2208   73039   878837  11.85
1960-1969       70      0.03370  0.03315  0.50   71935    2384   70743   805798  11.20
1960-1969       71      0.03716  0.03648  0.50   69551    2537   68282   735055  10.57
1960-1969       72      0.04259  0.04171  0.50   67014    2795   65616   666772   9.95
1960-1969       73      0.04690  0.04583  0.50   64219    2943   62747   601156   9.36
1960-1969       74      0.05526  0.05377  0.50   61276    3295   59629   538408   8.79
1960-1969       75      0.05971  0.05798  0.50   57981    3362   56300   478780   8.26
1960-1969       76      0.06788  0.06565  0.50   54619    3586   52827   422480   7.73
1960-1969       77      0.07555  0.07280  0.50   51034    3715   49176   369653   7.24
1960-1969       78      0.08418  0.08078  0.50   47318    3822   45407   320477   6.77
1960-1969       79      0.09545  0.09110  0.50   43496    3962   41515   275070   6.32
1960-1969       80      0.10820  0.10264  0.50   39534    4058   37505   233555   5.91
1960-1969       81      0.11409  0.10793  0.50   35476    3829   33561   196050   5.53
1960-1969       82      0.13549  0.12689  0.50   31647    4016   29639   162488   5.13
1960-1969       83      0.14407  0.13439  0.50   27631    3713   25774   132849   4.81
1960-1969       84      0.16198  0.14984  0.50   23918    3584   22126   107075   4.48
1960-1969       85      0.17995  0.16509  0.50   20334    3357   18655    84949   4.18
1960-1969       86      0.19732  0.17960  0.50   16977    3049   15452    66294   3.90
1960-1969       87      0.21662  0.19545  0.50   13928    2722   12567    50841   3.65
1960-1969       88      0.23423  0.20968  0.50   11206    2350   10031    38275   3.42
1960-1969       89      0.25735  0.22801  0.50    8856    2019    7846    28244   3.19
1960-1969       90      0.28493  0.24940  0.50    6837    1705    5984    20397   2.98
1960-1969       91      0.31691  0.27356  0.50    5132    1404    4430    14413   2.81
1960-1969       92      0.32552  0.27995  0.50    3728    1044    3206     9983   2.68
1960-1969       93      0.33826  0.28933  0.50    2684     777    2296     6777   2.52
1960-1969       94      0.37050  0.31259  0.50    1908     596    1609     4481   2.35
1960-1969       95      0.41325  0.34248  0.50    1311     449    1087     2872   2.19
1960-1969       96      0.44213  0.36208  0.50     862     312     706     1785   2.07
1960-1969       97      0.47140  0.38149  0.50     550     210     445     1079   1.96
1960-1969       98      0.50088  0.40056  0.50     340     136     272      634   1.86
1960-1969       99      0.53034  0.41919  0.50     204      85     161      362   1.77
1960-1969      100      0.55960  0.43726  0.50     118      52      93      201   1.69
1960-1969      101      0.58845  0.45467  0.50      67      30      51      108   1.62
1960-1969      102      0.61670  0.47136  0.50      36      17      28       57   1.56
1960-1969      103      0.64419  0.48725  0.50      19       9      15       29   1.50
1960-1969      104      0.67076  0.50230  0.50      10       5       7       14   1.44
1960-1969      105      0.69628  0.51647  0.50       5       3       4        7   1.40
1960-1969      106      0.72064  0.52976  0.50       2       1       2        3   1.35
1960-1969      107      0.74377  0.54215  0.50       1       1       1        1   1.32
1960-1969      108      0.76561  0.55367  0.50       1       0       0        1   1.29
1960-1969      109      0.78612  0.56431  0.50       0       0       0        0   1.26
1960-1969      110+     0.80530  1.00000  1.24       0       0       0        0   1.24
1970-1979        0      0.02047  0.02011  0.13  100000    2011   98243  7383424  73.83
1970-1979        1      0.00142  0.00141  0.50   97989     139   97920  7285181  74.35
1970-1979        2      0.00079  0.00079  0.50   97851      77   97812  7187261  73.45
1970-1979        3      0.00059  0.00059  0.50   97774      58   97745  7089449  72.51
1970-1979        4      0.00056  0.00056  0.50   97716      55   97688  6991704  71.55
1970-1979        5      0.00046  0.00046  0.50   97661      45   97638  6894016  70.59
1970-1979        6      0.00039  0.00039  0.50   97616      38   97597  6796377  69.62
1970-1979        7      0.00037  0.00037  0.50   97578      36   97560  6698780  68.65
1970-1979        8      0.00031  0.00031  0.50   97542      30   97527  6601220  67.68
1970-1979        9      0.00026  0.00026  0.50   97512      26   97499  6503693  66.70
1970-1979       10      0.00027  0.00027  0.50   97486      26   97473  6406194  65.71
1970-1979       11      0.00027  0.00027  0.50   97460      26   97447  6308721  64.73
1970-1979       12      0.00024  0.00024  0.50   97434      23   97423  6211274  63.75
1970-1979       13      0.00025  0.00025  0.50   97411      24   97399  6113851  62.76
1970-1979       14      0.00027  0.00027  0.50   97387      26   97374  6016452  61.78
1970-1979       15      0.00029  0.00029  0.50   97361      29   97347  5919078  60.80
1970-1979       16      0.00040  0.00040  0.50   97332      39   97313  5821732  59.81
1970-1979       17      0.00041  0.00041  0.50   97293      40   97273  5724419  58.84
1970-1979       18      0.00042  0.00042  0.50   97253      41   97233  5627146  57.86
1970-1979       19      0.00048  0.00048  0.50   97213      46   97190  5529913  56.88
1970-1979       20      0.00039  0.00039  0.50   97166      38   97147  5432723  55.91
1970-1979       21      0.00042  0.00042  0.50   97128      41   97108  5335576  54.93
1970-1979       22      0.00049  0.00049  0.50   97088      47   97064  5238468  53.96
1970-1979       23      0.00047  0.00047  0.50   97041      45   97018  5141404  52.98
1970-1979       24      0.00047  0.00047  0.50   96995      46   96972  5044386  52.01
1970-1979       25      0.00045  0.00045  0.50   96950      44   96928  4947413  51.03
1970-1979       26      0.00049  0.00049  0.50   96906      47   96882  4850486  50.05
1970-1979       27      0.00051  0.00051  0.50   96858      50   96834  4753604  49.08
1970-1979       28      0.00070  0.00070  0.50   96809      68   96775  4656770  48.10
1970-1979       29      0.00062  0.00062  0.50   96741      60   96711  4559996  47.14
1970-1979       30      0.00075  0.00075  0.50   96681      73   96644  4463285  46.17
1970-1979       31      0.00072  0.00072  0.50   96608      69   96573  4366641  45.20
1970-1979       32      0.00084  0.00084  0.50   96538      81   96498  4270068  44.23
1970-1979       33      0.00094  0.00094  0.50   96457      90   96412  4173570  43.27
1970-1979       34      0.00098  0.00098  0.50   96367      94   96320  4077158  42.31
1970-1979       35      0.00116  0.00116  0.50   96273     112   96217  3980838  41.35
1970-1979       36      0.00115  0.00115  0.50   96161     111   96106  3884621  40.40
1970-1979       37      0.00122  0.00122  0.50   96050     117   95991  3788516  39.44
1970-1979       38      0.00144  0.00144  0.50   95933     138   95864  3692524  38.49
1970-1979       39      0.00154  0.00154  0.50   95795     148   95721  3596661  37.55
1970-1979       40      0.00164  0.00163  0.50   95647     156   95569  3500940  36.60
1970-1979       41      0.00184  0.00184  0.50   95491     175   95403  3405371  35.66
1970-1979       42      0.00205  0.00205  0.50   95315     195   95218  3309968  34.73
1970-1979       43      0.00239  0.00239  0.50   95120     227   95006  3214750  33.80
1970-1979       44      0.00231  0.00230  0.50   94893     219   94783  3119744  32.88
1970-1979       45      0.00261  0.00260  0.50   94674     246   94551  3024960  31.95
1970-1979       46      0.00273  0.00273  0.50   94428     258   94299  2930409  31.03
1970-1979       47      0.00316  0.00315  0.50   94170     297   94022  2836110  30.12
1970-1979       48      0.00387  0.00386  0.50   93873     362   93692  2742088  29.21
1970-1979       49      0.00403  0.00402  0.50   93511     376   93323  2648397  28.32
1970-1979       50      0.00456  0.00455  0.50   93135     424   92923  2555074  27.43
1970-1979       51      0.00483  0.00482  0.50   92711     447   92488  2462150  26.56
1970-1979       52      0.00514  0.00512  0.50   92264     473   92028  2369662  25.68
1970-1979       53      0.00599  0.00597  0.50   91792     548   91518  2277634  24.81
1970-1979       54      0.00598  0.00596  0.50   91244     544   90972  2186117  23.96
1970-1979       55      0.00688  0.00686  0.50   90700     622   90389  2095145  23.10
1970-1979       56      0.00736  0.00734  0.50   90078     661   89747  2004756  22.26
1970-1979       57      0.00811  0.00807  0.50   89417     722   89056  1915009  21.42
1970-1979       58      0.00916  0.00912  0.50   88695     809   88291  1825952  20.59
1970-1979       59      0.00989  0.00985  0.50   87886     865   87454  1737662  19.77
1970-1979       60      0.01038  0.01033  0.50   87021     899   86572  1650208  18.96
1970-1979       61      0.01167  0.01160  0.50   86122     999   85623  1563637  18.16
1970-1979       62      0.01346  0.01337  0.50   85123    1138   84554  1478014  17.36
1970-1979       63      0.01399  0.01389  0.50   83985    1167   83401  1393460  16.59
1970-1979       64      0.01615  0.01602  0.50   82818    1327   82155  1310059  15.82
1970-1979       65      0.01750  0.01734  0.50   81491    1413   80784  1227904  15.07
1970-1979       66      0.01962  0.01943  0.50   80078    1556   79300  1147120  14.33
1970-1979       67      0.02208  0.02184  0.50   78522    1715   77664  1067820  13.60
1970-1979       68      0.02477  0.02447  0.50   76807    1879   75867   990156  12.89
1970-1979       69      0.02702  0.02666  0.50   74927    1997   73929   914289  12.20
1970-1979       70      0.03078  0.03031  0.50   72930    2211   71825   840360  11.52
1970-1979       71      0.03518  0.03457  0.50   70719    2445   69497   768536  10.87
1970-1979       72      0.03910  0.03835  0.50   68274    2618   66965   699039  10.24
1970-1979       73      0.04543  0.04442  0.50   65656    2917   64198   632073   9.63
1970-1979       74      0.05070  0.04944  0.50   62740    3102   61189   567875   9.05
1970-1979       75      0.05789  0.05627  0.50   59638    3356   57960   506687   8.50
1970-1979       76      0.06307  0.06114  0.50   56282    3441   54562   448727   7.97
1970-1979       77      0.07182  0.06933  0.50   52841    3663   51009   394165   7.46
1970-1979       78      0.07776  0.07485  0.50   49178    3681   47337   343156   6.98
1970-1979       79      0.09043  0.08651  0.50   45497    3936   43529   295818   6.50
1970-1979       80      0.10112  0.09625  0.50   41561    4000   39561   252290   6.07
1970-1979       81      0.11392  0.10778  0.50   37560    4048   35536   212729   5.66
1970-1979       82      0.12741  0.11978  0.50   33512    4014   31505   177193   5.29
1970-1979       83      0.14112  0.13182  0.50   29498    3888   27554   145688   4.94
1970-1979       84      0.15444  0.14337  0.50   25610    3672   23774   118134   4.61
1970-1979       85      0.17012  0.15678  0.50   21938    3439   20218    94360   4.30
1970-1979       86      0.19251  0.17561  0.50   18499    3249   16874    74142   4.01
1970-1979       87      0.20869  0.18897  0.50   15250    2882   13809    57267   3.76
1970-1979       88      0.22566  0.20278  0.50   12368    2508   11114    43458   3.51
1970-1979       89      0.25392  0.22532  0.50    9860    2222    8749    32344   3.28
1970-1979       90      0.27526  0.24196  0.50    7639    1848    6714    23595   3.09
1970-1979       91      0.28803  0.25177  0.50    5790    1458    5061    16880   2.92
1970-1979       92      0.31176  0.26972  0.50    4332    1169    3748    11819   2.73
1970-1979       93      0.33500  0.28694  0.50    3164     908    2710     8071   2.55
1970-1979       94      0.37524  0.31596  0.50    2256     713    1900     5361   2.38
1970-1979       95      0.40157  0.33443  0.50    1543     516    1285     3461   2.24
1970-1979       96      0.43022  0.35406  0.50    1027     364     845     2176   2.12
1970-1979       97      0.45934  0.37355  0.50     663     248     540     1330   2.01
1970-1979       98      0.48874  0.39276  0.50     416     163     334      791   1.90
1970-1979       99      0.51822  0.41158  0.50     252     104     200      457   1.81
1970-1979      100      0.54758  0.42988  0.50     149      64     117      256   1.73
1970-1979      101      0.57660  0.44757  0.50      85      38      66      140   1.65
1970-1979      102      0.60511  0.46456  0.50      47      22      36       74   1.58
1970-1979      103      0.63292  0.48077  0.50      25      12      19       38   1.52
1970-1979      104      0.65987  0.49617  0.50      13       6      10       19   1.47
1970-1979      105      0.68583  0.51070  0.50       7       3       5        9   1.42
1970-1979      106      0.71067  0.52435  0.50       3       2       2        4   1.37
1970-1979      107      0.73431  0.53711  0.50       2       1       1        2   1.33
1970-1979      108      0.75668  0.54898  0.50       1       0       1        1   1.30
1970-1979      109      0.77774  0.55998  0.50       0       0       0        0   1.27
1970-1979      110+     0.79746  1.00000  1.25       0       0       0        0   1.25
1980-1989        0      0.01420  0.01402  0.12  100000    1402   98766  7485168  74.85
1980-1989        1      0.00096  0.00096  0.50   98598      95   98551  7386402  74.91
1980-1989        2      0.00054  0.00054  0.50   98503      53   98477  7287852  73.99
1980-1989        3      0.00042  0.00042  0.50   98450      41   98429  7189375  73.03
1980-1989        4      0.00035  0.00035  0.50   98409      35   98392  7090946  72.06
1980-1989        5      0.00033  0.00033  0.50   98374      33   98358  6992554  71.08
1980-1989        6      0.00024  0.00024  0.50   98342      24   98330  6894196  70.10
1980-1989        7      0.00027  0.00027  0.50   98318      26   98305  6795866  69.12
1980-1989        8      0.00022  0.00022  0.50   98292      22   98281  6697561  68.14
1980-1989        9      0.00019  0.00019  0.50   98270      18   98260  6599281  67.15
1980-1989       10      0.00020  0.00020  0.50   98251      20   98241  6501021  66.17
1980-1989       11      0.00020  0.00020  0.50   98232      20   98222  6402779  65.18
1980-1989       12      0.00020  0.00020  0.50   98212      20   98202  6304558  64.19
1980-1989       13      0.00018  0.00018  0.50   98192      18   98183  6206356  63.21
1980-1989       14      0.00024  0.00024  0.50   98174      23   98162  6108173  62.22
1980-1989       15      0.00027  0.00027  0.50   98150      26   98137  6010011  61.23
1980-1989       16      0.00026  0.00026  0.50   98124      26   98111  5911874  60.25
1980-1989       17      0.00041  0.00041  0.50   98099      41   98078  5813762  59.26
1980-1989       18      0.00038  0.00038  0.50   98058      37   98039  5715684  58.29
1980-1989       19      0.00040  0.00040  0.50   98021      39   98001  5617645  57.31
1980-1989       20      0.00037  0.00037  0.50   97982      36   97964  5519643  56.33
1980-1989       21      0.00037  0.00037  0.50   97946      36   97928  5421679  55.35
1980-1989       22      0.00035  0.00035  0.50   97910      34   97893  5323752  54.37
1980-1989       23      0.00037  0.00037  0.50   97876      37   97858  5225858  53.39
1980-1989       24      0.00034  0.00034  0.50   97839      33   97823  5128001  52.41
1980-1989       25      0.00043  0.00043  0.50   97806      42   97785  5030178  51.43
1980-1989       26      0.00042  0.00042  0.50   97764      41   97744  4932393  50.45
1980-1989       27      0.00052  0.00052  0.50   97724      51   97698  4834649  49.47
1980-1989       28      0.00047  0.00047  0.50   97672      46   97650  4736951  48.50
1980-1989       29      0.00058  0.00058  0.50   97627      57   97598  4639301  47.52
1980-1989       30      0.00055  0.00055  0.50   97570      53   97543  4541703  46.55
1980-1989       31      0.00062  0.00062  0.50   97517      60   97487  4444159  45.57
1980-1989       32      0.00073  0.00073  0.50   97456      71   97421  4346673  44.60
1980-1989       33      0.00075  0.00075  0.50   97385      73   97349  4249252  43.63
1980-1989       34      0.00084  0.00084  0.50   97312      82   97271  4151903  42.67
1980-1989       35      0.00094  0.00094  0.50   97230      92   97184  4054632  41.70
1980-1989       36      0.00108  0.00108  0.50   97138     105   97086  3957448  40.74
1980-1989       37      0.00114  0.00113  0.50   97033     110   96978  3860363  39.78
1980-1989       38      0.00135  0.00135  0.50   96923     131   96858  3763384  38.83
1980-1989       39      0.00155  0.00155  0.50   96792     150   96718  3666527  37.88
1980-1989       40      0.00156  0.00156  0.50   96643     150   96568  3569809  36.94
1980-1989       41      0.00166  0.00166  0.50   96493     160   96413  3473241  35.99
1980-1989       42      0.00191  0.00191  0.50   96333     184   96241  3376829  35.05
1980-1989       43      0.00217  0.00217  0.50   96149     208   96044  3280588  34.12
1980-1989       44      0.00241  0.00241  0.50   95940     231   95825  3184543  33.19
1980-1989       45      0.00262  0.00262  0.50   95709     250   95584  3088719  32.27
1980-1989       46      0.00282  0.00282  0.50   95459     269   95324  2993135  31.36
1980-1989       47      0.00321  0.00321  0.50   95190     305   95037  2897810  30.44
1980-1989       48      0.00361  0.00361  0.50   94884     342   94713  2802773  29.54
1980-1989       49      0.00399  0.00398  0.50   94542     376   94354  2708060  28.64
1980-1989       50      0.00419  0.00418  0.50   94166     394   93969  2613706  27.76
1980-1989       51      0.00459  0.00458  0.50   93772     430   93557  2519737  26.87
1980-1989       52      0.00497  0.00496  0.50   93343     463   93111  2426179  25.99
1980-1989       53      0.00554  0.00553  0.50   92880     514   92623  2333068  25.12
1980-1989       54      0.00619  0.00617  0.50   92366     570   92081  2240445  24.26
1980-1989       55      0.00682  0.00680  0.50   91796     624   91484  2148363  23.40
1980-1989       56      0.00718  0.00715  0.50   91172     652   90846  2056879  22.56
1980-1989       57      0.00798  0.00795  0.50   90520     720   90160  1966033  21.72
1980-1989       58      0.00883  0.00879  0.50   89801     790   89406  1875872  20.89
1980-1989       59      0.00998  0.00993  0.50   89011     884   88569  1786467  20.07
1980-1989       60      0.01089  0.01083  0.50   88127     954   87650  1697898  19.27
1980-1989       61      0.01147  0.01141  0.50   87173     994   86676  1610248  18.47
1980-1989       62      0.01323  0.01314  0.50   86179    1132   85613  1523572  17.68
1980-1989       63      0.01475  0.01464  0.50   85046    1245   84424  1437959  16.91
1980-1989       64      0.01603  0.01591  0.50   83801    1333   83135  1353536  16.15
1980-1989       65      0.01722  0.01707  0.50   82468    1408   81764  1270401  15.40
1980-1989       66      0.01886  0.01869  0.50   81060    1515   80303  1188637  14.66
1980-1989       67      0.02153  0.02130  0.50   79545    1694   78698  1108334  13.93
1980-1989       68      0.02430  0.02401  0.50   77851    1869   76917  1029636  13.23
1980-1989       69      0.02696  0.02661  0.50   75982    2022   74971   952719  12.54
1980-1989       70      0.03029  0.02984  0.50   73961    2207   72857   877748  11.87
1980-1989       71      0.03348  0.03293  0.50   71754    2363   70572   804890  11.22
1980-1989       72      0.03718  0.03651  0.50   69391    2533   68124   734318  10.58
1980-1989       73      0.04232  0.04144  0.50   66858    2771   65472   666193   9.96
1980-1989       74      0.04745  0.04635  0.50   64087    2970   62602   600721   9.37
1980-1989       75      0.05263  0.05128  0.50   61117    3134   59550   538119   8.80
1980-1989       76      0.05816  0.05652  0.50   57983    3277   56344   478569   8.25
1980-1989       77      0.06558  0.06350  0.50   54706    3474   52969   422225   7.72
1980-1989       78      0.07400  0.07136  0.50   51232    3656   49404   369256   7.21
1980-1989       79      0.08466  0.08122  0.50   47576    3864   45644   319852   6.72
1980-1989       80      0.09724  0.09273  0.50   43712    4053   41685   274208   6.27
1980-1989       81      0.10613  0.10078  0.50   39659    3997   37660   232522   5.86
1980-1989       82      0.11845  0.11183  0.50   35662    3988   33668   194862   5.46
1980-1989       83      0.13248  0.12425  0.50   31674    3935   29706   161194   5.09
1980-1989       84      0.14738  0.13727  0.50   27738    3808   25835   131488   4.74
1980-1989       85      0.16865  0.15554  0.50   23931    3722   22070   105654   4.41
1980-1989       86      0.18062  0.16566  0.50   20209    3348   18535    83584   4.14
1980-1989       87      0.19660  0.17901  0.50   16861    3018   15352    65050   3.86
1980-1989       88      0.21521  0.19430  0.50   13843    2690   12498    49698   3.59
1980-1989       89      0.23678  0.21171  0.50   11153    2361    9972    37200   3.34
1980-1989       90      0.26506  0.23404  0.50    8792    2058    7763    27228   3.10
1980-1989       91      0.29812  0.25944  0.50    6734    1747    5861    19465   2.89
1980-1989       92      0.32077  0.27644  0.50    4987    1379    4298    13604   2.73
1980-1989       93      0.32917  0.28265  0.50    3608    1020    3098     9306   2.58
1980-1989       94      0.36961  0.31196  0.50    2588     807    2185     6208   2.40
1980-1989       95      0.39684  0.33114  0.50    1781     590    1486     4023   2.26
1980-1989       96      0.42625  0.35136  0.50    1191     419     982     2537   2.13
1980-1989       97      0.45619  0.37146  0.50     773     287     629     1555   2.01
1980-1989       98      0.48644  0.39128  0.50     486     190     391      926   1.91
1980-1989       99      0.51680  0.41068  0.50     296     121     235      535   1.81
1980-1989      100      0.54703  0.42955  0.50     174      75     137      301   1.72
1980-1989      101      0.57692  0.44776  0.50      99      45      77      164   1.65
1980-1989      102      0.60626  0.46523  0.50      55      26      42       87   1.58
1980-1989      103      0.63485  0.48189  0.50      29      14      22       44   1.51
1980-1989      104      0.66252  0.49767  0.50      15       8      11       22   1.46
1980-1989      105      0.68912  0.51253  0.50       8       4       6       11   1.41
1980-1989      106      0.71453  0.52645  0.50       4       2       3        5   1.36
1980-1989      107      0.73865  0.53943  0.50       2       1       1        2   1.32
1980-1989      108      0.76141  0.55146  0.50       1       0       1        1   1.29
1980-1989      109      0.78277  0.56258  0.50       0       0       0        0   1.26
1980-1989      110+     0.80272  1.00000  1.25       0       0       0        0   1.25
1990-1999        0      0.00946  0.00938  0.13  100000     938   99184  7624514  76.25
1990-1999        1      0.00071  0.00071  0.50   99062      70   99027  7525330  75.97
1990-1999        2      0.00046  0.00046  0.50   98992      45   98969  7426303  75.02
1990-1999        3      0.00036  0.00036  0.50   98946      35   98929  7327334  74.05
1990-1999        4      0.00027  0.00027  0.50   98911      26   98898  7228406  73.08
1990-1999        5      0.00028  0.00028  0.50   98885      28   98871  7129508  72.10
1990-1999        6      0.00020  0.00020  0.50   98856      19   98847  7030638  71.12
1990-1999        7      0.00022  0.00022  0.50   98837      21   98826  6931791  70.13
1990-1999        8      0.00021  0.00021  0.50   98816      21   98805  6832965  69.15
1990-1999        9      0.00016  0.00016  0.50   98795      16   98787  6734159  68.16
1990-1999       10      0.00016  0.00016  0.50   98779      16   98771  6635373  67.17
1990-1999       11      0.00019  0.00019  0.50   98762      18   98753  6536602  66.19
1990-1999       12      0.00021  0.00021  0.50   98744      21   98734  6437849  65.20
1990-1999       13      0.00016  0.00016  0.50   98723      16   98715  6339115  64.21
1990-1999       14      0.00018  0.00018  0.50   98707      18   98698  6240400  63.22
1990-1999       15      0.00024  0.00024  0.50   98689      24   98677  6141702  62.23
1990-1999       16      0.00029  0.00029  0.50   98665      29   98651  6043024  61.25
1990-1999       17      0.00035  0.00035  0.50   98636      34   98619  5944374  60.27
1990-1999       18      0.00036  0.00036  0.50   98602      35   98585  5845754  59.29
1990-1999       19      0.00032  0.00032  0.50   98567      32   98551  5747170  58.31
1990-1999       20      0.00037  0.00037  0.50   98535      36   98517  5648619  57.33
1990-1999       21      0.00037  0.00037  0.50   98499      37   98480  5550102  56.35
1990-1999       22      0.00030  0.00030  0.50   98462      30   98447  5451622  55.37
1990-1999       23      0.00031  0.00031  0.50   98432      30   98417  5353175  54.38
1990-1999       24      0.00028  0.00028  0.50   98402      27   98388  5254758  53.40
1990-1999       25      0.00036  0.00036  0.50   98375      36   98357  5156369  52.42
1990-1999       26      0.00038  0.00038  0.50   98339      37   98320  5058013  51.43
1990-1999       27      0.00035  0.00035  0.50   98302      34   98284  4959692  50.45
1990-1999       28      0.00038  0.00038  0.50   98267      38   98249  4861408  49.47
1990-1999       29      0.00049  0.00049  0.50   98230      49   98205  4763160  48.49
1990-1999       30      0.00047  0.00047  0.50   98181      46   98158  4664954  47.51
1990-1999       31      0.00061  0.00061  0.50   98135      60   98105  4566796  46.54
1990-1999       32      0.00056  0.00056  0.50   98075      55   98047  4468691  45.56
1990-1999       33      0.00072  0.00072  0.50   98020      71   97984  4370644  44.59
1990-1999       34      0.00077  0.00077  0.50   97949      75   97911  4272660  43.62
1990-1999       35      0.00087  0.00087  0.50   97874      85   97831  4174748  42.65
1990-1999       36      0.00095  0.00095  0.50   97788      93   97742  4076918  41.69
1990-1999       37      0.00107  0.00107  0.50   97695     104   97643  3979176  40.73
1990-1999       38      0.00116  0.00116  0.50   97591     113   97534  3881533  39.77
1990-1999       39      0.00137  0.00137  0.50   97478     134   97411  3783998  38.82
1990-1999       40      0.00134  0.00133  0.50   97344     130   97279  3686587  37.87
1990-1999       41      0.00156  0.00156  0.50   97215     152   97139  3589308  36.92
1990-1999       42      0.00170  0.00170  0.50   97063     165   96980  3492169  35.98
1990-1999       43      0.00191  0.00191  0.50   96898     185   96805  3395189  35.04
1990-1999       44      0.00212  0.00212  0.50   96713     205   96611  3298383  34.10
1990-1999       45      0.00239  0.00239  0.50   96508     231   96393  3201773  33.18
1990-1999       46      0.00261  0.00261  0.50   96277     251   96152  3105380  32.25
1990-1999       47      0.00282  0.00281  0.50   96026     270   95891  3009228  31.34
1990-1999       48      0.00315  0.00315  0.50   95756     301   95605  2913337  30.42
1990-1999       49      0.00326  0.00326  0.50   95454     311   95299  2817732  29.52
1990-1999       50      0.00386  0.00386  0.50   95143     367   94960  2722433  28.61
1990-1999       51      0.00416  0.00415  0.50   94777     394   94580  2627473  27.72
1990-1999       52      0.00479  0.00478  0.50   94383     451   94158  2532894  26.84
1990-1999       53      0.00485  0.00483  0.50   93932     454   93705  2438736  25.96
1990-1999       54      0.00545  0.00544  0.50   93478     508   93224  2345031  25.09
1990-1999       55      0.00612  0.00611  0.50   92970     568   92686  2251807  24.22
1990-1999       56      0.00678  0.00675  0.50   92402     624   92090  2159121  23.37
1990-1999       57      0.00731  0.00728  0.50   91778     668   91444  2067030  22.52
1990-1999       58      0.00802  0.00799  0.50   91110     728   90746  1975586  21.68
1990-1999       59      0.00880  0.00876  0.50   90382     792   89986  1884840  20.85
1990-1999       60      0.00964  0.00960  0.50   89590     860   89160  1794854  20.03
1990-1999       61      0.01050  0.01044  0.50   88730     927   88267  1705694  19.22
1990-1999       62      0.01182  0.01175  0.50   87804    1032   87288  1617427  18.42
1990-1999       63      0.01310  0.01302  0.50   86772    1129   86207  1530139  17.63
1990-1999       64      0.01425  0.01415  0.50   85642    1212   85036  1443932  16.86
1990-1999       65      0.01635  0.01622  0.50   84430    1370   83746  1358895  16.09
1990-1999       66      0.01825  0.01809  0.50   83061    1502   82310  1275150  15.35
1990-1999       67      0.02013  0.01993  0.50   81559    1626   80746  1192840  14.63
1990-1999       68      0.02217  0.02193  0.50   79933    1753   79057  1112094  13.91
1990-1999       69      0.02434  0.02405  0.50   78180    1880   77240  1033038  13.21
1990-1999       70      0.02790  0.02751  0.50   76300    2099   75251   955797  12.53
1990-1999       71      0.03010  0.02966  0.50   74201    2201   73101   880546  11.87
1990-1999       72      0.03376  0.03320  0.50   72001    2390   70806   807446  11.21
1990-1999       73      0.03760  0.03690  0.50   69611    2569   68326   736640  10.58
1990-1999       74      0.04210  0.04123  0.50   67042    2764   65660   668314   9.97
1990-1999       75      0.04801  0.04689  0.50   64277    3014   62771   602654   9.38
1990-1999       76      0.05346  0.05207  0.50   61264    3190   59669   539884   8.81
1990-1999       77      0.05912  0.05742  0.50   58074    3335   56406   480215   8.27
1990-1999       78      0.06717  0.06499  0.50   54739    3557   52960   423809   7.74
1990-1999       79      0.07484  0.07214  0.50   51181    3692   49335   370849   7.25
1990-1999       80      0.08325  0.07992  0.50   47489    3795   45592   321513   6.77
1990-1999       81      0.09567  0.09130  0.50   43694    3989   41699   275921   6.31
1990-1999       82      0.10397  0.09883  0.50   39705    3924   37743   234222   5.90
1990-1999       83      0.11842  0.11180  0.50   35781    4000   33780   196480   5.49
1990-1999       84      0.13241  0.12419  0.50   31780    3947   29807   162699   5.12
1990-1999       85      0.14457  0.13482  0.50   27833    3753   25957   132892   4.77
1990-1999       86      0.16086  0.14888  0.50   24081    3585   22288   106935   4.44
1990-1999       87      0.17625  0.16198  0.50   20496    3320   18836    84647   4.13
1990-1999       88      0.19756  0.17980  0.50   17176    3088   15632    65811   3.83
1990-1999       89      0.22259  0.20030  0.50   14088    2822   12677    50179   3.56
1990-1999       90      0.23909  0.21356  0.50   11266    2406   10063    37503   3.33
1990-1999       91      0.26897  0.23708  0.50    8860    2101    7810    27440   3.10
1990-1999       92      0.28654  0.25063  0.50    6759    1694    5912    19630   2.90
1990-1999       93      0.30805  0.26694  0.50    5065    1352    4389    13718   2.71
1990-1999       94      0.35593  0.30216  0.50    3713    1122    3152     9329   2.51
1990-1999       95      0.37065  0.31270  0.50    2591     810    2186     6177   2.38
1990-1999       96      0.40000  0.33333  0.50    1781     594    1484     3990   2.24
1990-1999       97      0.43008  0.35396  0.50    1187     420     977     2506   2.11
1990-1999       98      0.46069  0.37444  0.50     767     287     623     1529   1.99
1990-1999       99      0.49160  0.39460  0.50     480     189     385      906   1.89
1990-1999      100      0.52257  0.41432  0.50     290     120     230      521   1.79
1990-1999      101      0.55337  0.43344  0.50     170      74     133      290   1.71
1990-1999      102      0.58377  0.45187  0.50      96      44      75      157   1.63
1990-1999      103      0.61354  0.46951  0.50      53      25      40       82   1.56
1990-1999      104      0.64248  0.48627  0.50      28      14      21       42   1.50
1990-1999      105      0.67043  0.50211  0.50      14       7      11       21   1.44
1990-1999      106      0.69721  0.51699  0.50       7       4       5       10   1.39
1990-1999      107      0.72273  0.53088  0.50       3       2       3        5   1.35
1990-1999      108      0.74687  0.54380  0.50       2       1       1        2   1.31
1990-1999      109      0.76958  0.55574  0.50       1       0       1        1   1.28
1990-1999      110+     0.79082  1.00000  1.26       0       0       0        0   1.26
2000-2009        0      0.00614  0.00611  0.14  100000     611   99473  7811799  78.12
2000-2009        1      0.00053  0.00053  0.50   99389      53   99363  7712326  77.60
2000-2009        2      0.00038  0.00038  0.50   99337      38   99318  7612963  76.64
2000-2009        3      0.00027  0.00027  0.50   99299      27   99285  7513645  75.67
2000-2009        4      0.00019  0.00019  0.50   99271      19   99262  7414360  74.69
2000-2009        5      0.00020  0.00020  0.50   99253      20   99243  7315098  73.70
2000-2009        6      0.00014  0.00014  0.50   99233      13   99226  7215855  72.72
2000-2009        7      0.00014  0.00014  0.50   99219      14   99212  7116629  71.73
2000-2009        8      0.00016  0.00016  0.50   99205      16   99197  7017417  70.74
2000-2009        9      0.00015  0.00015  0.50   99189      14   99181  6918220  69.75
2000-2009       10      0.00016  0.00016  0.50   99174      15   99167  6819039  68.76
2000-2009       11      0.00015  0.00015  0.50   99159      15   99151  6719872  67.77
2000-2009       12      0.00011  0.00011  0.50   99144      10   99139  6620721  66.78
2000-2009       13      0.00017  0.00017  0.50   99133      17   99125  6521582  65.79
2000-2009       14      0.00015  0.00015  0.50   99117      14   99110  6422457  64.80
2000-2009       15      0.00020  0.00020  0.50   99102      20   99092  6323347  63.81
2000-2009       16      0.00025  0.00025  0.50   99082      25   99070  6224255  62.82
2000-2009       17      0.00029  0.00029  0.50   99058      28   99044  6125185  61.83
2000-2009       18      0.00029  0.00029  0.50   99029      29   99015  6026141  60.85
2000-2009       19      0.00031  0.00031  0.50   99000      30   98985  5927127  59.87
2000-2009       20      0.00023  0.00023  0.50   98970      23   98958  5828141  58.89
2000-2009       21      0.00028  0.00028  0.50   98947      28   98933  5729183  57.90
2000-2009       22      0.00028  0.00028  0.50   98919      28   98905  5630250  56.92
2000-2009       23      0.00024  0.00024  0.50   98891      24   98879  5531345  55.93
2000-2009       24      0.00028  0.00028  0.50   98867      27   98853  5432466  54.95
2000-2009       25      0.00030  0.00030  0.50   98839      30   98825  5333613  53.96
2000-2009       26      0.00032  0.00032  0.50   98810      31   98794  5234788  52.98
2000-2009       27      0.00039  0.00039  0.50   98779      39   98759  5135994  52.00
2000-2009       28      0.00029  0.00029  0.50   98740      29   98725  5037235  51.02
2000-2009       29      0.00032  0.00032  0.50   98711      31   98695  4938509  50.03
2000-2009       30      0.00043  0.00043  0.50   98680      42   98659  4839814  49.05
2000-2009       31      0.00043  0.00043  0.50   98638      42   98617  4741155  48.07
2000-2009       32      0.00041  0.00041  0.50   98596      40   98575  4642539  47.09
2000-2009       33      0.00047  0.00047  0.50   98555      46   98532  4543964  46.11
2000-2009       34      0.00055  0.00055  0.50   98509      55   98482  4445432  45.13
2000-2009       35      0.00071  0.00071  0.50   98454      70   98420  4346950  44.15
2000-2009       36      0.00065  0.00065  0.50   98385      64   98353  4248530  43.18
2000-2009       37      0.00078  0.00078  0.50   98321      77   98282  4150178  42.21
2000-2009       38      0.00088  0.00088  0.50   98244      86   98201  4051895  41.24
2000-2009       39      0.00098  0.00098  0.50   98158      97   98109  3953694  40.28
2000-2009       40      0.00124  0.00124  0.50   98061     122   98000  3855585  39.32
2000-2009       41      0.00122  0.00122  0.50   97939     120   97879  3757585  38.37
2000-2009       42      0.00147  0.00147  0.50   97820     143   97748  3659706  37.41
2000-2009       43      0.00149  0.00149  0.50   97676     145   97603  3561958  36.47
2000-2009       44      0.00190  0.00190  0.50   97531     185   97438  3464354  35.52
2000-2009       45      0.00209  0.00209  0.50   97346     203   97244  3366916  34.59
2000-2009       46      0.00215  0.00215  0.50   97143     209   97038  3269672  33.66
2000-2009       47      0.00266  0.00266  0.50   96934     257   96805  3172634  32.73
2000-2009       48      0.00257  0.00257  0.50   96676     248   96552  3075829  31.82
2000-2009       49      0.00305  0.00305  0.50   96428     294   96281  2979277  30.90
2000-2009       50      0.00315  0.00315  0.50   96134     303   95983  2882996  29.99
2000-2009       51      0.00358  0.00358  0.50   95832     343   95660  2787013  29.08
2000-2009       52      0.00392  0.00392  0.50   95489     374   95302  2691352  28.18
2000-2009       53      0.00405  0.00404  0.50   95115     384   94923  2596050  27.29
2000-2009       54      0.00459  0.00458  0.50   94731     433   94514  2501127  26.40
2000-2009       55      0.00516  0.00515  0.50   94298     486   94055  2406613  25.52
2000-2009       56      0.00567  0.00565  0.50   93812     530   93547  2312558  24.65
2000-2009       57      0.00623  0.00622  0.50   93282     580   92992  2219011  23.79
2000-2009       58      0.00680  0.00678  0.50   92702     628   92388  2126019  22.93
2000-2009       59      0.00737  0.00734  0.50   92074     676   91735  2033632  22.09
2000-2009       60      0.00790  0.00787  0.50   91397     720   91037  1941896  21.25
2000-2009       61      0.00878  0.00875  0.50   90678     793   90281  1850859  20.41
2000-2009       62      0.00965  0.00960  0.50   89885     863   89453  1760578  19.59
2000-2009       63      0.01033  0.01028  0.50   89021     915   88564  1671125  18.77
2000-2009       64      0.01144  0.01137  0.50   88106    1002   87605  1582561  17.96
2000-2009       65      0.01320  0.01311  0.50   87104    1142   86533  1494955  17.16
2000-2009       66      0.01423  0.01413  0.50   85962    1215   85355  1408422  16.38
2000-2009       67      0.01647  0.01633  0.50   84748    1384   84056  1323067  15.61
2000-2009       68      0.01741  0.01726  0.50   83364    1439   82644  1239011  14.86
2000-2009       69      0.01956  0.01937  0.50   81925    1587   81132  1156367  14.11
2000-2009       70      0.02207  0.02183  0.50   80338    1754   79461  1075235  13.38
2000-2009       71      0.02490  0.02460  0.50   78585    1933   77618   995774  12.67
2000-2009       72      0.02820  0.02780  0.50   76652    2131   75586   918156  11.98
2000-2009       73      0.03202  0.03152  0.50   74520    2349   73346   842570  11.31
2000-2009       74      0.03574  0.03511  0.50   72172    2534   70905   769224  10.66
2000-2009       75      0.04027  0.03947  0.50   69637    2749   68263   698320  10.03
2000-2009       76      0.04432  0.04336  0.50   66889    2900   65438   630056   9.42
2000-2009       77      0.05177  0.05046  0.50   63988    3229   62374   564618   8.82
2000-2009       78      0.05807  0.05643  0.50   60760    3429   59045   502244   8.27
2000-2009       79      0.06595  0.06385  0.50   57331    3660   55501   443199   7.73
2000-2009       80      0.07484  0.07214  0.50   53671    3872   51735   387698   7.22
2000-2009       81      0.08211  0.07887  0.50   49799    3928   47835   335964   6.75
2000-2009       82      0.09261  0.08851  0.50   45871    4060   43841   288129   6.28
2000-2009       83      0.10571  0.10040  0.50   41811    4198   39712   244288   5.84
2000-2009       84      0.11607  0.10970  0.50   37613    4126   35550   204576   5.44
2000-2009       85      0.13119  0.12311  0.50   33487    4123   31426   169026   5.05
2000-2009       86      0.14573  0.13583  0.50   29364    3989   27370   137600   4.69
2000-2009       87      0.16643  0.15364  0.50   25376    3899   23426   110230   4.34
2000-2009       88      0.17940  0.16463  0.50   21477    3536   19709    86804   4.04
2000-2009       89      0.20013  0.18192  0.50   17941    3264   16309    67095   3.74
2000-2009       90      0.22757  0.20432  0.50   14677    2999   13178    50786   3.46
2000-2009       91      0.25276  0.22440  0.50   11678    2621   10368    37609   3.22
2000-2009       92      0.27199  0.23943  0.50    9058    2169    7973    27241   3.01
2000-2009       93      0.30352  0.26353  0.50    6889    1815    5981    19267   2.80
2000-2009       94      0.32866  0.28227  0.50    5074    1432    4358    13286   2.62
2000-2009       95      0.35597  0.30218  0.50    3641    1100    3091     8928   2.45
2000-2009       96      0.38615  0.32366  0.50    2541     822    2130     5837   2.30
2000-2009       97      0.41723  0.34522  0.50    1719     593    1422     3707   2.16
2000-2009       98      0.44899  0.36667  0.50    1125     413     919     2285   2.03
2000-2009       99      0.48117  0.38786  0.50     713     276     574     1366   1.92
2000-2009      100      0.51350  0.40859  0.50     436     178     347      792   1.81
2000-2009      101      0.54572  0.42874  0.50     258     111     203      445   1.72
2000-2009      102      0.57757  0.44815  0.50     147      66     114      242   1.64
2000-2009      103      0.60878  0.46672  0.50      81      38      62      128   1.57
2000-2009      104      0.63913  0.48435  0.50      43      21      33       65   1.50
2000-2009      105      0.66840  0.50097  0.50      22      11      17       32   1.45
2000-2009      106      0.69643  0.51656  0.50      11       6       8       16   1.39
2000-2009      107      0.72307  0.53107  0.50       5       3       4        7   1.35
2000-2009      108      0.74822  0.54451  0.50       3       1       2        3   1.31
2000-2009      109      0.77180  0.55690  0.50       1       1       1        1   1.28
2000-2009      110+     0.79379  1.00000  1.26       1       1       1        1   1.26
2010-2014        0      0.00500  0.00498  0.14  100000     498   99571  7977332  79.77
2010-2014        1      0.00042  0.00042  0.50   99502      41   99481  7877761  79.17
2010-2014        2      0.00020  0.00020  0.50   99461      20   99451  7778280  78.20
2010-2014        3      0.00024  0.00024  0.50   99441      24   99429  7678829  77.22
2010-2014        4      0.00016  0.00016  0.50   99417      16   99409  7579401  76.24
2010-2014        5      0.00018  0.00018  0.50   99401      18   99392  7479992  75.25
2010-2014        6      0.00014  0.00014  0.50   99383      14   99376  7380600  74.26
2010-2014        7      0.00007  0.00007  0.50   99370       7   99366  7281223  73.27
2010-2014        8      0.00020  0.00020  0.50   99363      19   99353  7181857  72.28
2010-2014        9      0.00006  0.00006  0.50   99343       6   99340  7082504  71.29
2010-2014       10      0.00007  0.00007  0.50   99337       7   99334  6983164  70.30
2010-2014       11      0.00012  0.00012  0.50   99330      11   99324  6883831  69.30
2010-2014       12      0.00011  0.00011  0.50   99319      11   99313  6784506  68.31
2010-2014       13      0.00015  0.00015  0.50   99307      14   99300  6685193  67.32
2010-2014       14      0.00014  0.00014  0.50   99293      13   99286  6585893  66.33
2010-2014       15      0.00016  0.00016  0.50   99280      16   99272  6486607  65.34
2010-2014       16      0.00021  0.00021  0.50   99264      21   99253  6387335  64.35
2010-2014       17      0.00020  0.00020  0.50   99243      19   99233  6288082  63.36
2010-2014       18      0.00029  0.00029  0.50   99223      29   99209  6188849  62.37
2010-2014       19      0.00026  0.00026  0.50   99194      25   99181  6089640  61.39
2010-2014       20      0.00024  0.00024  0.50   99169      24   99157  5990459  60.41
2010-2014       21      0.00023  0.00023  0.50   99145      23   99133  5891303  59.42
2010-2014       22      0.00026  0.00026  0.50   99121      25   99109  5792169  58.44
2010-2014       23      0.00020  0.00020  0.50   99096      20   99086  5693061  57.45
2010-2014       24      0.00032  0.00032  0.50   99077      32   99060  5593974  56.46
2010-2014       25      0.00025  0.00025  0.50   99044      25   99032  5494914  55.48
2010-2014       26      0.00026  0.00026  0.50   99019      26   99006  5395882  54.49
2010-2014       27      0.00028  0.00028  0.50   98993      28   98979  5296876  53.51
2010-2014       28      0.00027  0.00027  0.50   98965      27   98952  5197897  52.52
2010-2014       29      0.00028  0.00028  0.50   98939      28   98925  5098945  51.54
2010-2014       30      0.00037  0.00036  0.50   98911      36   98893  5000020  50.55
2010-2014       31      0.00030  0.00030  0.50   98875      30   98860  4901127  49.57
2010-2014       32      0.00045  0.00045  0.50   98845      45   98823  4802267  48.58
2010-2014       33      0.00047  0.00047  0.50   98800      46   98777  4703444  47.61
2010-2014       34      0.00039  0.00039  0.50   98754      39   98735  4604667  46.63
2010-2014       35      0.00064  0.00064  0.50   98715      63   98683  4505933  45.65
2010-2014       36      0.00067  0.00067  0.50   98652      66   98619  4407249  44.67
2010-2014       37      0.00065  0.00065  0.50   98586      64   98554  4308631  43.70
2010-2014       38      0.00076  0.00076  0.50   98522      74   98485  4210077  42.73
2010-2014       39      0.00108  0.00108  0.50   98447     106   98394  4111592  41.76
2010-2014       40      0.00084  0.00084  0.50   98341      82   98300  4013198  40.81
2010-2014       41      0.00109  0.00109  0.50   98259     107   98205  3914898  39.84
2010-2014       42      0.00120  0.00120  0.50   98152     117   98093  3816692  38.89
2010-2014       43      0.00132  0.00132  0.50   98034     129   97970  3718600  37.93
2010-2014       44      0.00152  0.00152  0.50   97905     149   97831  3620630  36.98
2010-2014       45      0.00157  0.00157  0.50   97756     154   97679  3522799  36.04
2010-2014       46      0.00199  0.00198  0.50   97603     194   97506  3425120  35.09
2010-2014       47      0.00207  0.00206  0.50   97409     201   97308  3327614  34.16
2010-2014       48      0.00208  0.00208  0.50   97208     202   97107  3230306  33.23
2010-2014       49      0.00248  0.00247  0.50   97006     240   96886  3133199  32.30
2010-2014       50      0.00290  0.00290  0.50   96766     280   96626  3036313  31.38
2010-2014       51      0.00330  0.00329  0.50   96485     317   96327  2939688  30.47
2010-2014       52      0.00338  0.00337  0.50   96168     324   96006  2843361  29.57
2010-2014       53      0.00363  0.00362  0.50   95844     347   95670  2747355  28.67
2010-2014       54      0.00412  0.00412  0.50   95496     393   95300  2651685  27.77
2010-2014       55      0.00436  0.00435  0.50   95103     414   94896  2556386  26.88
2010-2014       56      0.00494  0.00493  0.50   94689     467   94456  2461489  26.00
2010-2014       57      0.00498  0.00497  0.50   94223     468   93989  2367033  25.12
2010-2014       58      0.00580  0.00578  0.50   93755     542   93484  2273045  24.24
2010-2014       59      0.00625  0.00623  0.50   93213     581   92922  2179561  23.38
2010-2014       60      0.00694  0.00692  0.50   92632     641   92312  2086639  22.53
2010-2014       61      0.00789  0.00786  0.50   91991     723   91630  1994327  21.68
2010-2014       62      0.00798  0.00795  0.50   91268     725   90906  1902697  20.85
2010-2014       63      0.00901  0.00897  0.50   90543     812   90137  1811791  20.01
2010-2014       64      0.00996  0.00991  0.50   89731     889   89286  1721654  19.19
2010-2014       65      0.01050  0.01044  0.50   88842     928   88378  1632368  18.37
2010-2014       66      0.01196  0.01188  0.50   87914    1045   87392  1543990  17.56
2010-2014       67      0.01320  0.01311  0.50   86869    1139   86300  1456598  16.77
2010-2014       68      0.01451  0.01441  0.50   85730    1235   85112  1370299  15.98
2010-2014       69      0.01548  0.01536  0.50   84495    1298   83846  1285187  15.21
2010-2014       70      0.01736  0.01721  0.50   83197    1432   82481  1201341  14.44
2010-2014       71      0.01894  0.01876  0.50   81765    1534   80998  1118860  13.68
2010-2014       72      0.02250  0.02225  0.50   80231    1785   79339  1037861  12.94
2010-2014       73      0.02371  0.02343  0.50   78446    1838   77527   958523  12.22
2010-2014       74      0.02828  0.02788  0.50   76608    2136   75540   880996  11.50
2010-2014       75      0.03188  0.03138  0.50   74472    2337   73303   805456  10.82
2010-2014       76      0.03726  0.03657  0.50   72135    2638   70816   732152  10.15
2010-2014       77      0.04167  0.04082  0.50   69497    2837   68078   661336   9.52
2010-2014       78      0.04694  0.04587  0.50   66660    3057   65131   593258   8.90
2010-2014       79      0.05436  0.05292  0.50   63603    3366   61920   528127   8.30
2010-2014       80      0.06372  0.06176  0.50   60237    3720   58377   466207   7.74
2010-2014       81      0.07160  0.06913  0.50   56517    3907   54563   407831   7.22
2010-2014       82      0.08308  0.07977  0.50   52610    4197   50511   353267   6.71
2010-2014       83      0.09624  0.09183  0.50   48413    4446   46190   302756   6.25
2010-2014       84      0.10816  0.10261  0.50   43968    4511   41712   256565   5.84
2010-2014       85      0.11829  0.11168  0.50   39456    4406   37253   214854   5.45
2010-2014       86      0.13372  0.12534  0.50   35050    4393   32853   177601   5.07
2010-2014       87      0.14612  0.13617  0.50   30656    4175   28569   144747   4.72
2010-2014       88      0.15824  0.14664  0.50   26482    3883   24540   116178   4.39
2010-2014       89      0.18088  0.16588  0.50   22598    3749   20724    91638   4.06
2010-2014       90      0.20646  0.18714  0.50   18850    3528   17086    70914   3.76
2010-2014       91      0.22266  0.20035  0.50   15322    3070   13787    53828   3.51
2010-2014       92      0.24032  0.21454  0.50   12252    2629   10938    40041   3.27
2010-2014       93      0.26895  0.23707  0.50    9624    2281    8483    29103   3.02
2010-2014       94      0.29660  0.25830  0.50    7342    1896    6394    20620   2.81
2010-2014       95      0.32830  0.28201  0.50    5446    1536    4678    14226   2.61
2010-2014       96      0.35758  0.30335  0.50    3910    1186    3317     9548   2.44
2010-2014       97      0.38797  0.32494  0.50    2724     885    2281     6231   2.29
2010-2014       98      0.41926  0.34660  0.50    1839     637    1520     3949   2.15
2010-2014       99      0.45121  0.36815  0.50    1201     442     980     2429   2.02
2010-2014      100      0.48357  0.38941  0.50     759     296     611     1449   1.91
2010-2014      101      0.51606  0.41021  0.50     464     190     368      837   1.81
2010-2014      102      0.54842  0.43040  0.50     273     118     215      469   1.72
2010-2014      103      0.58038  0.44984  0.50     156      70     121      254   1.63
2010-2014      104      0.61167  0.46841  0.50      86      40      66      134   1.56
2010-2014      105      0.64207  0.48604  0.50      46      22      34       68   1.50
2010-2014      106      0.67137  0.50264  0.50      23      12      18       34   1.44
2010-2014      107      0.69939  0.51819  0.50      12       6       9       16   1.39
2010-2014      108      0.72600  0.53265  0.50       6       3       4        8   1.35
2010-2014      109      0.75110  0.54603  0.50       3       1       2        3   1.31
2010-2014      110+     0.77460  1.00000  1.29       1       1       2        2   1.29
