Slovenia, Life tables (period 1x10), Females	Last modified: 26 Sep 2017;  Methods Protocol: v6 (2017)

  Year          Age         mx       qx    ax      lx      dx      Lx       Tx     ex
1983-1989        0      0.01040  0.01030  0.13  100000    1030   99101  7604335  76.04
1983-1989        1      0.00090  0.00090  0.50   98970      89   98925  7505234  75.83
1983-1989        2      0.00041  0.00041  0.50   98881      41   98861  7406308  74.90
1983-1989        3      0.00031  0.00031  0.50   98840      30   98825  7307448  73.93
1983-1989        4      0.00026  0.00026  0.50   98810      26   98797  7208623  72.95
1983-1989        5      0.00027  0.00027  0.50   98784      27   98771  7109826  71.97
1983-1989        6      0.00024  0.00024  0.50   98757      24   98745  7011055  70.99
1983-1989        7      0.00029  0.00029  0.50   98734      28   98720  6912309  70.01
1983-1989        8      0.00024  0.00024  0.50   98705      23   98694  6813590  69.03
1983-1989        9      0.00011  0.00011  0.50   98682      11   98677  6714896  68.05
1983-1989       10      0.00018  0.00018  0.50   98672      18   98663  6616219  67.05
1983-1989       11      0.00022  0.00022  0.50   98654      22   98643  6517556  66.06
1983-1989       12      0.00009  0.00009  0.50   98632       9   98628  6418913  65.08
1983-1989       13      0.00007  0.00007  0.50   98623       7   98620  6320285  64.09
1983-1989       14      0.00020  0.00020  0.50   98616      19   98607  6221665  63.09
1983-1989       15      0.00027  0.00027  0.50   98597      26   98584  6123059  62.10
1983-1989       16      0.00050  0.00050  0.50   98571      49   98546  6024475  61.12
1983-1989       17      0.00038  0.00038  0.50   98521      37   98503  5925929  60.15
1983-1989       18      0.00040  0.00040  0.50   98484      39   98464  5827426  59.17
1983-1989       19      0.00048  0.00048  0.50   98445      47   98421  5728961  58.19
1983-1989       20      0.00056  0.00056  0.50   98397      55   98370  5630540  57.22
1983-1989       21      0.00047  0.00047  0.50   98342      47   98319  5532171  56.25
1983-1989       22      0.00037  0.00037  0.50   98296      37   98277  5433852  55.28
1983-1989       23      0.00048  0.00048  0.50   98259      48   98235  5335574  54.30
1983-1989       24      0.00040  0.00040  0.50   98211      39   98192  5237339  53.33
1983-1989       25      0.00051  0.00051  0.50   98172      50   98147  5139147  52.35
1983-1989       26      0.00052  0.00052  0.50   98122      51   98097  5041000  51.37
1983-1989       27      0.00054  0.00054  0.50   98071      53   98045  4942903  50.40
1983-1989       28      0.00044  0.00044  0.50   98018      43   97997  4844859  49.43
1983-1989       29      0.00057  0.00057  0.50   97975      56   97947  4746862  48.45
1983-1989       30      0.00053  0.00053  0.50   97919      51   97893  4648915  47.48
1983-1989       31      0.00077  0.00077  0.50   97867      75   97830  4551022  46.50
1983-1989       32      0.00076  0.00076  0.50   97792      74   97755  4453192  45.54
1983-1989       33      0.00064  0.00064  0.50   97718      63   97686  4355437  44.57
1983-1989       34      0.00090  0.00090  0.50   97655      88   97611  4257751  43.60
1983-1989       35      0.00096  0.00096  0.50   97567      93   97521  4160140  42.64
1983-1989       36      0.00121  0.00120  0.50   97474     117   97415  4062619  41.68
1983-1989       37      0.00097  0.00097  0.50   97357      94   97310  3965204  40.73
1983-1989       38      0.00114  0.00114  0.50   97263     111   97207  3867894  39.77
1983-1989       39      0.00128  0.00128  0.50   97152     124   97089  3770687  38.81
1983-1989       40      0.00142  0.00142  0.50   97027     137   96959  3673597  37.86
1983-1989       41      0.00177  0.00177  0.50   96890     171   96805  3576639  36.91
1983-1989       42      0.00204  0.00204  0.50   96719     197   96620  3479834  35.98
1983-1989       43      0.00177  0.00177  0.50   96522     171   96436  3383214  35.05
1983-1989       44      0.00229  0.00229  0.50   96351     220   96240  3286778  34.11
1983-1989       45      0.00226  0.00226  0.50   96130     217   96022  3190537  33.19
1983-1989       46      0.00283  0.00283  0.50   95913     271   95778  3094516  32.26
1983-1989       47      0.00311  0.00311  0.50   95642     297   95493  2998738  31.35
1983-1989       48      0.00342  0.00341  0.50   95345     325   95182  2903244  30.45
1983-1989       49      0.00385  0.00384  0.50   95020     365   94837  2808062  29.55
1983-1989       50      0.00369  0.00369  0.50   94655     349   94480  2713225  28.66
1983-1989       51      0.00451  0.00450  0.50   94306     424   94094  2618745  27.77
1983-1989       52      0.00533  0.00531  0.50   93881     499   93632  2524651  26.89
1983-1989       53      0.00531  0.00530  0.50   93383     494   93135  2431019  26.03
1983-1989       54      0.00556  0.00554  0.50   92888     515   92631  2337884  25.17
1983-1989       55      0.00603  0.00601  0.50   92373     555   92096  2245253  24.31
1983-1989       56      0.00661  0.00659  0.50   91818     605   91515  2153157  23.45
1983-1989       57      0.00746  0.00743  0.50   91213     678   90874  2061642  22.60
1983-1989       58      0.00775  0.00772  0.50   90535     699   90185  1970768  21.77
1983-1989       59      0.00875  0.00871  0.50   89836     782   89445  1880582  20.93
1983-1989       60      0.00920  0.00915  0.50   89054     815   88646  1791138  20.11
1983-1989       61      0.01018  0.01012  0.50   88238     893   87792  1702492  19.29
1983-1989       62      0.01101  0.01095  0.50   87345     957   86867  1614700  18.49
1983-1989       63      0.01189  0.01182  0.50   86388    1021   85878  1527834  17.69
1983-1989       64      0.01353  0.01344  0.50   85367    1148   84793  1441956  16.89
1983-1989       65      0.01493  0.01482  0.50   84220    1248   83596  1357163  16.11
1983-1989       66      0.01602  0.01589  0.50   82972    1319   82312  1273567  15.35
1983-1989       67      0.01796  0.01780  0.50   81653    1453   80926  1191255  14.59
1983-1989       68      0.02105  0.02083  0.50   80200    1670   79365  1110328  13.84
1983-1989       69      0.02277  0.02252  0.50   78529    1768   77645  1030964  13.13
1983-1989       70      0.02620  0.02586  0.50   76761    1985   75769   953318  12.42
1983-1989       71      0.03000  0.02956  0.50   74776    2210   73671   877550  11.74
1983-1989       72      0.03228  0.03177  0.50   72566    2305   71413   803879  11.08
1983-1989       73      0.03565  0.03502  0.50   70260    2461   69030   732465  10.43
1983-1989       74      0.04323  0.04231  0.50   67800    2869   66365   663435   9.79
1983-1989       75      0.04745  0.04635  0.50   64931    3009   63426   597070   9.20
1983-1989       76      0.05353  0.05214  0.50   61922    3228   60307   533644   8.62
1983-1989       77      0.05915  0.05745  0.50   58693    3372   57007   473336   8.06
1983-1989       78      0.06940  0.06707  0.50   55321    3710   53466   416329   7.53
1983-1989       79      0.07624  0.07344  0.50   51611    3790   49716   362863   7.03
1983-1989       80      0.08631  0.08274  0.50   47820    3957   45842   313148   6.55
1983-1989       81      0.10111  0.09625  0.50   43864    4222   41753   267306   6.09
1983-1989       82      0.11465  0.10844  0.50   39642    4299   37493   225553   5.69
1983-1989       83      0.12365  0.11645  0.50   35343    4116   33285   188061   5.32
1983-1989       84      0.14124  0.13192  0.50   31227    4120   29168   154775   4.96
1983-1989       85      0.15144  0.14078  0.50   27108    3816   25200   125608   4.63
1983-1989       86      0.16844  0.15535  0.50   23292    3618   21482   100408   4.31
1983-1989       87      0.19596  0.17848  0.50   19673    3511   17918    78926   4.01
1983-1989       88      0.20059  0.18230  0.50   16162    2946   14689    61008   3.77
1983-1989       89      0.22784  0.20454  0.50   13216    2703   11864    46319   3.50
1983-1989       90      0.24521  0.21843  0.50   10512    2296    9364    34455   3.28
1983-1989       91      0.26930  0.23734  0.50    8216    1950    7241    25091   3.05
1983-1989       92      0.28623  0.25040  0.50    6266    1569    5482    17850   2.85
1983-1989       93      0.33248  0.28509  0.50    4697    1339    4028    12368   2.63
1983-1989       94      0.35271  0.29983  0.50    3358    1007    2855     8341   2.48
1983-1989       95      0.38112  0.32012  0.50    2351     753    1975     5486   2.33
1983-1989       96      0.41037  0.34050  0.50    1599     544    1326     3511   2.20
1983-1989       97      0.44026  0.36083  0.50    1054     380     864     2185   2.07
1983-1989       98      0.47060  0.38096  0.50     674     257     545     1321   1.96
1983-1989       99      0.50115  0.40074  0.50     417     167     334      775   1.86
1983-1989      100      0.53170  0.42003  0.50     250     105     197      442   1.77
1983-1989      101      0.56201  0.43873  0.50     145      64     113      244   1.68
1983-1989      102      0.59187  0.45671  0.50      81      37      63      131   1.61
1983-1989      103      0.62106  0.47390  0.50      44      21      34       68   1.54
1983-1989      104      0.64940  0.49022  0.50      23      11      18       35   1.48
1983-1989      105      0.67672  0.50564  0.50      12       6       9       17   1.43
1983-1989      106      0.70289  0.52010  0.50       6       3       4        8   1.38
1983-1989      107      0.72780  0.53361  0.50       3       2       2        4   1.34
1983-1989      108      0.75135  0.54617  0.50       1       1       1        2   1.31
1983-1989      109      0.77350  0.55778  0.50       1       0       0        1   1.28
1983-1989      110+     0.79422  1.00000  1.26       0       0       0        0   1.26
1990-1999        0      0.00545  0.00543  0.14  100000     543   99532  7823012  78.23
1990-1999        1      0.00039  0.00039  0.50   99457      39   99438  7723480  77.66
1990-1999        2      0.00031  0.00031  0.50   99418      31   99402  7624043  76.69
1990-1999        3      0.00023  0.00023  0.50   99387      22   99376  7524640  75.71
1990-1999        4      0.00020  0.00020  0.50   99365      20   99355  7425264  74.73
1990-1999        5      0.00020  0.00020  0.50   99345      20   99335  7325910  73.74
1990-1999        6      0.00018  0.00018  0.50   99324      18   99316  7226575  72.76
1990-1999        7      0.00010  0.00010  0.50   99307      10   99302  7127260  71.77
1990-1999        8      0.00012  0.00012  0.50   99297      12   99291  7027958  70.78
1990-1999        9      0.00014  0.00014  0.50   99285      14   99278  6928667  69.79
1990-1999       10      0.00011  0.00011  0.50   99271      11   99265  6829390  68.80
1990-1999       11      0.00012  0.00012  0.50   99259      12   99254  6730125  67.80
1990-1999       12      0.00014  0.00014  0.50   99248      14   99241  6630871  66.81
1990-1999       13      0.00012  0.00012  0.50   99234      11   99228  6531630  65.82
1990-1999       14      0.00025  0.00025  0.50   99222      25   99210  6432402  64.83
1990-1999       15      0.00020  0.00020  0.50   99198      20   99188  6333192  63.84
1990-1999       16      0.00031  0.00031  0.50   99178      30   99163  6234004  62.86
1990-1999       17      0.00037  0.00037  0.50   99147      37   99129  6134841  61.88
1990-1999       18      0.00032  0.00032  0.50   99110      32   99094  6035713  60.90
1990-1999       19      0.00045  0.00045  0.50   99078      45   99056  5936618  59.92
1990-1999       20      0.00043  0.00043  0.50   99033      43   99012  5837562  58.95
1990-1999       21      0.00038  0.00038  0.50   98991      37   98972  5738550  57.97
1990-1999       22      0.00046  0.00046  0.50   98953      46   98930  5639578  56.99
1990-1999       23      0.00036  0.00036  0.50   98908      36   98890  5540648  56.02
1990-1999       24      0.00039  0.00039  0.50   98872      39   98852  5441758  55.04
1990-1999       25      0.00042  0.00042  0.50   98833      41   98812  5342906  54.06
1990-1999       26      0.00041  0.00041  0.50   98792      40   98772  5244093  53.08
1990-1999       27      0.00037  0.00037  0.50   98752      37   98733  5145322  52.10
1990-1999       28      0.00035  0.00035  0.50   98715      35   98698  5046588  51.12
1990-1999       29      0.00054  0.00054  0.50   98680      53   98654  4947891  50.14
1990-1999       30      0.00046  0.00046  0.50   98627      45   98604  4849237  49.17
1990-1999       31      0.00047  0.00047  0.50   98582      46   98559  4750633  48.19
1990-1999       32      0.00058  0.00058  0.50   98536      57   98507  4652074  47.21
1990-1999       33      0.00065  0.00065  0.50   98479      64   98447  4553567  46.24
1990-1999       34      0.00066  0.00066  0.50   98415      65   98383  4455120  45.27
1990-1999       35      0.00076  0.00076  0.50   98350      75   98313  4356737  44.30
1990-1999       36      0.00092  0.00092  0.50   98275      91   98230  4258424  43.33
1990-1999       37      0.00093  0.00093  0.50   98185      91   98139  4160194  42.37
1990-1999       38      0.00125  0.00125  0.50   98093     122   98032  4062055  41.41
1990-1999       39      0.00104  0.00104  0.50   97971     102   97920  3964023  40.46
1990-1999       40      0.00138  0.00138  0.50   97869     135   97802  3866103  39.50
1990-1999       41      0.00161  0.00161  0.50   97734     157   97655  3768302  38.56
1990-1999       42      0.00159  0.00159  0.50   97577     155   97499  3670646  37.62
1990-1999       43      0.00169  0.00169  0.50   97422     165   97339  3573147  36.68
1990-1999       44      0.00205  0.00205  0.50   97257     199   97157  3475808  35.74
1990-1999       45      0.00230  0.00229  0.50   97058     223   96946  3378650  34.81
1990-1999       46      0.00225  0.00225  0.50   96835     218   96726  3281704  33.89
1990-1999       47      0.00288  0.00288  0.50   96617     278   96478  3184978  32.97
1990-1999       48      0.00295  0.00295  0.50   96339     284   96197  3088500  32.06
1990-1999       49      0.00320  0.00319  0.50   96055     307   95901  2992303  31.15
1990-1999       50      0.00349  0.00349  0.50   95748     334   95581  2896402  30.25
1990-1999       51      0.00380  0.00379  0.50   95414     362   95233  2800821  29.35
1990-1999       52      0.00428  0.00427  0.50   95053     406   94849  2705587  28.46
1990-1999       53      0.00446  0.00445  0.50   94646     421   94436  2610738  27.58
1990-1999       54      0.00484  0.00483  0.50   94226     455   93998  2516302  26.71
1990-1999       55      0.00503  0.00502  0.50   93770     471   93535  2422304  25.83
1990-1999       56      0.00533  0.00531  0.50   93299     496   93052  2328769  24.96
1990-1999       57      0.00589  0.00587  0.50   92804     545   92531  2235718  24.09
1990-1999       58      0.00640  0.00638  0.50   92259     589   91965  2143186  23.23
1990-1999       59      0.00693  0.00690  0.50   91670     633   91354  2051222  22.38
1990-1999       60      0.00764  0.00761  0.50   91038     693   90691  1959868  21.53
1990-1999       61      0.00869  0.00866  0.50   90344     782   89953  1869177  20.69
1990-1999       62      0.00960  0.00955  0.50   89562     855   89135  1779223  19.87
1990-1999       63      0.01007  0.01002  0.50   88707     889   88263  1690089  19.05
1990-1999       64      0.01126  0.01120  0.50   87818     983   87326  1601826  18.24
1990-1999       65      0.01210  0.01202  0.50   86835    1044   86313  1514500  17.44
1990-1999       66      0.01358  0.01349  0.50   85791    1157   85212  1428187  16.65
1990-1999       67      0.01557  0.01545  0.50   84633    1307   83980  1342975  15.87
1990-1999       68      0.01707  0.01693  0.50   83326    1411   82621  1258995  15.11
1990-1999       69      0.01872  0.01855  0.50   81915    1519   81156  1176374  14.36
1990-1999       70      0.02200  0.02176  0.50   80396    1749   79521  1095219  13.62
1990-1999       71      0.02344  0.02317  0.50   78647    1822   77736  1015697  12.91
1990-1999       72      0.02649  0.02614  0.50   76825    2008   75820   937962  12.21
1990-1999       73      0.03045  0.03000  0.50   74816    2244   73694   862141  11.52
1990-1999       74      0.03259  0.03207  0.50   72572    2327   71409   788447  10.86
1990-1999       75      0.03676  0.03610  0.50   70245    2536   68977   717038  10.21
1990-1999       76      0.04221  0.04134  0.50   67709    2799   66310   648061   9.57
1990-1999       77      0.04901  0.04784  0.50   64910    3105   63357   581751   8.96
1990-1999       78      0.05570  0.05419  0.50   61805    3349   60130   518394   8.39
1990-1999       79      0.06320  0.06126  0.50   58455    3581   56665   458264   7.84
1990-1999       80      0.06925  0.06693  0.50   54874    3673   53038   401599   7.32
1990-1999       81      0.08054  0.07742  0.50   51201    3964   49219   348561   6.81
1990-1999       82      0.08954  0.08571  0.50   47237    4049   45213   299342   6.34
1990-1999       83      0.10454  0.09934  0.50   43189    4291   41043   254129   5.88
1990-1999       84      0.11864  0.11200  0.50   38898    4356   36720   213086   5.48
1990-1999       85      0.12905  0.12123  0.50   34542    4187   32448   176366   5.11
1990-1999       86      0.14549  0.13562  0.50   30354    4117   28296   143918   4.74
1990-1999       87      0.15930  0.14755  0.50   26237    3871   24302   115622   4.41
1990-1999       88      0.18492  0.16927  0.50   22366    3786   20473    91321   4.08
1990-1999       89      0.19423  0.17704  0.50   18580    3289   16936    70847   3.81
1990-1999       90      0.22198  0.19980  0.50   15291    3055   13763    53912   3.53
1990-1999       91      0.24099  0.21507  0.50   12236    2632   10920    40148   3.28
1990-1999       92      0.26653  0.23519  0.50    9604    2259    8475    29229   3.04
1990-1999       93      0.27639  0.24283  0.50    7345    1784    6454    20754   2.83
1990-1999       94      0.34720  0.29584  0.50    5562    1645    4739    14300   2.57
1990-1999       95      0.35698  0.30291  0.50    3916    1186    3323     9561   2.44
1990-1999       96      0.38782  0.32483  0.50    2730     887    2287     6238   2.28
1990-1999       97      0.41960  0.34683  0.50    1843     639    1524     3951   2.14
1990-1999       98      0.45205  0.36871  0.50    1204     444     982     2428   2.02
1990-1999       99      0.48492  0.39029  0.50     760     297     612     1446   1.90
1990-1999      100      0.51792  0.41138  0.50     463     191     368      834   1.80
1990-1999      101      0.55076  0.43184  0.50     273     118     214      466   1.71
1990-1999      102      0.58316  0.45151  0.50     155      70     120      252   1.63
1990-1999      103      0.61487  0.47029  0.50      85      40      65      132   1.55
1990-1999      104      0.64562  0.48807  0.50      45      22      34       67   1.49
1990-1999      105      0.67522  0.50480  0.50      23      12      17       33   1.43
1990-1999      106      0.70348  0.52043  0.50      11       6       8       16   1.38
1990-1999      107      0.73027  0.53494  0.50       5       3       4        7   1.34
1990-1999      108      0.75547  0.54834  0.50       3       1       2        3   1.30
1990-1999      109      0.77904  0.56065  0.50       1       1       1        1   1.27
1990-1999      110+     0.80093  1.00000  1.25       1       1       1        1   1.25
2000-2009        0      0.00329  0.00328  0.14  100000     328   99718  8105842  81.06
2000-2009        1      0.00016  0.00016  0.50   99672      16   99664  8006124  80.32
2000-2009        2      0.00016  0.00016  0.50   99656      16   99648  7906460  79.34
2000-2009        3      0.00015  0.00015  0.50   99640      15   99633  7806812  78.35
2000-2009        4      0.00015  0.00015  0.50   99626      15   99618  7707178  77.36
2000-2009        5      0.00009  0.00009  0.50   99611       9   99607  7607560  76.37
2000-2009        6      0.00020  0.00020  0.50   99602      20   99592  7507953  75.38
2000-2009        7      0.00012  0.00012  0.50   99582      12   99576  7408361  74.39
2000-2009        8      0.00015  0.00015  0.50   99570      15   99563  7308785  73.40
2000-2009        9      0.00012  0.00012  0.50   99555      12   99549  7209222  72.41
2000-2009       10      0.00011  0.00011  0.50   99544      11   99538  7109673  71.42
2000-2009       11      0.00007  0.00007  0.50   99532       7   99529  7010135  70.43
2000-2009       12      0.00006  0.00006  0.50   99526       6   99523  6910606  69.44
2000-2009       13      0.00009  0.00009  0.50   99520       9   99515  6811083  68.44
2000-2009       14      0.00016  0.00016  0.50   99511      16   99502  6711568  67.45
2000-2009       15      0.00023  0.00023  0.50   99494      23   99483  6612065  66.46
2000-2009       16      0.00024  0.00024  0.50   99472      24   99460  6512582  65.47
2000-2009       17      0.00030  0.00030  0.50   99448      30   99433  6413123  64.49
2000-2009       18      0.00028  0.00028  0.50   99418      28   99404  6313690  63.51
2000-2009       19      0.00033  0.00033  0.50   99390      32   99374  6214286  62.52
2000-2009       20      0.00029  0.00029  0.50   99358      28   99344  6114911  61.54
2000-2009       21      0.00030  0.00030  0.50   99329      30   99314  6015568  60.56
2000-2009       22      0.00030  0.00030  0.50   99299      30   99285  5916253  59.58
2000-2009       23      0.00032  0.00032  0.50   99270      32   99254  5816969  58.60
2000-2009       24      0.00022  0.00022  0.50   99238      22   99227  5717715  57.62
2000-2009       25      0.00019  0.00019  0.50   99216      19   99207  5618488  56.63
2000-2009       26      0.00028  0.00028  0.50   99198      27   99184  5519281  55.64
2000-2009       27      0.00029  0.00029  0.50   99170      29   99156  5420097  54.65
2000-2009       28      0.00036  0.00036  0.50   99142      36   99124  5320941  53.67
2000-2009       29      0.00026  0.00026  0.50   99106      26   99093  5221817  52.69
2000-2009       30      0.00031  0.00031  0.50   99080      31   99064  5122724  51.70
2000-2009       31      0.00038  0.00038  0.50   99049      37   99030  5023660  50.72
2000-2009       32      0.00042  0.00042  0.50   99012      41   98991  4924629  49.74
2000-2009       33      0.00046  0.00046  0.50   98970      45   98948  4825638  48.76
2000-2009       34      0.00046  0.00046  0.50   98925      46   98902  4726691  47.78
2000-2009       35      0.00055  0.00055  0.50   98879      55   98852  4627789  46.80
2000-2009       36      0.00058  0.00058  0.50   98825      58   98796  4528937  45.83
2000-2009       37      0.00067  0.00067  0.50   98767      67   98734  4430141  44.85
2000-2009       38      0.00077  0.00077  0.50   98700      76   98662  4331407  43.88
2000-2009       39      0.00073  0.00073  0.50   98624      72   98588  4232745  42.92
2000-2009       40      0.00079  0.00079  0.50   98552      78   98513  4134157  41.95
2000-2009       41      0.00101  0.00101  0.50   98474      99   98425  4035643  40.98
2000-2009       42      0.00116  0.00115  0.50   98375     114   98318  3937219  40.02
2000-2009       43      0.00135  0.00135  0.50   98262     133   98195  3838900  39.07
2000-2009       44      0.00131  0.00131  0.50   98129     129   98065  3740705  38.12
2000-2009       45      0.00158  0.00158  0.50   98000     155   97923  3642640  37.17
2000-2009       46      0.00186  0.00186  0.50   97845     182   97754  3544718  36.23
2000-2009       47      0.00191  0.00191  0.50   97664     187   97570  3446963  35.29
2000-2009       48      0.00256  0.00255  0.50   97477     249   97352  3349393  34.36
2000-2009       49      0.00237  0.00237  0.50   97228     230   97113  3252040  33.45
2000-2009       50      0.00303  0.00303  0.50   96998     294   96851  3154928  32.53
2000-2009       51      0.00323  0.00322  0.50   96704     311   96548  3058077  31.62
2000-2009       52      0.00306  0.00305  0.50   96392     294   96245  2961529  30.72
2000-2009       53      0.00355  0.00354  0.50   96098     341   95928  2865284  29.82
2000-2009       54      0.00416  0.00415  0.50   95757     398   95559  2769356  28.92
2000-2009       55      0.00396  0.00396  0.50   95360     377   95171  2673797  28.04
2000-2009       56      0.00457  0.00456  0.50   94982     433   94766  2578626  27.15
2000-2009       57      0.00475  0.00474  0.50   94549     448   94325  2483860  26.27
2000-2009       58      0.00533  0.00532  0.50   94101     500   93851  2389535  25.39
2000-2009       59      0.00511  0.00509  0.50   93601     477   93362  2295684  24.53
2000-2009       60      0.00556  0.00554  0.50   93124     516   92866  2202322  23.65
2000-2009       61      0.00625  0.00623  0.50   92608     577   92319  2109456  22.78
2000-2009       62      0.00691  0.00689  0.50   92031     634   91714  2017136  21.92
2000-2009       63      0.00786  0.00782  0.50   91397     715   91039  1925422  21.07
2000-2009       64      0.00814  0.00811  0.50   90682     735   90314  1834383  20.23
2000-2009       65      0.00879  0.00875  0.50   89947     787   89553  1744069  19.39
2000-2009       66      0.00981  0.00976  0.50   89160     870   88725  1654515  18.56
2000-2009       67      0.01052  0.01047  0.50   88290     924   87828  1565791  17.73
2000-2009       68      0.01221  0.01214  0.50   87366    1061   86835  1477963  16.92
2000-2009       69      0.01399  0.01389  0.50   86305    1199   85706  1391128  16.12
2000-2009       70      0.01480  0.01469  0.50   85106    1250   84481  1305422  15.34
2000-2009       71      0.01819  0.01802  0.50   83856    1511   83100  1220941  14.56
2000-2009       72      0.01976  0.01956  0.50   82345    1611   81539  1137841  13.82
2000-2009       73      0.02163  0.02140  0.50   80734    1728   79870  1056301  13.08
2000-2009       74      0.02466  0.02436  0.50   79006    1924   78044   976432  12.36
2000-2009       75      0.02804  0.02765  0.50   77081    2131   76016   898388  11.66
2000-2009       76      0.03151  0.03102  0.50   74950    2325   73788   822372  10.97
2000-2009       77      0.03507  0.03447  0.50   72625    2503   71373   748585  10.31
2000-2009       78      0.03980  0.03902  0.50   70122    2736   68754   677211   9.66
2000-2009       79      0.04660  0.04554  0.50   67385    3068   65851   608458   9.03
2000-2009       80      0.05325  0.05187  0.50   64317    3336   62649   542606   8.44
2000-2009       81      0.06019  0.05843  0.50   60981    3563   59199   479958   7.87
2000-2009       82      0.06902  0.06671  0.50   57418    3831   55502   420758   7.33
2000-2009       83      0.07837  0.07542  0.50   53587    4041   51566   365256   6.82
2000-2009       84      0.08783  0.08413  0.50   49546    4168   47461   313690   6.33
2000-2009       85      0.10217  0.09721  0.50   45377    4411   43172   266228   5.87
2000-2009       86      0.11168  0.10578  0.50   40966    4333   38800   223057   5.44
2000-2009       87      0.12914  0.12131  0.50   36633    4444   34411   184257   5.03
2000-2009       88      0.14740  0.13728  0.50   32189    4419   29980   149846   4.66
2000-2009       89      0.16555  0.15289  0.50   27770    4246   25647   119866   4.32
2000-2009       90      0.18881  0.17252  0.50   23524    4058   21495    94219   4.01
2000-2009       91      0.19963  0.18151  0.50   19466    3533   17699    72724   3.74
2000-2009       92      0.22619  0.20321  0.50   15932    3238   14314    55025   3.45
2000-2009       93      0.25224  0.22399  0.50   12695    2844   11273    40712   3.21
2000-2009       94      0.26599  0.23477  0.50    9851    2313    8695    29439   2.99
2000-2009       95      0.30469  0.26441  0.50    7538    1993    6542    20744   2.75
2000-2009       96      0.33436  0.28647  0.50    5545    1589    4751    14202   2.56
2000-2009       97      0.36540  0.30895  0.50    3957    1222    3345     9451   2.39
2000-2009       98      0.39760  0.33166  0.50    2734     907    2281     6105   2.23
2000-2009       99      0.43071  0.35439  0.50    1827     648    1504     3825   2.09
2000-2009      100      0.46445  0.37692  0.50    1180     445     957     2321   1.97
2000-2009      101      0.49852  0.39905  0.50     735     293     588     1364   1.85
2000-2009      102      0.53260  0.42060  0.50     442     186     349      775   1.75
2000-2009      103      0.56638  0.44139  0.50     256     113     199      426   1.67
2000-2009      104      0.59956  0.46128  0.50     143      66     110      227   1.59
2000-2009      105      0.63185  0.48015  0.50      77      37      59      117   1.52
2000-2009      106      0.66299  0.49793  0.50      40      20      30       58   1.45
2000-2009      107      0.69279  0.51455  0.50      20      10      15       28   1.40
2000-2009      108      0.72106  0.52998  0.50      10       5       7       13   1.35
2000-2009      109      0.74767  0.54422  0.50       5       2       3        6   1.32
2000-2009      110+     0.77255  1.00000  1.29       2       2       3        3   1.29
2010-2014        0      0.00232  0.00232  0.14  100000     232   99802  8304903  83.05
2010-2014        1      0.00019  0.00019  0.50   99768      19   99759  8205101  82.24
2010-2014        2      0.00019  0.00019  0.50   99750      19   99740  8105343  81.26
2010-2014        3      0.00013  0.00013  0.50   99731      13   99724  8005602  80.27
2010-2014        4      0.00018  0.00018  0.50   99718      18   99709  7905878  79.28
2010-2014        5      0.00006  0.00006  0.50   99700       6   99697  7806169  78.30
2010-2014        6      0.00008  0.00008  0.50   99694       8   99690  7706472  77.30
2010-2014        7      0.00009  0.00009  0.50   99686       9   99681  7606782  76.31
2010-2014        8      0.00007  0.00007  0.50   99677       7   99674  7507100  75.31
2010-2014        9      0.00005  0.00005  0.50   99670       5   99668  7407427  74.32
2010-2014       10      0.00009  0.00009  0.50   99666       9   99661  7307759  73.32
2010-2014       11      0.00007  0.00007  0.50   99657       7   99653  7208098  72.33
2010-2014       12      0.00007  0.00007  0.50   99650       7   99647  7108444  71.33
2010-2014       13      0.00007  0.00007  0.50   99643       7   99640  7008798  70.34
2010-2014       14      0.00018  0.00018  0.50   99637      18   99628  6909158  69.34
2010-2014       15      0.00006  0.00006  0.50   99619       6   99616  6809530  68.36
2010-2014       16      0.00008  0.00008  0.50   99613       8   99608  6709914  67.36
2010-2014       17      0.00012  0.00012  0.50   99604      12   99598  6610306  66.37
2010-2014       18      0.00008  0.00008  0.50   99592       8   99588  6510708  65.37
2010-2014       19      0.00033  0.00033  0.50   99584      33   99567  6411120  64.38
2010-2014       20      0.00011  0.00011  0.50   99551      11   99545  6311553  63.40
2010-2014       21      0.00031  0.00031  0.50   99539      31   99524  6212008  62.41
2010-2014       22      0.00026  0.00026  0.50   99509      26   99496  6112484  61.43
2010-2014       23      0.00021  0.00021  0.50   99483      21   99472  6012989  60.44
2010-2014       24      0.00022  0.00022  0.50   99462      22   99450  5913516  59.46
2010-2014       25      0.00012  0.00012  0.50   99439      12   99433  5814066  58.47
2010-2014       26      0.00015  0.00015  0.50   99427      15   99419  5714633  57.48
2010-2014       27      0.00021  0.00021  0.50   99412      21   99401  5615214  56.48
2010-2014       28      0.00010  0.00010  0.50   99391      10   99386  5515812  55.50
2010-2014       29      0.00023  0.00023  0.50   99381      23   99369  5416426  54.50
2010-2014       30      0.00026  0.00026  0.50   99358      26   99345  5317057  53.51
2010-2014       31      0.00025  0.00025  0.50   99332      24   99320  5217712  52.53
2010-2014       32      0.00035  0.00035  0.50   99308      35   99290  5118392  51.54
2010-2014       33      0.00032  0.00032  0.50   99273      32   99257  5019102  50.56
2010-2014       34      0.00036  0.00036  0.50   99241      36   99223  4919845  49.57
2010-2014       35      0.00048  0.00048  0.50   99205      48   99181  4820622  48.59
2010-2014       36      0.00054  0.00054  0.50   99157      54   99130  4721440  47.62
2010-2014       37      0.00056  0.00056  0.50   99104      55   99076  4622310  46.64
2010-2014       38      0.00041  0.00041  0.50   99048      41   99028  4523234  45.67
2010-2014       39      0.00053  0.00053  0.50   99007      53   98981  4424206  44.69
2010-2014       40      0.00055  0.00055  0.50   98955      54   98927  4325225  43.71
2010-2014       41      0.00082  0.00082  0.50   98900      81   98860  4226298  42.73
2010-2014       42      0.00083  0.00083  0.50   98819      82   98779  4127438  41.77
2010-2014       43      0.00091  0.00091  0.50   98738      90   98693  4028660  40.80
2010-2014       44      0.00114  0.00114  0.50   98648     112   98592  3929967  39.84
2010-2014       45      0.00140  0.00139  0.50   98535     137   98467  3831375  38.88
2010-2014       46      0.00114  0.00114  0.50   98398     112   98342  3732908  37.94
2010-2014       47      0.00140  0.00140  0.50   98286     137   98217  3634567  36.98
2010-2014       48      0.00161  0.00161  0.50   98148     158   98069  3536350  36.03
2010-2014       49      0.00192  0.00192  0.50   97990     188   97896  3438280  35.09
2010-2014       50      0.00191  0.00191  0.50   97802     187   97708  3340384  34.15
2010-2014       51      0.00214  0.00214  0.50   97615     209   97511  3242676  33.22
2010-2014       52      0.00247  0.00247  0.50   97406     240   97286  3145165  32.29
2010-2014       53      0.00271  0.00270  0.50   97166     263   97034  3047879  31.37
2010-2014       54      0.00261  0.00261  0.50   96903     253   96777  2950845  30.45
2010-2014       55      0.00315  0.00314  0.50   96650     304   96498  2854068  29.53
2010-2014       56      0.00371  0.00370  0.50   96347     356   96168  2757570  28.62
2010-2014       57      0.00446  0.00445  0.50   95990     427   95776  2661401  27.73
2010-2014       58      0.00434  0.00433  0.50   95563     414   95356  2565625  26.85
2010-2014       59      0.00468  0.00467  0.50   95149     444   94926  2470269  25.96
2010-2014       60      0.00479  0.00478  0.50   94704     453   94478  2375343  25.08
2010-2014       61      0.00604  0.00602  0.50   94252     567   93968  2280865  24.20
2010-2014       62      0.00600  0.00598  0.50   93684     560   93404  2186897  23.34
2010-2014       63      0.00605  0.00603  0.50   93124     561   92843  2093493  22.48
2010-2014       64      0.00686  0.00684  0.50   92563     633   92246  2000649  21.61
2010-2014       65      0.00722  0.00720  0.50   91930     662   91599  1908403  20.76
2010-2014       66      0.00777  0.00774  0.50   91268     706   90915  1816804  19.91
2010-2014       67      0.00847  0.00843  0.50   90562     763   90180  1725889  19.06
2010-2014       68      0.00991  0.00986  0.50   89799     886   89356  1635708  18.22
2010-2014       69      0.01081  0.01075  0.50   88913     956   88435  1546353  17.39
2010-2014       70      0.01184  0.01177  0.50   87957    1035   87439  1457918  16.58
2010-2014       71      0.01242  0.01235  0.50   86922    1073   86385  1370478  15.77
2010-2014       72      0.01385  0.01376  0.50   85848    1181   85258  1284093  14.96
2010-2014       73      0.01593  0.01581  0.50   84667    1338   83998  1198835  14.16
2010-2014       74      0.01834  0.01817  0.50   83329    1514   82572  1114837  13.38
2010-2014       75      0.01993  0.01974  0.50   81815    1615   81007  1032266  12.62
2010-2014       76      0.02520  0.02489  0.50   80200    1996   79202   951258  11.86
2010-2014       77      0.02732  0.02695  0.50   78204    2107   77150   872056  11.15
2010-2014       78      0.03243  0.03191  0.50   76097    2429   74882   794906  10.45
2010-2014       79      0.03802  0.03731  0.50   73668    2748   72294   720024   9.77
2010-2014       80      0.04264  0.04175  0.50   70920    2961   69439   647730   9.13
2010-2014       81      0.04966  0.04845  0.50   67959    3293   66312   578290   8.51
2010-2014       82      0.05658  0.05502  0.50   64666    3558   62887   511978   7.92
2010-2014       83      0.06321  0.06127  0.50   61108    3744   59236   449091   7.35
2010-2014       84      0.07567  0.07291  0.50   57363    4182   55272   389856   6.80
2010-2014       85      0.08521  0.08173  0.50   53181    4347   51008   334583   6.29
2010-2014       86      0.09792  0.09335  0.50   48835    4559   46555   283576   5.81
2010-2014       87      0.11548  0.10918  0.50   44276    4834   41859   237020   5.35
2010-2014       88      0.13232  0.12411  0.50   39442    4895   36994   195162   4.95
2010-2014       89      0.15098  0.14039  0.50   34547    4850   32122   158167   4.58
2010-2014       90      0.16442  0.15193  0.50   29697    4512   27441   126045   4.24
2010-2014       91      0.18769  0.17159  0.50   25185    4321   23024    98605   3.92
2010-2014       92      0.21995  0.19816  0.50   20864    4134   18796    75580   3.62
2010-2014       93      0.22493  0.20219  0.50   16729    3383   15038    56784   3.39
2010-2014       94      0.23862  0.21318  0.50   13347    2845   11924    41746   3.13
2010-2014       95      0.28884  0.25239  0.50   10501    2651    9176    29822   2.84
2010-2014       96      0.31976  0.27569  0.50    7851    2164    6769    20645   2.63
2010-2014       97      0.35235  0.29958  0.50    5687    1704    4835    13877   2.44
2010-2014       98      0.38638  0.32382  0.50    3983    1290    3338     9042   2.27
2010-2014       99      0.42155  0.34816  0.50    2693     938    2224     5704   2.12
2010-2014      100      0.45753  0.37235  0.50    1756     654    1429     3479   1.98
2010-2014      101      0.49397  0.39613  0.50    1102     436     884     2051   1.86
2010-2014      102      0.53047  0.41926  0.50     665     279     526     1167   1.75
2010-2014      103      0.56664  0.44154  0.50     386     171     301      641   1.66
2010-2014      104      0.60212  0.46279  0.50     216     100     166      340   1.58
2010-2014      105      0.63656  0.48287  0.50     116      56      88      174   1.50
2010-2014      106      0.66965  0.50168  0.50      60      30      45       86   1.44
2010-2014      107      0.70114  0.51915  0.50      30      16      22       41   1.38
2010-2014      108      0.73084  0.53525  0.50      14       8      11       19   1.34
2010-2014      109      0.75860  0.54999  0.50       7       4       5        9   1.30
2010-2014      110+     0.78435  1.00000  1.27       3       3       4        4   1.27
